true_class,prediction_scores,predicted_class
1,0.7707024696744664,1
1,0.9818378072777508,1
1,0.9980056041446425,1
1,0.8734981974722971,1
1,0.7457389692961335,1
1,0.6389787837082943,1
1,0.43649132589587547,0
1,0.6133482140368519,1
1,0.38092172508234645,0
1,0.9879830794155714,1
1,0.8298852705895248,1
1,0.9747741162471663,1
1,0.8103352858459775,1
1,0.8243027788437343,1
1,0.9537471114947665,1
1,0.8567701300171416,1
1,0.9749148103621543,1
1,0.7015190408911391,1
1,0.9242284281187868,1
1,0.8472273302861468,1
1,0.7792105209333127,1
1,0.9325428965696909,1
1,0.27556390197823555,0
1,0.740489196804758,1
1,0.7207593385766458,1
1,0.9656265387305649,1
1,0.9319262095369157,1
1,0.9618681458791389,1
1,0.5089081785433387,1
1,0.9148068346054706,1
1,0.7399321755504584,1
1,0.9441285041028685,1
1,0.3089688836586039,0
1,0.4922239223041482,1
1,0.9931230050688452,1
1,0.9826814181064867,1
1,0.7521161070855158,1
1,0.6910971240755236,1
1,0.8934036001043111,1
1,0.9366429564652956,1
1,0.7173654183875809,1
1,0.5410436700961067,1
1,0.7836628760953801,1
1,0.7354930931783661,1
1,0.8485886571117386,1
1,0.9009430429610538,1
1,0.6243054171940838,1
1,0.6764618915466754,1
1,0.9659624704226801,1
1,0.6970959818439393,1
1,0.6872537674263399,1
1,0.8336322188363434,1
1,0.9432159196359539,1
1,0.5864878944361521,1
1,0.9936073584659507,1
1,0.0909551695893976,0
1,0.6892073254024415,1
1,0.903285847999177,1
1,0.18918367960434165,0
1,0.9209088380598363,1
1,0.7087630224642403,1
1,0.9588812757519324,1
1,0.5675426306398972,1
1,0.3654356336136434,0
1,0.9957562838865069,1
1,0.9690991867120469,1
1,0.6579489205833305,1
1,0.9262836023690901,1
1,0.7647738526787647,1
1,0.8647002087797158,1
1,0.926015181754439,1
1,0.8556957528114445,1
1,0.9910736926170832,1
1,0.8560246869714487,1
1,0.1915071445606443,0
1,0.9486253228843488,1
1,0.9819235291838587,1
1,0.868113752961089,1
1,0.07605588644340182,0
1,0.8500816427415259,1
1,0.9931176725993649,1
1,0.9352498468029762,1
1,0.8914584980621053,1
1,0.6466972350029281,1
1,0.5524120660536942,1
1,0.7108946125837599,1
1,0.7570739881243769,1
1,0.9763730928216616,1
1,0.9314862864058219,1
1,0.9885445420660408,1
1,0.43471138677338445,0
1,0.9098051732047198,1
1,0.11628080480458976,0
1,0.9042177698208961,1
1,0.7205407537143713,1
1,0.9705439487880749,1
1,0.8126936003371852,1
1,0.9916009047557685,1
1,0.9979347853416947,1
1,0.3161440914370386,0
1,0.5908701923388164,1
1,0.8826087769167609,1
1,0.8492005005984612,1
1,0.9111892234652109,1
1,0.9795967053607035,1
1,0.9934997208470269,1
1,0.5131704521546134,1
1,0.9015750555287123,1
1,0.9807149608129417,1
1,0.9827087035209411,1
1,0.22480149490383536,0
1,0.9429012646514067,1
1,0.869732043433619,1
1,0.988941961830424,1
1,0.5979768891733173,1
1,0.001228746074629928,0
1,0.9308403655911399,1
1,0.9783349462560378,1
1,0.9689848727211482,1
1,0.8646595853515311,1
1,0.9633005096816175,1
1,0.957626064580958,1
1,0.5710711828780127,1
1,0.5348452418521459,1
1,0.19819458671718929,0
1,0.9007643189430498,1
1,0.9772363889374452,1
1,0.9844759504211912,1
1,0.8115975612079853,1
1,0.7884844649833737,1
1,0.6185732172831184,1
1,0.9665234196730931,1
1,0.8064939982449826,1
1,0.9379926019913419,1
1,0.8689711439127148,1
1,0.8962252943530903,1
1,0.9986979011679618,1
1,0.8947828341781437,1
1,0.09582520657756767,0
1,0.9388931764177133,1
1,0.9656170969729719,1
1,0.9262560111053739,1
1,0.6970756824782564,1
1,0.8482828688488983,1
1,0.8872733568846534,1
1,0.2954351099690602,0
1,0.35275994373260755,0
1,0.9741906802154139,1
1,0.3877713132549655,0
1,0.775392766050551,1
1,0.9600940015343917,1
1,0.2200487436335784,0
1,0.7847543599284121,1
1,0.9465193783027332,1
1,0.13312230526387958,0
1,0.853723433086131,1
1,0.758002273039498,1
1,0.40918591017334144,0
1,0.4213830190532435,0
1,0.9048899411686152,1
1,0.6008992963940452,1
1,0.9730035269142596,1
1,0.5637136624111745,1
1,0.9894797315558377,1
1,0.9341333490028424,1
1,0.762758960330348,1
1,0.9642902575399006,1
1,0.8892568855815117,1
1,0.751611587783674,1
1,0.956397407434691,1
1,0.9530202322007076,1
1,0.9922394941017478,1
1,0.8459171574323923,1
1,0.887648644661759,1
1,0.9832912763607365,1
1,0.9624115369611338,1
1,0.7067461152379242,1
1,0.8983537083917164,1
1,0.6240745192342984,1
1,0.9378346917793116,1
1,0.8946381270169456,1
1,0.3529320388592753,0
1,0.9234059007709857,1
1,0.20280600392772624,0
1,0.6351067563868167,1
1,0.9262867114223025,1
1,0.7797681497889545,1
1,0.971948784011284,1
1,0.919395377820735,1
1,0.5063709554926007,1
1,0.7490216215059866,1
1,0.8699988094782575,1
1,0.93580741302308,1
1,0.26789053865201845,0
1,0.7065943376868992,1
1,0.7312638391467421,1
1,0.680589090578376,1
1,0.8362869221571079,1
1,0.9385533685718531,1
1,0.49128200443567666,0
1,0.6189190447556178,1
1,0.11892378272006028,0
1,0.9716022964141054,1
1,0.8545900196469185,1
1,0.16969778229533594,0
1,0.7794170023506813,1
1,0.5370334333241005,1
1,0.8091330638206455,1
1,0.9671138028836817,1
1,0.9026942781961192,1
1,0.05799074543088631,0
1,0.9801059782880331,1
1,0.9738526623061645,1
1,0.28030833725178833,0
1,0.7786157275685295,1
1,0.8762990182356398,1
1,0.4219052184389942,0
1,0.9260242877145343,1
1,0.7060180005535095,1
1,0.2399230423396625,0
1,0.9798063343709005,1
1,0.9290939562273065,1
1,0.8499777238659715,1
1,0.9268009146171865,1
1,0.4746618721088171,0
1,0.8418407657091721,1
1,0.9137656359487909,1
1,0.7399805888015045,1
1,0.9753018731337035,1
1,0.9340918731368671,1
1,0.8313600809350642,1
1,0.9837622991626948,1
1,0.9460435787740523,1
1,0.9541450915514409,1
1,0.43616581679067884,0
1,0.9137441429284535,1
1,0.7039767224585349,1
1,0.9273493643081767,1
1,0.9425871249357259,1
1,0.5575509471888067,1
1,0.7604596192498486,1
1,0.9480396251428316,1
1,0.9683719539982052,1
1,0.9625863653576523,1
1,0.8802496132322299,1
1,0.9948355443009156,1
1,0.8621005441303683,1
1,0.1939265474013382,0
1,0.47809064671567575,0
1,0.9031467191852046,1
1,0.3590200499414596,0
1,0.8800387745141763,1
1,0.7296589082378915,1
1,0.6486151472989371,1
1,0.8689304292119427,1
1,0.8277961993051588,1
1,0.9727023612179356,1
1,0.043633721154649384,0
1,0.9873416553350918,1
1,0.9615583882228403,1
1,0.8625878014315354,1
1,0.9619036470346339,1
1,0.24741499835702363,0
1,0.25601164384935077,0
1,0.8522631233821214,1
1,0.8091686816799176,1
1,0.9647370721079294,1
1,0.1590947810114668,0
1,0.862105761371821,1
1,0.9177875248896248,1
1,0.9795691210514723,1
1,0.7134272067061924,1
1,0.981203390047852,1
1,0.7796860862875042,1
1,0.9918210450773695,1
1,0.9358441990377702,1
1,0.980397426085806,1
1,0.9572450854948713,1
1,0.8396777458214704,1
1,0.9988080865747717,1
1,0.9988170011960653,1
1,0.3680412046181049,0
1,0.8061029051215836,1
1,0.4812700272688581,0
1,0.9071230409263895,1
1,0.9905744261570121,1
1,0.99886942427999,1
1,0.8043060398396333,1
1,0.9229770298180584,1
1,0.9114269728659721,1
1,0.20580422831884074,0
1,0.3563229036072427,0
1,0.14299805469324214,0
1,0.7430040488813048,1
1,0.9771642671276378,1
1,0.8139005452266536,1
1,0.9673522754925064,1
1,0.9732081891835025,1
1,0.6505124849833807,1
1,0.7932127837624164,1
1,0.9391363593401648,1
1,0.908042289708386,1
1,0.9791863696280336,1
1,0.8804588762800782,1
1,0.9858056759982454,1
1,0.9064581732999247,1
1,0.5559583208893232,1
1,0.6785271970176603,1
1,0.38391856001915947,0
1,0.7182607083787466,1
1,0.30615068779060195,0
1,0.8320089796732515,1
1,0.28979861050403427,0
1,0.9847450095491125,1
1,0.8193242124412173,1
1,0.8540683080624362,1
1,0.6282043056497861,1
1,0.9350946764392608,1
1,0.9146849776775143,1
1,0.9658738327968939,1
1,0.9841307319960484,1
1,0.36897062359099736,0
1,0.6594250618024348,1
1,0.9200750540856697,1
1,0.8021244299551665,1
1,0.9548407790259233,1
1,0.9935535227317704,1
1,0.5846506141412664,1
1,0.8934688398289535,1
1,0.9785259449460393,1
1,0.4632732397260778,0
1,0.8376549159868492,1
1,0.7835364658563422,1
1,0.7824839851309974,1
1,0.9621886119813253,1
1,0.8799222567178235,1
1,0.8774333146939186,1
1,0.6012334014110959,1
1,0.9516141909666311,1
1,0.9861951725258779,1
1,0.8674822751023856,1
1,0.3925126246151304,0
1,0.9505874704571606,1
1,0.9768267056928479,1
1,0.9910182407364417,1
1,0.8555910315201846,1
1,0.9204188548265931,1
1,0.9329608293289999,1
1,0.9636839883332928,1
1,0.9881843042967383,1
1,0.6655493248229208,1
1,0.8806571056754523,1
1,0.8216216532083057,1
1,0.9065701463796557,1
1,0.5017440505825074,1
1,0.9625194919764707,1
1,0.9456165632082135,1
1,0.5872530509804353,1
1,0.19807699992923233,0
1,0.43565542648210337,0
1,0.9587809381219643,1
1,0.9931629477818156,1
1,0.9698802422693684,1
1,0.9575033615678863,1
1,0.6877664385223803,1
1,0.8212716610015481,1
1,0.8424580177035222,1
1,0.0864878147041916,0
1,0.8669083647105407,1
1,0.6644956488712194,1
1,0.9202471973636873,1
1,0.9199111261315662,1
1,0.7229134785619998,1
1,0.7707270393010779,1
1,0.811486107227938,1
1,0.8446580317288951,1
1,0.5741811191820698,1
1,0.9894293132191075,1
1,0.8142582170178856,1
1,0.8564279518431208,1
1,0.8135544513938237,1
1,0.9865978382237807,1
1,0.8883569458485455,1
1,0.6645706591174002,1
1,0.8937461892178233,1
1,0.8662263443237413,1
1,0.9749898304953952,1
1,0.9242214739991539,1
1,0.45148945739980356,0
1,0.9987850868570066,1
1,0.9080852450136527,1
1,0.5098468660980027,1
1,0.9299577717383268,1
1,0.9488449964895904,1
1,0.9683656356057999,1
1,0.7204127623497723,1
1,0.05745868658520786,0
1,0.8684105715232722,1
1,0.6080467218554599,1
1,0.9787355240914185,1
1,0.8353894376469936,1
1,0.9439976165960895,1
1,0.9797009038168047,1
1,0.9873426249833044,1
1,0.6743950842908568,1
1,0.5487125241415559,1
1,0.7545936031085287,1
1,0.32451383600701783,0
1,0.5833763219040865,1
1,0.9126917403472611,1
1,0.8690098419305177,1
1,0.2205651492313113,0
1,0.19815499901068298,0
1,0.26395633765699883,0
1,0.9132068409697024,1
1,0.6214080207563011,1
1,0.9133822100036507,1
1,0.9496404978025709,1
1,0.9551043731483079,1
1,0.9951853634506325,1
1,0.9483110845639608,1
1,0.9842228352021433,1
1,0.44251913664055387,0
1,0.9702272530359672,1
1,0.994149689327957,1
1,0.6107860269731165,1
1,0.649053390192631,1
1,0.7388419417434997,1
1,0.8310728123607479,1
1,0.17610807900588707,0
1,0.9846948866592986,1
1,0.8515849599049767,1
1,0.7167373418264029,1
1,0.8238573256446944,1
1,0.9953250067183543,1
1,0.897837086434194,1
1,0.9005564795029075,1
1,0.3832976736116897,0
1,0.8388868396877416,1
1,0.8547211827434587,1
1,0.8529560574269841,1
1,0.9864029243521251,1
1,0.7292637355090655,1
1,0.9996938459740108,1
1,0.9092899348011986,1
1,0.9826477875632482,1
1,0.9592861401999886,1
1,0.9487847583570036,1
1,0.7210972542700108,1
1,0.7918522779815814,1
1,0.8784518402091731,1
1,0.6172171458226201,1
1,0.995876027759721,1
1,0.9609762220076898,1
1,0.9942409451178588,1
1,0.13512787903277027,0
1,0.9647883169663978,1
1,0.991191205256661,1
1,0.5601689663318964,1
1,0.3766211922980415,0
1,0.6425216239848455,1
1,0.8850368054078163,1
1,0.9723462868661723,1
1,0.6322473409126701,1
1,0.5234738576349155,1
1,0.8644254242267172,1
1,0.6165254377109338,1
1,0.3266960427571786,0
1,0.8817327167672471,1
1,0.9901108408303583,1
1,0.9090039071321039,1
1,0.9765329008824888,1
1,0.5062667940562773,1
1,0.9877324290920506,1
1,0.8276040581869024,1
1,0.9355151440522982,1
1,0.8518817695750033,1
1,0.9523364217513529,1
1,0.8916272413774667,1
1,0.83408087407849,1
1,0.8861082620051232,1
1,0.5266021882049465,1
1,0.8978731246094118,1
1,0.29108170743754325,0
1,0.9273660345478694,1
1,0.9632017809840663,1
1,0.7315235822287088,1
1,0.9877746606393669,1
1,0.9941053854190959,1
1,0.8802271561561427,1
1,0.8530784762704492,1
1,0.9406964341102563,1
1,0.19644951858039833,0
1,0.4958592482944701,1
1,0.9659787547576021,1
1,0.9563947638591684,1
1,0.9848237917744256,1
1,0.7777742435868371,1
1,0.33601568991078096,0
1,0.822916204059368,1
1,0.8164627477325028,1
1,0.8659944388519216,1
1,0.9639807320339963,1
1,0.9245121495139411,1
1,0.05650644717239848,0
1,0.8020009325685595,1
1,0.9737959672411606,1
1,0.7876805814593654,1
1,0.36140997008430215,0
1,0.47442303706510625,0
1,0.13548518289600633,0
1,0.9642591727741872,1
1,0.6079605343027479,1
0,0.04459461762313416,0
0,0.08382967894953487,0
0,0.00292855927415507,0
0,0.3997853224289106,0
0,0.029940617493460105,0
0,0.3497409817448099,0
0,0.24661812390023274,0
0,0.039567490176391995,0
0,0.8771672308277407,1
0,0.21236496418810916,0
0,0.22458553491886674,0
0,0.09291373618683593,0
0,0.0061623772778603555,0
0,0.5196508153195443,1
0,0.02938987217537825,0
0,0.08578694914510702,0
0,0.13142881768369855,0
0,0.2396119995066069,0
0,0.1506679788011725,0
0,0.2319750558628375,0
0,0.3500881732481115,0
0,0.2803535711336097,0
0,0.5223710048039336,1
0,0.24831487108001835,0
0,0.3280083138567387,0
0,0.10150494268004763,0
0,0.012743052552312993,0
0,0.09721162234427155,0
0,0.01561740405838053,0
0,0.5820039767268925,1
0,0.3569242874841052,0
0,0.05483935532239343,0
0,0.24531217912372788,0
0,0.7897955624452415,1
0,0.06351549930855628,0
0,0.6823794890298938,1
0,0.07146375785100775,0
0,0.3464717135350706,0
0,0.01998199875435197,0
0,0.5663166839341225,1
0,0.5021125920604571,1
0,0.4402725033338637,0
0,0.009268016767021752,0
0,0.019627716876881276,0
0,0.3697154574345345,0
0,0.20921219027533952,0
0,0.4680414290851086,0
0,0.46535135054302557,0
0,0.7784787775378701,1
0,0.31972586933944186,0
0,0.027274393304430242,0
0,0.012851006766923308,0
0,0.7161740085389662,1
0,0.10186450313944015,0
0,0.9876955098348782,1
0,0.5493211640596294,1
0,0.15378094614155166,0
0,0.1932989903518644,0
0,0.07429300029497043,0
0,0.12139080932267701,0
0,0.5033725131711128,1
0,0.06079300600830152,0
0,0.7730069339009135,1
0,0.2110314197624348,0
0,0.164664518587942,0
0,0.10265100981941962,0
0,0.11371171058564496,0
0,0.027483464038648042,0
0,0.3085451208949658,0
0,0.06291555227351618,0
0,0.0915495903941126,0
0,0.14654994025021892,0
0,0.6806276239884429,1
0,0.022823161935412534,0
0,0.019272082877332168,0
0,0.34735144234226406,0
0,0.1718464205941704,0
0,0.008366703040447522,0
0,0.15136417630998916,0
0,0.21843009364227065,0
0,0.08979206011094762,0
0,0.2292628467702271,0
0,0.029909935382785798,0
0,0.2500166244424511,0
0,0.03925999982109208,0
0,0.05563406975607218,0
0,0.03874218808367306,0
0,0.03760727427476977,0
0,0.08991449578778059,0
0,0.2441747005854329,0
0,0.11103816136802525,0
0,0.4780390056407178,0
0,0.19913156385628514,0
0,0.4703830417090483,0
0,0.02931451794687732,0
0,0.8336008712183485,1
0,0.3997060640807782,0
0,0.16130219107917326,0
0,0.0858741516316728,0
0,0.02126904372121016,0
0,0.01110353438994197,0
0,0.07043067368203894,0
0,0.027281231262590907,0
0,0.022610377789184687,0
0,0.5927611955275042,1
0,0.260440238647459,0
0,0.07742132706281668,0
0,0.018866411955125766,0
0,0.41648435445803583,0
0,0.7412155674274923,1
0,0.3695132358929241,0
0,0.609962783447266,1
0,0.33045866372245364,0
0,0.08013685149505312,0
0,0.0549935292657348,0
0,0.15257885717576225,0
0,0.5965899259396297,1
0,0.2382814130014792,0
0,0.04936785984248157,0
0,0.0684256701207337,0
0,0.07425648501860106,0
0,0.5922966537695471,1
0,0.2248106260914024,0
0,0.7339473226761315,1
0,0.12793688292943645,0
0,0.6864147781886397,1
0,0.3015801429984964,0
0,0.2987827046044801,0
0,0.058799554576146294,0
0,0.053079723198599195,0
0,0.0018289674799805077,0
0,0.3707460318279316,0
0,0.24661598369456766,0
0,0.13445971627238235,0
0,0.0843657621970807,0
0,0.1482947376099189,0
0,0.17593596494975136,0
0,0.07337794682525216,0
0,0.411504350890804,0
0,0.04323760865104271,0
0,0.18150062479783977,0
0,0.6566482990152606,1
0,0.049187133200944484,0
0,0.10771018518378202,0
0,0.004563697916592592,0
0,0.011710221400453635,0
0,0.08303847989552073,0
0,0.11270416419960905,0
0,0.10497042913099562,0
0,0.35205467579476274,0
0,0.062189683539290976,0
0,0.06378615018863237,0
0,0.8198847758930459,1
0,0.07332966126563965,0
0,0.17318929021572785,0
0,0.09811983776745926,0
0,0.24023810357389494,0
0,0.45069813564936684,0
0,0.0401328440719083,0
0,0.12755951684179745,0
0,0.03619391248334946,0
0,0.35179437911006983,0
0,0.22867718332323725,0
0,0.018414343485089937,0
0,0.03659130343966037,0
0,0.060423868847607,0
0,0.21166148850701816,0
0,0.9670942943657329,1
0,0.0405817837376556,0
0,0.1380868249748397,0
0,0.021121348869680295,0
0,0.042529314869230624,0
0,0.05649897748129292,0
0,0.0114681857486406,0
0,0.31432166226881797,0
0,0.12026780640483835,0
0,0.8904939954849909,1
0,0.03583307283880942,0
0,0.15103166602410723,0
0,0.8233286501277505,1
0,0.5609377726062671,1
0,0.1301326566714673,0
0,0.6207403182545624,1
0,0.05290060440504994,0
0,0.6572796726659417,1
0,0.8274300095804932,1
0,0.40047230330758193,0
0,0.5241267347492552,1
0,0.06725384615299031,0
0,0.6742283632504885,1
0,0.4596039578005435,0
0,0.05150787243775475,0
0,0.06368991713525114,0
0,0.4259862910058232,0
0,0.2105996355773477,0
0,0.9905992365763606,1
0,0.07408615215148583,0
0,0.22781926758915683,0
0,0.294414407467146,0
0,0.4522112711800525,0
0,0.013332270110555095,0
0,0.11685365818194117,0
0,0.6159673345711013,1
0,0.13479848403010913,0
0,0.10212468603787919,0
0,0.12749704601333697,0
0,0.20441705844975253,0
0,0.03538816353115136,0
0,0.2911954146301886,0
0,0.03745090779434948,0
0,0.19827328802336217,0
0,0.03410389152476754,0
0,0.14946253172117896,0
0,0.4443555419028941,0
0,0.16807435958370476,0
0,0.9200086276140709,1
0,0.12733265034289934,0
0,0.012408154691824644,0
0,0.2240759311125516,0
0,0.04171441196872685,0
0,0.013119207724110866,0
0,0.03358659335066057,0
0,0.615922945468825,1
0,0.020022009479156614,0
0,0.02819482906296451,0
0,0.3956626313969656,0
0,0.01490952612475919,0
0,0.027384686109095717,0
0,0.011883379700321097,0
0,0.10428355944207394,0
0,0.08375041012044125,0
0,0.23167773693135094,0
0,0.12054183504111697,0
0,0.05461432210110629,0
0,0.6136433540402276,1
0,0.24049757581226733,0
0,0.08598034849452017,0
0,0.5727801022477826,1
0,0.010210211238727297,0
0,0.02523679791574816,0
0,0.2801436201376099,0
0,0.9180354340194182,1
0,0.06475242735940934,0
0,0.055854385710535887,0
0,0.6640213325791668,1
0,0.007746091596864838,0
0,0.046799869113856,0
0,0.1569248910209907,0
0,0.10788010253662246,0
0,0.31327828124147206,0
0,0.054707883785133554,0
0,0.08577652110235241,0
0,0.0602483313679833,0
0,0.27282724007137377,0
0,0.5306393317005083,1
0,0.09760501096813079,0
0,0.013246660171033616,0
0,0.07881531741386048,0
0,0.0651444903678663,0
0,0.054150333981946984,0
0,0.04312494195479783,0
0,0.16256644351098576,0
0,0.0765939668222451,0
0,0.13517579046464304,0
0,0.06991746638105646,0
0,0.02297492925666995,0
0,0.21771378247073123,0
0,0.04178935405614185,0
0,0.054653621581580845,0
0,0.04167180072990856,0
0,0.029478799477817737,0
0,0.1538631455666492,0
0,0.19464761842399972,0
0,0.10133455123482542,0
0,0.45684975771412795,0
0,0.019799267236806296,0
0,0.03747036946950526,0
0,0.9667567252508279,1
0,0.23951016744796189,0
0,0.23432588278354433,0
0,0.7186348466194207,1
0,0.7020415409202491,1
0,0.40828244178434325,0
0,0.36658593404660866,0
0,0.6669645318476152,1
0,0.026275964551643043,0
0,0.03021004399423943,0
0,0.5618634247919865,1
0,0.0708763337453659,0
0,0.08786055986647043,0
0,0.4220797931988875,0
0,0.6326494967118665,1
0,0.004437493974466992,0
0,0.09153420894980671,0
0,0.6811580744062493,1
0,0.24611768875139453,0
0,0.046972119704394286,0
0,0.4804076022363598,0
0,0.05762523278905131,0
0,0.09713385704460024,0
0,0.3315938235357892,0
0,0.07243406269977412,0
0,0.61024906206369,1
0,0.13414335643359201,0
0,0.6872761399181369,1
0,0.735974745610597,1
0,0.04699529325707047,0
0,0.7241519231137278,1
0,0.08037559658945234,0
0,0.07314278365975076,0
0,0.013855859299539556,0
0,0.08333593809703232,0
0,0.027609973317604626,0
0,0.033743006429156744,0
0,0.03270702010518482,0
0,0.050194171619172535,0
0,0.18656742065891196,0
0,0.4328643945632649,0
0,0.22009639106069337,0
0,0.027367138915781183,0
0,0.027196463364070278,0
0,0.1573890411207995,0
0,0.1715488186249132,0
0,0.07222365715163394,0
0,0.3459012469684598,0
0,0.2627820540624868,0
0,0.11884399489428618,0
0,0.052691176455451315,0
0,0.1112849570450198,0
0,0.4140564480432795,0
0,0.202181162523392,0
0,0.30719928666987295,0
0,0.27007493416471967,0
0,0.37372586568684346,0
0,0.0480152655896873,0
0,0.009784237155021589,0
0,0.4412011589017958,0
0,0.051315154744441725,0
0,0.04869007511542233,0
0,0.12813418665850582,0
0,0.8046596678665597,1
0,0.21646230221517243,0
0,0.04309399216498412,0
0,0.052453970741992414,0
0,0.6346223060924348,1
0,0.10936082668762996,0
0,0.03674035761935819,0
0,0.1543674889267222,0
0,0.026703765050972755,0
0,0.17428353329958365,0
0,0.1280519948093158,0
0,0.004053587530130197,0
0,0.008091065774904356,0
0,0.18065050621394957,0
0,0.1919215720463746,0
0,0.028502852425779726,0
0,0.16898512515261926,0
0,0.041555469757670084,0
0,0.33701733903203857,0
0,0.015049653233342664,0
0,0.022680697096692026,0
0,0.4372712965016201,0
0,0.23447158237874438,0
0,0.20433932848672529,0
0,0.012445840079040116,0
0,0.09531195255137437,0
0,0.03325578114165376,0
0,0.0391657659476489,0
0,0.44915232852003645,0
0,0.015929265296189307,0
0,0.15450172424129227,0
0,0.9320283639554937,1
0,0.25995355432683975,0
0,0.10955469996544807,0
0,0.053640370743831815,0
0,0.011289775159492692,0
0,0.06781215322892005,0
0,0.017175826680527452,0
0,0.2632602500551314,0
0,0.3432291239986039,0
0,0.21547270265305185,0
0,0.07572578226763407,0
0,0.02612982858862677,0
0,0.04963028187907237,0
0,0.019431273590883726,0
0,0.09596629840182325,0
0,0.09142325730390236,0
0,0.027588455074929193,0
0,0.23633426258508078,0
0,0.004087625650306488,0
0,0.05263248396408501,0
0,0.716977919512223,1
0,0.028812824454907255,0
0,0.06913985953851778,0
0,0.08166875147797456,0
0,0.1754186650332415,0
0,0.26312277365457615,0
0,0.20142054324121297,0
0,0.3041075311445387,0
0,0.07796931701745109,0
0,0.08647946042462254,0
0,0.018351035651867246,0
0,0.6369962579678753,1
0,0.18332718630355066,0
0,0.02633638570216407,0
0,0.16916735012060855,0
0,0.07100982923622721,0
0,0.6529916229663031,1
0,0.0767849164525542,0
0,0.41074485728870064,0
0,0.22673900135997843,0
0,0.47566716860128627,0
0,0.26205580234985626,0
0,0.0659936053164659,0
0,0.05801244311592942,0
0,0.24587385519180235,0
0,0.0352224719095226,0
0,0.40273739110879014,0
0,0.7526786014637027,1
0,0.09158553562356982,0
0,0.15190594478287783,0
0,0.1635658579386283,0
0,0.04178871775176406,0
0,0.13408629509237743,0
0,0.009422592521037077,0
0,0.06853053496476387,0
0,0.006981751754831844,0
0,0.027830504793298433,0
0,0.01387195571824307,0
0,0.45280638522800354,0
0,0.5256830935164145,1
0,0.1745659378248621,0
0,0.22677366688726108,0
0,0.06956317131053062,0
0,0.3485479025767736,0
0,0.03598912775128191,0
0,0.009279656511103664,0
0,0.034911503909612486,0
0,0.18750330247875,0
0,0.6201728230260687,1
0,0.05845091410827917,0
0,0.019101267991844702,0
0,0.47898564500567903,0
0,0.05482085457010194,0
0,0.08515867488234108,0
0,0.0015138417114631578,0
0,0.009826210547499896,0
0,0.08052463209304417,0
0,0.07562291563467469,0
0,0.25252982333151236,0
0,0.44472689992010833,0
0,0.018390523105168265,0
0,0.06677053420769177,0
0,0.08973442504243641,0
0,0.001547630311356656,0
0,0.06406346132013033,0
0,0.240178353535506,0
0,0.10490018032079762,0
0,0.18982540155406802,0
0,0.46119236186297935,0
0,0.058528894704522015,0
0,0.7621325270465116,1
0,0.21616581136842286,0
0,0.016753750305594336,0
0,0.00998253003789627,0
0,0.3276253043588626,0
0,0.0007417869488793893,0
0,0.40530085770606955,0
0,0.1723632773011662,0
0,0.018508651818957438,0
0,0.004272011638623985,0
0,0.3548240670435945,0
0,0.2594067650439665,0
0,0.01473074814645886,0
0,0.05897447899216913,0
0,0.03927929621416755,0
0,0.09561186529188986,0
0,0.4330860580903963,0
0,0.8077913952464647,1
0,0.2568265797930076,0
0,0.2713773282590797,0
0,0.12431511242204661,0
0,0.12076363693679132,0
0,0.5783060329951398,1
0,0.04171753384805479,0
0,0.18786359028823474,0
0,0.766444175439391,1
0,0.8702331447356524,1
0,0.2733879652455926,0
0,0.218813957607028,0
0,0.11094181434783763,0
0,0.03464612988656222,0
0,0.0415002042056831,0
0,0.47867621819093154,0
0,0.07911261609507428,0
0,0.09467086158556441,0
0,0.008107561932135137,0
0,0.003458838959422837,0
0,0.432494087340457,0
0,0.05396808600590142,0
0,0.023707021983096883,0
0,0.21708953615211424,0
0,0.021750853267542895,0
0,0.03976002972853996,0
0,0.010977370257360222,0
0,0.07151837557387208,0
0,0.06104914327732547,0
0,0.03458762685517189,0
0,0.6795899013692045,1
0,0.10202580333956979,0
0,0.3134114178082399,0
0,0.09671326124206395,0
0,0.15583123105105598,0
0,0.10763474570702979,0
0,0.07459840733156461,0
0,0.17231260937198165,0
0,0.043912497153681146,0
0,0.12252596981574461,0
0,0.1260560720847798,0
0,0.06678936962937,0
0,0.2288364922143124,0
0,0.017012819575990063,0
0,0.05240890575326637,0
0,0.05936426392712034,0
0,0.04114222837040471,0
0,0.13202636325008235,0
0,0.004083766737159408,0
0,0.043489170327353645,0
0,0.15424701577265038,0
0,0.32614287915631296,0
0,0.47113041733967864,0
0,0.30808322502896124,0
0,0.14849728958945346,0
0,0.2623199981993364,0
0,0.07918337995717976,0
0,0.36639312062745105,0
0,0.07478824360606319,0
0,0.7237651524921492,1
0,0.1028339187808176,0
0,0.10075980366676397,0
0,0.11984978599381775,0
0,0.1221929050413775,0
0,0.08666543902699234,0
0,0.3755711051579608,0
0,0.07505440423407873,0
0,0.3724407617905155,0
0,0.1467552263428453,0
0,0.03333554276179521,0
0,0.19967372744303327,0
0,0.5016105093420526,1
0,0.047032096488043455,0
0,0.008661033040864852,0
0,0.41586563857293557,0
0,0.39757242180630575,0
0,0.017682569652488885,0
0,0.14433717395612825,0
0,0.04976538208994471,0
0,0.14536523159655387,0
0,0.22463384617017065,0
0,0.1339648761989321,0
0,0.05569627785708949,0
0,0.10638809552321814,0
0,0.09461538339582093,0
0,0.15953454598669345,0
0,0.2290501130797511,0
0,0.05096073637107896,0
0,0.14588980491724768,0
0,0.033760793935185086,0
0,0.10915262457734043,0
0,0.10910620287157907,0
0,0.5532506584670831,1
0,0.07050312496823369,0
0,0.1349179430866462,0
0,0.11628661154057288,0
0,0.0027365807142823812,0
0,0.30581744443826825,0
0,0.14547272760851512,0
0,0.013056761976156713,0
0,0.01109679497838105,0
0,0.016498448532282054,0
0,0.18697308206411925,0
0,0.30496113237685285,0
0,0.6592230605697825,1
0,0.0517411961251216,0
0,0.16014686056010102,0
0,0.11882668667936266,0
0,0.3441236105298188,0
0,0.0063862009595299805,0
0,0.3186316164227793,0
0,0.14309003718260033,0
0,0.5976173631714352,1
0,0.0854095639789772,0
0,0.47738009285035743,0
0,0.11744046241964473,0
0,0.054432171143936475,0
0,0.15151958897775442,0
0,0.16119369572849374,0
0,0.3838837684483088,0
0,0.8222297447891658,1
0,0.07969187065430934,0
0,0.099966319359735,0
0,0.7372023909713703,1
0,0.09644120754807389,0
0,0.04947890213694705,0
0,0.07570796259224878,0
0,0.48643465225100374,0
0,0.4456109470135671,0
0,0.04366107739468501,0
0,0.14138381473956535,0
0,0.33814358570441877,0
0,0.15387329861571905,0
0,0.7844041744854957,1
0,0.036065068937487496,0
0,0.4325614760316103,0
0,0.4994818404604812,1
0,0.22956348197218163,0
0,0.024779920383222635,0
0,0.4427515822909507,0
0,0.038973356848221216,0
0,0.50600445641399,1
0,0.061285213455073005,0
0,0.14783810486835272,0
0,0.3870388273023276,0
0,0.32922930583898186,0
0,0.013462147768725225,0
0,0.043289213434055264,0
0,0.1158774092292707,0
0,0.2508546556627653,0
0,0.0025687303206465583,0
0,0.9572104533945146,1
0,0.15524823191651752,0
0,0.7129916598076311,1
0,0.332609251714683,0
0,0.23338876929017457,0
0,0.06915858904370076,0
0,0.892604228641312,1
0,0.11890386950032267,0
0,0.027237353224690942,0
0,0.3644887066884259,0
0,0.020983241018216435,0
0,0.35469184047645225,0
0,0.6819624602580697,1
0,0.12049203211705489,0
0,0.03734661485005953,0
0,0.18152714569188083,0
0,0.4301284081075107,0
0,0.06939968707720577,0
0,0.9774040593119823,1
0,0.6466315137274061,1
0,0.021440463751541187,0
0,0.11724608589716175,0
0,0.10410593345276857,0
0,0.06769746586155907,0
0,0.021228139995742357,0
0,0.7348997868896,1
0,0.587178135847158,1
0,0.21962556371668704,0
0,0.028662410206336305,0
0,0.1668515344346536,0
0,0.37194646894356215,0
0,0.439546305738813,0
0,0.23047225315308978,0
0,0.2713595159157358,0
0,0.06079520041190322,0
0,0.030404204514907145,0
0,0.5361307259404847,1
0,0.1759616377954759,0
0,0.8084788567009576,1
0,0.016088013895440612,0
0,0.053523404576080374,0
0,0.0994138639371989,0
0,0.02111751286909453,0
0,0.12962521623066128,0
0,0.04345474437901983,0
0,0.30904484390746406,0
0,0.061166089070655724,0
0,0.017034080641085674,0
0,0.04976066890504284,0
0,0.22036573180012453,0
0,0.021715111493000542,0
0,0.3051691530512174,0
0,0.26109699435983025,0
0,0.12664646999615467,0
0,0.027290957317915754,0
0,0.007658603529948489,0
0,0.20397399267157557,0
0,0.03212143941775636,0
0,0.45563406254885913,0
0,0.5377258672797802,1
0,0.25815214700277805,0
0,0.1040402001143593,0
0,0.7045993056615938,1
0,0.07976712456630584,0
0,0.07642547249465696,0
0,0.38308545393938587,0
0,0.04151527700648614,0
0,0.03824112199893031,0
0,0.00790724957388906,0
0,0.06793623408809024,0
0,0.08978549999504855,0
0,0.12634875763575307,0
0,0.8314444173168813,1
0,0.1476640365923195,0
0,0.2025960431202121,0
0,0.050203743881066014,0
0,0.1659383021068384,0
0,0.08579954928493577,0
0,0.07308499071532139,0
0,0.05363548680322724,0
0,0.09438876484098535,0
0,0.11719589438078264,0
0,0.6396066831735524,1
0,0.012981783330502629,0
0,0.1851926282292714,0
0,0.45256889118530774,0
0,0.061249958915801365,0
0,0.040943482026724945,0
0,0.13186415086935194,0
0,0.23092003219162172,0
0,0.169152731051434,0
0,0.25991960491548943,0
0,0.002265919508759905,0
0,0.07558629194476664,0
0,0.16147913057820323,0
0,0.11715587858349398,0
0,0.08857481816500054,0
0,0.09132009845392935,0
0,0.028592866655892907,0
0,0.1821722647473131,0
0,0.03183338095270976,0
0,0.4927737762962667,1
0,0.014767208198721899,0
0,0.3604390395324047,0
0,0.23956537691031923,0
0,0.018103115867931438,0
0,0.12414529827790197,0
0,0.10270450789336452,0
0,0.042742582636637716,0
0,0.045279866914289334,0
0,0.21990763793244272,0
0,0.06956547713040834,0
0,0.3988917296196765,0
0,0.027164658479227707,0
0,0.25714581481523746,0
0,0.10926738059030455,0
0,0.2759299245222459,0
0,0.6878624924675032,1
0,0.10832033782572482,0
0,0.01453128764983152,0
0,0.5077474538540638,1
0,0.00952235704028874,0
0,0.5286406891912246,1
0,0.08080039140316281,0
0,0.035503306449901136,0
0,0.6193546747759854,1
0,0.016207160097652332,0
0,0.3811044040499345,0
0,0.11122007873397181,0
0,0.07038541706305862,0
0,0.028146224073455295,0
0,0.8964255762402296,1
0,0.252168608523133,0
0,0.0364371200244846,0
0,0.12460688320779154,0
0,0.25302407283518946,0
0,0.057018255326222234,0
0,0.6675621454371825,1
0,0.4636271050335684,0
0,0.39155284034548554,0
0,0.14219813744546275,0
0,0.08268354212477387,0
0,0.06245599505517803,0
0,0.3337720869657829,0
0,0.3045869623075796,0
0,0.012873960320189774,0
0,0.21559151187126116,0
0,0.08001244580620641,0
0,0.09624781772947363,0
0,0.01835276518282211,0
0,0.008994675130384547,0
0,0.08597446425927528,0
0,0.0398110076778419,0
0,0.144635613864938,0
0,0.024306020690232303,0
0,0.01498765882797043,0
0,0.15221181439897374,0
0,0.4694378242360918,0
0,0.04068443793530854,0
0,0.058749771633838856,0
0,0.5469628364854139,1
0,0.006714371362041379,0
0,0.003502354524942,0
0,0.15324358971019236,0
0,0.19526801323286766,0
0,0.14462924782114048,0
0,0.21982734635148915,0
0,0.10971037936366064,0
0,0.40561650361420826,0
0,0.17546167449494313,0
0,0.17891945098759016,0
0,0.8635348282030709,1
0,0.33596916213212935,0
0,0.4989498688137364,1
0,0.6441453397412756,1
0,0.010219140712280212,0
0,0.4584879365983574,0
0,0.08837778412318255,0
0,0.38283002335024674,0
0,0.7393750887704337,1
0,0.013302284912552467,0
0,0.12006301704942687,0
0,0.19990634255887874,0
0,0.13273799136772066,0
0,0.9407912626848546,1
0,0.3469379643237768,0
0,0.14009944660794427,0
0,0.050925806815305646,0
0,0.24706054700386032,0
0,0.0460402305729809,0
0,0.07230134328719144,0
0,0.1043888380188317,0
0,0.14480450154833172,0
0,0.049853178778116354,0
0,0.05523654857468944,0
0,0.09776634587607008,0
0,0.19472183610706714,0
0,0.20645361293032158,0
0,0.1226466402757704,0
0,0.16773395684937084,0
0,0.2758755244519423,0
0,0.14426613149723272,0
0,0.10482512144701095,0
0,0.0670073509218877,0
0,0.009919139218697193,0
0,0.08374876417541242,0
0,0.04576721185605228,0
0,0.21145341561773612,0
0,0.08089228644770559,0
0,0.09236586710625194,0
0,0.29699427180553756,0
0,0.5514844069038789,1
0,0.11800071001478517,0
0,0.1249015377746417,0
0,0.020635553824255807,0
0,0.09817894471938807,0
0,0.02426121315120001,0
0,0.13761217775046278,0
0,0.018672568253803194,0
0,0.045458250571906895,0
0,0.12017452896277646,0
0,0.1031052104461425,0
0,0.29747053100403226,0
0,0.17104614476482782,0
0,0.19158034750161795,0
0,0.08863243161865612,0
0,0.09429972326618352,0
0,0.1693892932751027,0
0,0.2215472327606841,0
0,0.012612842854958471,0
0,0.13674093005184826,0
0,0.045893252628593506,0
0,0.5222100762855386,1
0,0.05074986915066662,0
0,0.27251794556926,0
0,0.06230164578997016,0
0,0.5397028892673589,1
0,0.3291161006870102,0
0,0.03717088797304607,0
0,0.8942654466515654,1
0,0.22790828395731344,0
0,0.00497729787379884,0
0,0.13508320181174344,0
0,0.022289566762366,0
0,0.16878082060999855,0
0,0.03439677465684922,0
0,0.020529129162811837,0
0,0.23530809850890888,0
0,0.06614574595947524,0
0,0.1792285366528622,0
0,0.05699030583629621,0
0,0.11568696888293416,0
0,0.04980764848345265,0
0,0.41261593688056014,0
0,0.147299855026052,0
0,0.2682125276304843,0
0,0.058270185248082716,0
0,0.4448801014166197,0
0,0.13755383511490002,0
0,0.180655992108704,0
0,0.04387522798559852,0
0,0.9168307262815505,1
0,0.3458951034230323,0
0,0.17342173985559595,0
0,0.9797353487885171,1
0,0.002282949970415289,0
0,0.32977765800505654,0
0,0.18644231596806005,0
0,0.4671287122759389,0
0,0.06434313387949742,0
0,0.11669389951824391,0
0,0.07237035563388794,0
0,0.0986768310581703,0
0,0.10687025843273652,0
0,0.03101573173804495,0
0,0.10217735807119561,0
0,0.2071994396412492,0
0,0.320611471283306,0
0,0.11935199802755306,0
0,0.0241057802996028,0
0,0.02292686242097408,0
0,0.1967883295725356,0
0,0.8565579364970338,1
0,0.05343545198144807,0
0,0.1800291132795107,0
0,0.2061625123833779,0
0,0.007227613462707033,0
0,0.03422462069627168,0
0,0.5233849038726062,1
0,0.3498452050562041,0
0,0.3222482636421679,0
0,0.47280059841707306,0
0,0.07802362450962562,0
0,0.06805838882443312,0
0,0.3595832176406068,0
0,0.05421466325478562,0
0,0.023108712228349676,0
0,0.1721434231455471,0
0,0.027072132833321595,0
0,0.07326585025120651,0
0,0.022193376572691197,0
0,0.2863197853911622,0
0,0.43493504594124177,0
0,0.4978535743566142,1
0,0.48606835743236,0
0,0.021017734392561,0
0,0.9608693643411008,1
0,0.09072168037685205,0
0,0.010835000791703275,0
0,0.04551251075295523,0
0,0.02303331592126352,0
0,0.10416506324758687,0
0,0.08357588337707714,0
0,0.7068278940056923,1
0,0.09166841665002727,0
0,0.4523683765420736,0
0,0.036494999540358675,0
0,0.07356831457734846,0
0,0.04585484120341167,0
0,0.053173527353205095,0
0,0.02293195315643729,0
0,0.05437586570898376,0
0,0.06086398157464795,0
0,0.2743729812407055,0
0,0.01717701555710996,0
0,0.06428421000680679,0
0,0.1112691452223153,0
0,0.3623841653033656,0
0,0.17037994627286407,0
0,0.3458654584714934,0
0,0.7776416316294797,1
0,0.12836790225150876,0
0,0.07557596571540828,0
0,0.2775001562806363,0
0,0.31150809668229495,0
0,0.13917800108081993,0
0,0.329454191222549,0
0,0.6010067145908831,1
0,0.03168874493870179,0
0,0.03300372317417284,0
0,0.27284082064072646,0
0,0.009790873736218786,0
0,0.17303654031469531,0
0,0.052680838134646815,0
0,0.42764451330275355,0
0,0.023030461938351246,0
0,0.47729662458794136,0
0,0.08468315195719188,0
0,0.6059725487403654,1
0,0.11068118760658924,0
0,0.16880981440696388,0
0,0.13799163508035028,0
0,0.18705372244864094,0
0,0.052282951655226985,0
0,0.3282553175686048,0
0,0.3477005894161265,0
0,0.048687578164774196,0
0,0.007305917664841611,0
0,0.7114290004185848,1
0,0.06695323754364652,0
0,0.03403946323647432,0
0,0.023615803913516524,0
0,0.8289642780753735,1
0,0.01136992299520251,0
0,0.20234581651993927,0
0,0.03748640218168229,0
0,0.014047862024291561,0
0,0.07777933343476173,0
0,0.07942531737767387,0
0,0.047255210016696296,0
0,0.05060333062670586,0
0,0.3168828770219685,0
0,0.08858873459603388,0
0,0.6877940440764587,1
0,0.02027061255513902,0
0,0.9068347658572672,1
0,0.019912754960536266,0
0,0.4080416910112745,0
0,0.16803960457121342,0
0,0.011373434133560241,0
0,0.19951838737340466,0
0,0.03414382206506429,0
0,0.7520001871294324,1
0,0.10850863370125499,0
0,0.015178971925249677,0
0,0.018698478226298165,0
0,0.22764439242747012,0
0,0.04645267211943186,0
0,0.03612757438325598,0
0,0.27092223808664695,0
0,0.010940786248593683,0
0,0.1548392665717211,0
0,0.09034432539342901,0
0,0.1132010897547578,0
0,0.01964367804611576,0
0,0.3244114440373146,0
0,0.03204158138201535,0
0,0.5850986274082425,1
0,0.034059449893167594,0
0,0.042458963037258206,0
0,0.06264161220288171,0
0,0.03955145197289801,0
0,0.19935033429702995,0
0,0.0467355044948131,0
0,0.03506605416504231,0
0,0.09138826097392279,0
0,0.1924668650738309,0
0,0.6695984060032614,1
0,0.02189190729007975,0
0,0.05209050164743313,0
0,0.1119391603837889,0
0,0.0468539863662977,0
0,0.0212584980720085,0
0,0.12658733868526748,0
0,0.07895342835334282,0
0,0.001472167104502609,0
0,0.046562520816548755,0
0,0.06801033023334555,0
0,0.28172624941139235,0
0,0.054992935782116774,0
0,0.029117015228047948,0
0,0.22689653705964494,0
0,0.04629221020666685,0
0,0.09673653813882263,0
0,0.005084195922178305,0
0,0.016923412553894242,0
0,0.3011049038741635,0
0,0.0528408769271893,0
0,0.023983286488341526,0
0,0.04327665373846765,0
0,0.04170899641616175,0
0,0.7728065780308301,1
0,0.12233258261249762,0
0,0.08432535231810603,0
0,0.2250755373885303,0
0,0.15644597692062828,0
0,0.9240260222750579,1
0,0.00559268809413189,0
0,0.17976682141884132,0
0,0.1297570753416477,0
0,0.06797709615670311,0
0,0.13264222997827171,0
0,0.29219231476676455,0
0,0.019696343403187797,0
0,0.051029206941604545,0
0,0.9432459520099035,1
0,0.047345282880821925,0
0,0.4057123066633523,0
0,0.017879291761584922,0
0,0.40260912574980146,0
0,0.058865715161731454,0
0,0.21362641329884755,0
0,0.0625677926873758,0
0,0.07786705253046289,0
0,0.6431609019378344,1
0,0.17701185012591658,0
0,0.045958340351836297,0
0,0.36718987671497283,0
0,0.8104355932209788,1
0,0.11803505846993649,0
0,0.10181158874035796,0
0,0.21223210531675077,0
0,0.3445981510483942,0
0,0.11025725613163928,0
0,0.01066292877735787,0
0,0.12858447299463516,0
0,0.029318637408228734,0
0,0.15479451265373567,0
0,0.01837407644562838,0
0,0.0523527027718414,0
0,0.14713717106508073,0
0,0.04669101229252824,0
0,0.6969752317615462,1
0,0.34440515728713883,0
0,0.33213961539743614,0
0,0.4368564768688179,0
0,0.2239006772357338,0
0,0.17007724792096418,0
0,0.528324250478675,1
0,0.024496980091284825,0
0,0.023197048132813383,0
0,0.10149051839844649,0
0,0.3063024378803066,0
0,0.029763380965261464,0
0,0.8104618718933363,1
0,0.005967281834893793,0
0,0.1959945252777881,0
0,0.5860953643786768,1
0,0.12227723541823757,0
0,0.46693959900712706,0
0,0.1648425181572333,0
0,0.09541041798304861,0
0,0.24080461930078678,0
0,0.03733843485871803,0
0,0.014221726591287202,0
0,0.3279702411745072,0
0,0.026266835275614634,0
0,0.4023496092952185,0
0,0.061508242123400635,0
0,0.029458555802525804,0
0,0.7882775542440619,1
0,0.0015464231327288335,0
0,0.5767544595727943,1
0,0.5948309311969605,1
0,0.006527265396502421,0
0,0.49978126157371633,1
0,0.22651484454616372,0
0,0.02279074519849392,0
0,0.2615124146505047,0
0,0.9340405475111008,1
0,0.02138113862174994,0
0,0.16291446100249016,0
0,0.08127114399636955,0
0,0.03386143013951587,0
0,0.030442380178048064,0
0,0.13493226920283347,0
0,0.13557408797901666,0
0,0.6641697008239931,1
0,0.036159708944341167,0
0,0.07153609928561906,0
0,0.26807932211958196,0
0,0.9588426623017378,1
0,0.42992866447907835,0
0,0.05815699060721374,0
0,0.45299047598181913,0
0,0.00435603955750708,0
0,0.07843371351443958,0
0,0.5636507984102868,1
0,0.4118923102996596,0
0,0.059045734586670146,0
0,0.6555056436759661,1
0,0.08063343666202302,0
0,0.035915656407802664,0
0,0.06397082383645758,0
0,0.3801814245512369,0
0,0.5033924394952063,1
0,0.22491741071078053,0
0,0.03583156342678182,0
0,0.01788481172317941,0
0,0.00862033115341632,0
0,0.5949237184409376,1
0,0.2660717965740905,0
0,0.18442150642781355,0
0,0.8177249843837665,1
0,0.07352990763009326,0
0,0.061663503349208566,0
0,0.21113843248040476,0
0,0.01349210786314823,0
0,0.022472583264922918,0
0,0.03209479671147315,0
0,0.04112720128702483,0
0,0.22434446206318362,0
0,0.29764273869039604,0
0,0.05640360218720739,0
0,0.06217917467318793,0
0,0.04008271611291393,0
0,0.27522161900996733,0
0,0.06114991206938818,0
0,0.2709555024583915,0
0,0.023500425935681114,0
0,0.46271937991388545,0
0,0.054413355508119765,0
0,0.3029674553638278,0
0,0.01901091728670331,0
0,0.09970602519052611,0
0,0.026581997103325112,0
0,0.07730915768134632,0
0,0.1070813803408271,0
0,0.3556241535717001,0
0,0.009154154581695478,0
0,0.11814685033073065,0
0,0.28375476494914403,0
0,0.6900834482863917,1
0,0.05070926187574906,0
0,0.00868713582194974,0
0,0.05928578236038018,0
0,0.1408399565477313,0
0,0.5843746363449939,1
0,0.11168473351801331,0
0,0.3880012221299573,0
0,0.05448313779217569,0
0,0.3299767411187261,0
0,0.24878849755866753,0
0,0.2575919409090665,0
0,0.09433835426082196,0
0,0.3487725723376143,0
0,0.11229214836103188,0
0,0.13493117959377868,0
0,0.20113084752050714,0
0,0.010043213153998119,0
0,0.5365445802652979,1
0,0.20979554548752635,0
0,0.016909512566888024,0
0,0.45732839032545053,0
0,0.3545393505467561,0
0,0.016281211876955765,0
0,0.2107973933623738,0
0,0.005834696171058269,0
0,0.06513996976603031,0
0,0.14980691114004738,0
0,0.8672195415686593,1
0,0.23718544794448654,0
0,0.025858167096350602,0
0,0.4821697763963478,0
0,0.04729137023052091,0
0,0.26896761540479636,0
0,0.04764800204581889,0
0,0.08996457816509366,0
0,0.02087419677227792,0
0,0.7517396991368164,1
0,0.2582649921019397,0
0,0.042848302526682876,0
0,0.805461207551069,1
0,0.0012146471700381829,0
0,0.02778659511621382,0
0,0.018048763970403944,0
0,0.17018638225371374,0
0,0.19022395373110623,0
0,0.11427531752617257,0
0,0.18943096253812255,0
0,0.03812528868712814,0
0,0.16776158039512065,0
0,0.021719618100460407,0
0,0.01274876576580026,0
0,0.4691943553220298,0
0,0.19783875609292192,0
0,0.10237575278507728,0
0,0.026118826474676803,0
0,0.05685940372742789,0
0,0.28339445212734554,0
0,0.11202421290723016,0
0,0.02883333999834105,0
0,0.05996281630666366,0
0,0.05256348181973211,0
0,0.1953692749979486,0
0,0.10650052553641673,0
0,0.032664667171776525,0
0,0.041878846209124757,0
0,0.7444557853277259,1
0,0.16254396272288701,0
0,0.08106784596641298,0
0,0.020254667436973208,0
0,0.2431405756735371,0
0,0.11790914662349437,0
0,0.04097892297555233,0
0,0.10820771053564293,0
0,0.3270187441494498,0
0,0.41382278824493535,0
0,0.6451497344524899,1
0,0.023119170475217072,0
0,0.08404003107657748,0
0,0.24325306931369545,0
0,0.06191653709952157,0
0,0.028036799959580087,0
0,0.4675665641604477,0
0,0.036121798540144405,0
0,0.027709438447222078,0
0,0.21975589787398808,0
0,0.09931150824683893,0
0,0.05843388989706797,0
0,0.08397561251221208,0
0,0.11862098027290491,0
0,0.04415086994853134,0
0,0.1480615038233598,0
0,0.1319578864253961,0
0,0.0048518811527317116,0
0,0.1913030636360415,0
0,0.03885649365059809,0
0,0.04443095462608978,0
0,0.20984516142089177,0
0,0.038871247703737996,0
0,0.21753621020537167,0
0,0.5260457977088346,1
0,0.6027331396547483,1
0,0.016336527132902026,0
0,0.11325721203414126,0
0,0.4638613811440417,0
0,0.11817177132730482,0
0,0.17667833941063324,0
0,0.32107509297318687,0
0,0.10493819393469403,0
0,0.23663789367324903,0
0,0.18752218324490025,0
0,0.09348639249486337,0
0,0.5239197330074903,1
0,0.10150652213096083,0
0,0.09162559738665553,0
0,0.269896717129475,0
0,0.2805572836876695,0
0,0.14278567361831127,0
0,0.15664480329103395,0
0,0.11770658401096573,0
0,0.0817150555262236,0
0,0.06180535921214011,0
0,0.13957058085638305,0
0,0.17926108843392455,0
0,0.08779825040591212,0
0,0.6854662847201926,1
0,0.15883510482517227,0
0,0.1928619544568955,0
0,0.8824590667439165,1
0,0.13734745671200993,0
0,0.00639013410247005,0
0,0.16357473215129412,0
0,0.23955159940981244,0
0,0.5207194595274002,1
0,0.17084330923605145,0
0,0.004442866203683548,0
0,0.06143902455386234,0
0,0.13917053095856038,0
0,0.19845255897567554,0
0,0.06073051228690158,0
0,0.08651781638063576,0
0,0.015299343758656934,0
0,0.11279427699755169,0
0,0.08227268337053137,0
0,0.13483548538390816,0
0,0.09256901089747234,0
0,0.12581739813303283,0
0,0.07100886397690821,0
0,0.08185405534070918,0
0,0.10789042429501339,0
0,0.9120680123140368,1
0,0.8210179184606292,1
0,0.03893874153796923,0
0,0.16145920069112948,0
0,0.04887196220810831,0
0,0.03568421024256703,0
0,0.3035510888932924,0
0,0.2761908858166607,0
0,0.04192786992227916,0
0,0.04612611771149636,0
0,0.26402950610658965,0
0,0.012036178739646235,0
0,0.17514032051479825,0
0,0.7921478718695002,1
0,0.0010628089516535745,0
0,0.6315100503371852,1
0,0.47302357177594223,0
0,0.06084900665783936,0
0,0.3653734938977437,0
0,0.4059417371131855,0
0,0.33134495674126646,0
0,0.03633045350034596,0
0,0.11486940960739012,0
0,0.27727905549808823,0
0,0.2778929649525736,0
0,0.014308570316744413,0
0,0.12566256859533137,0
0,0.2786162490339379,0
0,0.021616483469467294,0
0,0.01610370623750898,0
0,0.1454557192140751,0
0,0.14545754807401487,0
0,0.34089382975265575,0
0,0.09182585184815402,0
0,0.0653456684689874,0
0,0.039015725510807515,0
0,0.02533141571098812,0
0,0.8008758658023547,1
0,0.05846664037630317,0
0,0.022939491581626247,0
0,0.10408959147604809,0
0,0.5344093932521239,1
0,0.3624466682713605,0
0,0.5206462288828969,1
0,0.11670645330146101,0
0,0.14464343526156673,0
0,0.19615773544153006,0
0,0.114374242162545,0
0,0.7910308085285964,1
0,0.1006760638589169,0
0,0.059645674769098635,0
0,0.07830942511009724,0
0,0.04916796168752873,0
0,0.0738882386773747,0
0,0.03121897871387715,0
0,0.06666210398511666,0
0,0.15164906807874678,0
0,0.13168904365392084,0
0,0.22863548282481175,0
0,0.05622139172820795,0
0,0.4268455133929538,0
0,0.06978414443607008,0
0,0.4481537308629033,0
0,0.1251581625442717,0
0,0.013379760312017732,0
0,0.03627129985414676,0
0,0.1997670152845213,0
0,0.07879283841099724,0
0,0.47417846798151575,0
0,0.18007895913705269,0
0,0.8799898919178475,1
0,0.054302482227726406,0
0,0.0685613720198961,0
0,0.006872658952891326,0
0,0.018642334997187857,0
0,0.7948291916252405,1
0,0.07070627033976112,0
0,0.19226895822693268,0
0,0.06228713488402249,0
0,0.02544017180938914,0
0,0.26926447267810544,0
0,0.03940607160408121,0
0,0.08168910185630456,0
0,0.03517316963145036,0
0,0.01380976672408523,0
0,0.8686026359712017,1
0,0.9137192362944632,1
0,0.03883916302249559,0
0,0.06782156807491298,0
0,0.10423542133427599,0
0,0.41340393188513724,0
0,0.09754959415040375,0
0,0.08726857634225989,0
0,0.3645237256914259,0
0,0.6681283790130182,1
0,0.1654804973088265,0
0,0.29920229827492945,0
0,0.015922206035016147,0
0,0.07738127114805368,0
0,0.08545357864456832,0
0,0.04853314066169835,0
0,0.17115542849449758,0
0,0.010807525413659015,0
0,0.05980823126462978,0
0,0.01262748432475306,0
0,0.35067951948279696,0
0,0.3191834757947283,0
0,0.16314067195000023,0
0,0.056386126124554216,0
0,0.01446648124082077,0
0,0.3264630449786513,0
0,0.07948979406662049,0
0,0.23765513137378602,0
0,0.22867247722370684,0
0,0.7573739737764806,1
0,0.40857730865228536,0
0,0.06123789488569899,0
0,0.009409539108654948,0
0,0.04443767366936063,0
0,0.23019861797876173,0
0,0.014874324951560285,0
0,0.2086002304255274,0
0,0.038191876677697856,0
0,0.09800244850599855,0
0,0.23279167357522737,0
0,0.08615135245564279,0
0,0.07868639390410884,0
0,0.4337218275908619,0
0,0.9890682696718324,1
0,0.37907358366283045,0
0,0.5099461902277975,1
0,0.15092008523055458,0
0,0.09991126571841795,0
0,0.023060067264534755,0
0,0.11684806800829439,0
0,0.18482748267096535,0
0,0.9502599082526804,1
0,0.02402501731382946,0
0,0.13363263030722425,0
0,0.10476397482321789,0
0,0.18207587773938122,0
0,0.0706548188011892,0
0,0.0691974251829849,0
0,0.033325739018407935,0
0,0.4994193188117552,1
0,0.17887768281616942,0
0,0.3880622421811411,0
0,0.03717121833131321,0
0,0.019110600694375802,0
0,0.047585469653636046,0
0,0.05905816707737738,0
0,0.32243936192721045,0
0,0.06255922484722534,0
0,0.11161363482774511,0
0,0.16055509262761686,0
0,0.24550183649130713,0
0,0.021148563421005434,0
0,0.010202267495529976,0
0,0.0941171879629967,0
0,0.0072698050877242435,0
0,0.15576553150052858,0
0,0.0651870726192496,0
0,0.04391028696503616,0
0,0.2898483912136511,0
0,0.530727882549273,1
0,0.07881911080116163,0
0,0.8699949947572421,1
0,0.30797907156079873,0
0,0.1237635396221435,0
0,0.2055752366490451,0
0,0.006585727962593005,0
0,0.03379157779557482,0
0,0.7799305557242903,1
0,0.4377230077361663,0
0,0.0027902108015677497,0
0,0.028815519298765267,0
0,0.9646511192135433,1
0,0.17032293971607795,0
0,0.021046486487020014,0
0,0.3534250794424218,0
0,0.40787868912512315,0
0,0.06499932654143116,0
0,0.040949002736905674,0
0,0.2454584880463845,0
0,0.1798314078326868,0
0,0.06143985873482631,0
0,0.3997636440003891,0
0,0.04335792494485147,0
0,0.2080781015168781,0
0,0.22631252469187021,0
0,0.01568424223137249,0
0,0.0877957606136176,0
0,0.15967196158733282,0
0,0.06747658774831886,0
0,0.0750119094230789,0
0,0.047314216735602974,0
0,0.5729767244833567,1
0,0.25532350414679034,0
0,0.21685687550791505,0
0,0.07608852788441785,0
0,0.08738075854392725,0
0,0.322370606467441,0
0,0.040389867920424684,0
0,0.034836336063735714,0
0,0.47131803268603034,0
0,0.5967220798862207,1
0,0.23397127632144438,0
0,0.6152072454408541,1
0,0.24430229212045426,0
0,0.1478336902505763,0
0,0.1467396155603643,0
0,0.18672068069092182,0
0,0.04286195719354896,0
0,0.8044253669279274,1
0,0.27383623959461323,0
0,0.030981109672980223,0
0,0.038817033014150355,0
0,0.610629851923261,1
0,0.6124152486506287,1
0,0.0883627464318198,0
0,0.13635988397810184,0
0,0.6225734837571248,1
0,0.06497474807054428,0
0,0.12688003007581455,0
0,0.02522912817821906,0
0,0.13467098194780452,0
0,0.07077542620588877,0
0,0.08040494492594023,0
0,0.16160354957563453,0
0,0.042297005278076207,0
0,0.4643431936879254,0
0,0.024940045595706454,0
0,0.19348906833117485,0
0,0.23900136540381214,0
0,0.6392471885146829,1
0,0.12977138979576425,0
0,0.07419480236098075,0
0,0.07981004346908346,0
0,0.028751608137989094,0
0,0.08959310838707613,0
0,0.03458719552014556,0
0,0.02739015726963499,0
0,0.5896034529861471,1
0,0.16965343869482702,0
0,0.14733003156797073,0
0,0.022441896227826802,0
0,0.06967884675765883,0
0,0.2851829934502838,0
0,0.04506246729363663,0
0,0.5206331842986034,1
0,0.28333024745659086,0
0,0.042006505705289174,0
0,0.08997046683523018,0
0,0.07632584264160545,0
0,0.03984528723888199,0
0,0.011354333091899598,0
0,0.41957026590520047,0
0,0.14681023089890063,0
0,0.30840305879908236,0
0,0.19582140893777794,0
0,0.050863450058974094,0
0,0.15541337762893742,0
0,0.43202840840133694,0
0,0.10200346820663556,0
0,0.9742741664501795,1
0,0.07289919374633787,0
0,0.292816648487308,0
0,0.2253125210683498,0
0,0.32489420353866305,0
0,0.2367018175087524,0
0,0.10924718411172783,0
0,0.33732268228605744,0
0,0.010837501793368561,0
0,0.0053704577361606935,0
0,0.1678957875946423,0
0,0.24988984675653758,0
0,0.2729217839903967,0
0,0.05103405014996312,0
0,0.044682597802129444,0
0,0.11707315111375136,0
0,0.00286187509694426,0
0,0.09164997015444143,0
0,0.08590922807415137,0
0,0.021257284025905328,0
0,0.8846379587808534,1
0,0.019591139238758888,0
0,0.08874135249999371,0
0,0.5904871675709203,1
0,0.1381472638237257,0
0,0.021123944812535295,0
0,0.029011815125315935,0
0,0.03899516424043928,0
0,0.11538625327594267,0
0,0.055842657785368746,0
0,0.16255868321469635,0
0,0.09334879041227621,0
0,0.08628346510976732,0
0,0.03616529610617003,0
0,0.021719300978328686,0
0,0.47721656807433344,0
0,0.8080325713514125,1
0,0.11102715246825912,0
0,0.00584324629894027,0
0,0.1699783256054228,0
0,0.024024896228219746,0
0,0.10881210240042441,0
0,0.4904554926300465,0
0,0.014771140096648977,0
0,0.07147603706161727,0
0,0.19540941053363914,0
0,0.09420689291639504,0
0,0.06957871917738863,0
0,0.5227710973227029,1
0,0.14730876616499264,0
0,0.6632867955460141,1
0,0.4173361353824941,0
0,0.4671227567719629,0
0,0.04261158080622765,0
0,0.05104136474537914,0
0,0.13384793656915767,0
0,0.002687694796448069,0
0,0.1460413524783107,0
0,0.034659944683971246,0
0,0.49391922459720405,1
0,0.5839762573118339,1
0,0.15954504924520443,0
0,0.043843173318707344,0
0,0.6841460229287077,1
0,0.027824462279506676,0
0,0.14677297365445255,0
0,0.06981183201759014,0
0,0.04603252171258063,0
0,0.4081528628697445,0
0,0.006214725504990344,0
0,0.000271753670900629,0
0,0.15047570566712187,0
0,0.019994949955864424,0
0,0.1206553169111746,0
0,0.12411875200404453,0
0,0.04044348606968821,0
0,0.031172545472160307,0
0,0.26915365077505515,0
0,0.08125682434785589,0
0,0.13260274192947658,0
0,0.14177606066265772,0
0,0.018220516128245698,0
0,0.12657434293395425,0
0,0.16112128668294318,0
0,0.2069176262753359,0
0,0.5294881322221117,1
0,0.051551755478404765,0
0,0.0551442476865701,0
0,0.15191539446163252,0
0,0.1344208776682879,0
0,0.6354984731757185,1
0,0.020494296977797463,0
0,0.04908332343817564,0
0,0.46618678935464897,0
0,0.028072658117218638,0
0,0.2462099619646703,0
0,0.07812242413785526,0
0,0.936584790756638,1
0,0.09738224655648237,0
0,0.07142436945652049,0
0,0.05508858199535446,0
0,0.16945744155097664,0
0,0.006535589253390678,0
0,0.10196184268906922,0
0,0.004837407080238082,0
0,0.014245903935992907,0
0,0.06756868051435744,0
0,0.009903501257679055,0
0,0.9238548623864191,1
0,0.2772387998147839,0
0,0.14964836653870142,0
0,0.24133901483718123,0
0,0.12309207451775357,0
0,0.5389624686976391,1
0,0.02084339698997908,0
0,0.22706716961868384,0
0,0.1526455759475212,0
0,0.8608611538820689,1
0,0.228159114452628,0
0,0.21296904622367896,0
0,0.07516886097220732,0
0,0.0439448680901435,0
0,0.31034928918661386,0
0,0.0552999943790223,0
0,0.1657032314894888,0
0,0.09496476026406798,0
0,0.9713819171804255,1
0,0.009724112099805088,0
0,0.17039301916187888,0
0,0.1279685166642259,0
0,0.17062443014581338,0
0,0.02908756959949924,0
0,0.004597303442955765,0
0,0.0647892097793209,0
0,0.07277694927839384,0
0,0.68476978084245,1
0,0.06336101113591047,0
0,0.17701445541829722,0
0,0.2805515464258412,0
0,0.13518359064979918,0
0,0.1640225175086828,0
0,0.5745728410226445,1
0,0.050060031962001685,0
0,0.45110175249087486,0
0,0.3638092023927289,0
0,0.0768595563750301,0
0,0.01995243114302734,0
0,0.01684626652139062,0
0,0.3182845242463107,0
0,0.013609299556633444,0
0,0.0774920404057347,0
0,0.011695080133574596,0
0,0.12042165274324224,0
0,0.04064172890438446,0
0,0.7034130643405884,1
0,0.2972209797724252,0
0,0.5775678328448961,1
0,0.2941538772183141,0
0,0.02987646699583976,0
0,0.22250823223945793,0
0,0.12263189132354652,0
0,0.08759554805941039,0
0,0.24350717454312149,0
0,0.06897825727318678,0
0,0.2556893663216763,0
0,0.36967775326025903,0
0,0.10315358749089713,0
0,0.46722799670723303,0
0,0.127372590753234,0
0,0.13650528770619147,0
0,0.09279452390784763,0
0,0.5169620028758009,1
0,0.08498949301311916,0
0,0.1270314911818644,0
0,0.24106562983505728,0
0,0.009870657449920323,0
0,0.17151451010193672,0
0,0.39856705638769513,0
0,0.08304445816283226,0
0,0.4296767490373154,0
0,0.04257874236931448,0
0,0.24767041920272484,0
0,0.051187877089154676,0
0,0.05288983689404115,0
0,0.3630532193927019,0
0,0.007467082078866167,0
0,0.9339636741637937,1
0,0.08312699865500033,0
0,0.027166258012771435,0
0,0.32682272688896935,0
0,0.30082431451957353,0
0,0.10318983310152685,0
0,0.1223320166337154,0
0,0.1709951544031617,0
0,0.32258763151027786,0
0,0.4589299026169642,0
0,0.162002789438699,0
0,0.9269795674662017,1
0,0.08488773581131259,0
0,0.09173781752736367,0
0,0.07836063303755636,0
0,0.15570343129145128,0
0,0.02310458635015155,0
0,0.8134847661464618,1
0,0.0169399323108156,0
0,0.024616741263926167,0
0,0.09574725517179392,0
0,0.13569246381542738,0
0,0.39663039450514076,0
0,0.009238474086634774,0
0,0.18885651484965274,0
0,0.07242365695308631,0
0,0.016074339600681324,0
0,0.07979026737479387,0
0,0.11276712331644737,0
0,0.06735188954063892,0
0,0.5918621599860369,1
0,0.06278542219765275,0
0,0.0503934769116798,0
0,0.10679541044220739,0
0,0.06807748203593726,0
0,0.12820801121070066,0
0,0.9071221863498883,1
0,0.09587609039278411,0
0,0.28540805347691806,0
0,0.027268694613904177,0
0,0.2423136733758303,0
0,0.10135243387727116,0
0,0.41236859089696076,0
0,0.00587903406872058,0
0,0.2525354144633174,0
0,0.12330558316805296,0
0,0.04076425247090465,0
0,0.08732153423457603,0
0,0.16600103388657472,0
0,0.3713413093308396,0
0,0.21835610840818767,0
0,0.06597317243493445,0
0,0.011897561801258361,0
0,0.04516572411652432,0
0,0.01427620089924762,0
0,0.20485751041604736,0
0,0.0860445345858491,0
0,0.9748503674415415,1
0,0.3219527223311323,0
0,0.6898035270706699,1
0,0.4106667967854311,0
0,0.10668894922993283,0
0,0.11448585515622638,0
0,0.02877329135754756,0
0,0.013237220129540218,0
0,0.009829293830629207,0
0,0.17284644732803597,0
0,0.016923451838619645,0
0,0.10034780476517298,0
0,0.3531219016028309,0
0,0.3529218984408995,0
0,0.1335487050551599,0
0,0.025679650907645207,0
0,0.3040374888609292,0
0,0.17088192159779703,0
0,0.09768042198045669,0
0,0.09858444965025158,0
0,0.003971215875939127,0
0,0.06881246077795726,0
0,0.011648906548700867,0
0,0.046816947928349416,0
0,0.0920297749854255,0
0,0.11741946864201135,0
0,0.8921998102751344,1
0,0.15334620745398028,0
0,0.5148005957868768,1
0,0.18724251713994036,0
0,0.44308242979329193,0
0,0.4235018623813146,0
0,0.1274488122668501,0
0,0.4541156753168744,0
0,0.03501523745171874,0
0,0.09948648202994852,0
0,0.2671198353844229,0
0,0.45800421154292975,0
0,0.15594624843921479,0
0,0.15188139748128826,0
0,0.21813629053405387,0
0,0.08422020549034141,0
0,0.15164779015870097,0
0,0.28850771714856727,0
0,0.16136535291420637,0
0,0.023884583379803752,0
0,0.15844027887007517,0
0,0.005716882427267726,0
0,0.003572306933695638,0
0,0.2847815882105714,0
0,0.010484961946236469,0
0,0.013769770179259379,0
0,0.00017224731183146502,0
0,0.4267029890579568,0
0,0.2612222285110985,0
0,0.33229841416174033,0
0,0.1507925683508433,0
0,0.014413622753933118,0
0,0.04189144763352275,0
0,0.1623743494942549,0
0,0.022240884670731216,0
0,0.11743887823423507,0
0,0.22289743670318432,0
0,0.12305073525785926,0
0,0.029373276068876752,0
0,0.05950110381262731,0
0,0.0761247893902628,0
0,0.3389654268079519,0
0,0.08455254977012445,0
0,0.45677528195794964,0
0,0.05005808836109004,0
0,0.4957226760083787,1
0,0.213475672539256,0
0,0.21381163746379453,0
0,0.11693916484495159,0
0,0.634282411363318,1
0,0.19430371787199185,0
0,0.15416517565116986,0
0,0.1700045794534403,0
0,0.028432768047218997,0
0,0.15946752240462087,0
0,0.06971261635661745,0
0,0.033456391017933726,0
0,0.04662453463619734,0
0,0.37033958775002374,0
0,0.32375385782672855,0
0,0.1500842135718474,0
0,0.5621033951902544,1
0,0.04687443847793071,0
0,0.025876726602833473,0
0,0.11593387135451262,0
0,0.21376252667265522,0
0,0.018549807712142312,0
0,0.10871020293780392,0
0,0.2068886718907086,0
0,0.45826707756658036,0
0,0.021968669520361604,0
0,0.1882024247890172,0
0,0.3758312679019316,0
0,0.1746311794787009,0
0,0.07507473580190177,0
0,0.021713706027343686,0
0,0.015997516543844004,0
0,0.08788565933741771,0
0,0.2072026721825417,0
0,0.23961110873221136,0
0,0.4010158417726086,0
0,0.34591238946821734,0
0,0.01730333803464211,0
0,0.21463729911305915,0
0,0.37267070863501944,0
0,0.05647559094949601,0
0,0.3074587935984256,0
0,0.0357333930373593,0
0,0.040917928907893544,0
0,0.7530525259055099,1
0,0.16503211653882707,0
0,0.11247920814790585,0
0,0.14890213403840935,0
0,0.21661188591269817,0
0,0.0102349389414296,0
0,0.24294776515197522,0
0,0.2696566663575726,0
0,0.30673365435868305,0
0,0.025377380198962126,0
0,0.9711024301980081,1
0,0.12362307474526928,0
0,0.04543565459930854,0
0,0.03155960939372187,0
0,0.048945095281631365,0
0,0.04053867138369659,0
0,0.14668944888975932,0
0,0.8767501856637098,1
0,0.26469586881366475,0
0,0.22205006822537238,0
0,0.1204711893074562,0
0,0.11669776592852904,0
0,0.08963388693492053,0
0,0.23571253503108852,0
0,0.05829583063311918,0
0,0.38850635230044,0
0,0.12029259561616298,0
0,0.2506611038886243,0
0,0.17301651214174732,0
0,0.8460323657379405,1
0,0.09511337892570634,0
0,0.0012949420530594558,0
0,0.16732406495442104,0
0,0.10901890318201765,0
0,0.2246853705265189,0
0,0.2654315079487459,0
0,0.32495355506087814,0
0,0.014516011527927659,0
0,0.09789732948310349,0
0,0.6702370781595242,1
0,0.3666020845656585,0
0,0.6122375576650722,1
0,0.025574386143738657,0
0,0.015313902924718858,0
0,0.27213453906172647,0
0,0.5474386013954382,1
0,0.13266708415690087,0
0,0.058929947227873966,0
0,0.6858566862480526,1
0,0.03459715654926023,0
0,0.03530725633214674,0
0,0.26441595362953146,0
0,0.05148532314342031,0
0,0.029428153320712948,0
0,0.30829171553150875,0
0,0.15970349466577732,0
0,0.026373723132521256,0
0,0.637439249604958,1
0,0.0579008209144885,0
0,0.538010170695176,1
0,0.21502356358028685,0
0,0.04630999881003873,0
0,0.09953858452671512,0
0,0.03366681293805845,0
0,0.2940931977758562,0
0,0.0678063059388266,0
0,0.16841269277225865,0
0,0.18811976526723326,0
0,0.06973635238786026,0
0,0.28286275895220236,0
0,0.186229859465217,0
0,0.030905906034816844,0
0,0.08032840679545632,0
0,0.4338055522306388,0
0,0.04486126466776841,0
0,0.01978754085894012,0
0,0.09680578418364215,0
0,0.09273817237900049,0
0,0.24372553855099238,0
0,0.4382251088023384,0
0,0.0567655087703308,0
0,0.007391886488875074,0
0,0.016054187205812333,0
0,0.034598788910480946,0
0,0.2229536159265,0
0,0.26655200178837385,0
0,0.07607307290663588,0
0,0.4496204535987506,0
0,0.27890708138147574,0
0,0.03065595113681397,0
0,0.20374436231614065,0
0,0.030171057484541162,0
0,0.04958405906453915,0
0,0.2421199293823326,0
0,0.0166488156001104,0
0,0.1243815456726095,0
0,0.008374192273619008,0
0,0.7621519807751852,1
0,0.038197946588925606,0
0,0.08655733575464523,0
0,0.1581834947856776,0
0,0.04323517897098927,0
0,0.196880869991506,0
0,0.4331792985604851,0
0,0.43814889592048495,0
0,0.09535612544617186,0
0,0.884305354136944,1
0,0.1925343049314442,0
0,0.685685810492008,1
0,0.031144151507739182,0
0,0.15218932302864735,0
0,0.4731343496431631,0
0,0.02712579374024406,0
0,0.03068209087116436,0
0,0.4818472979578477,0
0,0.025787637785825525,0
0,0.07176219087076377,0
0,0.06689292352929276,0
0,0.1644451514473867,0
0,0.22579591042678832,0
0,0.8509326607309695,1
0,0.15487923538692244,0
0,0.16087732885491632,0
0,0.6886025232438303,1
0,0.1594263940802138,0
0,0.6483528342212697,1
0,0.009086914468640838,0
0,0.0014469021320277727,0
0,0.07199927009420769,0
0,0.3324966758902283,0
0,0.02638639400965273,0
0,0.2560763481945566,0
0,0.4001793528465537,0
0,0.07695756684023311,0
0,0.17950635585443417,0
0,0.013228158809824534,0
0,0.0884152947789655,0
0,0.018006175359100287,0
0,0.25965289917916873,0
0,0.14686666975783166,0
0,0.029268239573719233,0
0,0.1564395553083582,0
0,0.014351807201753497,0
0,0.10700310146738395,0
0,0.04393191914351575,0
0,0.29090345108864724,0
0,0.035327763259830905,0
0,0.1593505852746684,0
0,0.2121203598123304,0
0,0.35267879859725765,0
0,0.10321917989376736,0
0,0.11730808615057559,0
0,0.07450205515057873,0
0,0.3736325261993984,0
0,0.07784233605684,0
0,0.08653877840714701,0
0,0.3197568209468572,0
0,0.006567721514276026,0
0,0.3677948588594803,0
0,0.14759209076180022,0
0,0.16015346127826738,0
0,0.1046801241696135,0
0,0.15576805520177855,0
0,0.050439128863506315,0
0,0.01650909794660144,0
0,0.05326663737621474,0
0,0.00439225298886853,0
0,0.115361677702857,0
0,0.03676951144534594,0
0,0.35297160628615537,0
0,0.24032121910061827,0
0,0.028495457465770778,0
0,0.08014290720593784,0
0,0.007924651396070513,0
0,0.1664974049827645,0
0,0.19934926941069106,0
0,0.03579555238720941,0
0,0.10701227381246635,0
0,0.780790320354645,1
0,0.09662631993573556,0
0,0.5554416586772192,1
0,0.1666732578829783,0
0,0.28294694254160496,0
0,0.19356080530575223,0
0,0.10336534624853955,0
0,0.5354927897784035,1
0,0.0341424316088006,0
0,0.3185720982941168,0
0,0.035040260980596954,0
0,0.30791881464041204,0
0,0.5757638477495474,1
0,0.23482190582739615,0
0,0.3099407942395491,0
0,0.2763939238042954,0
0,0.046300193136492654,0
0,0.4592677774155402,0
0,0.1790578548587835,0
0,0.3533443148881406,0
0,0.3497813525082621,0
0,0.014911230608252128,0
0,0.36103267332938455,0
0,0.4852927050768849,0
0,0.4121999948745653,0
0,0.010222386799122475,0
0,0.24648089883803795,0
0,0.2549218778108437,0
0,0.2700047518067298,0
0,0.22719325964766787,0
0,0.04107193750055232,0
0,0.9601309653386745,1
0,0.002282891579570892,0
0,0.019811626256408085,0
0,0.12059480155096522,0
0,0.05361631470741085,0
0,0.06369471851742928,0
0,0.04953960098650849,0
0,0.7034344502401543,1
0,0.10090705343836347,0
0,0.3366183476236923,0
0,0.21740539451833651,0
0,0.1703081966068642,0
0,0.19374211193588964,0
0,0.5080298543248042,1
0,0.05429559972650635,0
0,0.06971001346046968,0
0,0.2903431682296068,0
0,0.8143201216532189,1
0,0.15084190851253754,0
0,0.42091813418424795,0
0,0.1601208668229268,0
0,0.04780846107986152,0
0,0.2552795882923184,0
0,0.37662326878060176,0
0,0.9332450805340967,1
0,0.006428638901921367,0
0,0.6674905346679599,1
0,0.07882258874169443,0
0,0.17253831261541724,0
0,0.04567110721123036,0
0,0.05532506423236835,0
0,0.016648047645054363,0
0,0.17567168252935086,0
0,0.3053571327407939,0
0,0.3548440360997962,0
0,0.11498940723950472,0
0,0.4817236249946556,0
0,0.12945743273603577,0
0,0.7247805623529898,1
0,0.4106530727246998,0
0,0.6799592756350314,1
0,0.06095779077575711,0
0,0.056717514368686425,0
0,0.09816761803740301,0
0,0.052168747485120834,0
0,0.12438456563131736,0
0,0.031335493114987206,0
0,0.12607874114369708,0
0,0.2923908092499224,0
0,0.35883116387817454,0
0,0.06673490343895298,0
0,0.17585988838428593,0
0,0.19028029364363236,0
0,0.23765524402193547,0
0,0.23507785163839431,0
0,0.0048685258166820105,0
0,0.08854702620565502,0
0,0.35522124553910633,0
0,0.299343162635099,0
0,0.2169587999991272,0
0,0.31987896678854966,0
0,0.20429771592778978,0
0,0.1937625197420598,0
0,0.006213772288635047,0
0,0.06728604650684909,0
0,0.017404396907011184,0
0,0.026876266765240787,0
0,0.020914395808612558,0
0,0.012663328640693541,0
0,0.09999299387868747,0
0,0.014112995414922995,0
0,0.030037965014117134,0
0,0.46886435738537985,0
0,0.39567008849480895,0
0,0.0937051522108246,0
0,0.4295640233608835,0
0,0.6670833120093833,1
0,0.694999904811991,1
0,0.11822406810648152,0
0,0.0020521336672501157,0
0,0.025304173203950602,0
0,0.025337748631877783,0
0,0.8618129542420868,1
0,0.389072126160584,0
0,0.05251080368309889,0
0,0.0692122449859262,0
0,0.04185354129305148,0
0,0.001431002204047332,0
0,0.6189939676225659,1
0,0.4178029920209286,0
0,0.42027352292489023,0
0,0.04990311753286342,0
0,0.04152045696232541,0
0,0.0606934995250965,0
0,0.3358688816228981,0
0,0.13134870982054098,0
0,0.15388625412254442,0
0,0.00584012725035106,0
0,0.3068120140940227,0
0,0.19041785346229012,0
0,0.21096721279818087,0
0,0.17559033186800668,0
0,0.04884831625711895,0
0,0.5973315573575663,1
0,0.052907003633561926,0
0,0.2428679863781057,0
0,0.021229760897128247,0
0,0.044750038259105895,0
0,0.10267296770307222,0
0,0.03138546330950517,0
0,0.0038727157782571823,0
0,0.3602012767900204,0
0,0.45129742273964435,0
0,0.17380717183800856,0
0,0.6357490743649958,1
0,0.4057761814330221,0
0,0.5162183587042122,1
0,0.18021512569326537,0
0,0.21979789548805076,0
0,0.588327898775884,1
0,0.21606587034426503,0
0,0.22769171391694779,0
0,0.0655028011806257,0
0,0.009912386007226558,0
0,0.10988616817321056,0
0,0.5636279848247685,1
0,0.14918515246128572,0
0,0.08357075347438922,0
0,0.1444790433558723,0
0,0.12710764666618965,0
0,0.7312618584208509,1
0,0.18454088452086292,0
0,0.2754310942383271,0
0,0.5955368396011084,1
0,0.10532106802411695,0
0,0.05178269518582791,0
0,0.16439286498022707,0
0,0.264105528700203,0
0,0.04830487067228959,0
0,0.14242942383442375,0
0,0.11831189337138445,0
0,0.0656822484739994,0
0,0.009085621391996085,0
0,0.023317776355690753,0
0,0.04253441259220924,0
0,0.04015402042635347,0
0,0.007481464062218498,0
0,0.5922141316861254,1
0,0.5114900978623798,1
0,0.1669308041257872,0
0,0.17458279537757732,0
0,0.5239760233349218,1
0,0.018888907864459695,0
0,0.17267245988197752,0
0,0.14760073379025734,0
0,0.07012561091089682,0
0,0.13149847421203095,0
0,0.33271835270689176,0
0,0.2001302364278466,0
0,0.392797352454739,0
0,0.02034841382625155,0
0,0.29892008480386056,0
0,0.018552926175528756,0
0,0.19544561577419428,0
0,0.37388719963057143,0
0,0.10902271176386728,0
0,0.023299821297008926,0
0,0.7661274662918357,1
0,0.02556943001726776,0
0,0.337278299763666,0
0,0.10288408303697959,0
0,0.1854142272591392,0
0,0.17026878513754515,0
0,0.26744710788311993,0
0,0.005625631227594169,0
0,0.05314932113678622,0
0,0.05294477163103029,0
0,0.6679219742541778,1
0,0.023909566095005264,0
0,0.025370882282188794,0
0,0.3668854517805815,0
0,0.21793133600178327,0
0,0.17195868970792566,0
0,0.14395491524049664,0
0,0.5512155900010105,1
0,0.019959517306094153,0
0,0.30479936496333715,0
0,0.3034222251147904,0
0,0.0016552589710497226,0
0,0.116671206986126,0
0,0.3138418229213279,0
0,0.1567247945471379,0
0,0.4863005044184995,0
0,0.18186828078289877,0
0,0.5501885162624777,1
0,0.46223799164859414,0
0,0.06855963610440687,0
0,0.3516236111559019,0
0,0.3385129069090317,0
0,0.06599857130065706,0
0,0.36056743154898296,0
0,0.3812664923691577,0
0,0.08107250671199043,0
0,0.9030005565682403,1
0,0.06744986125934582,0
0,0.10588400228077038,0
0,0.03596140768099954,0
0,0.6719525490942033,1
0,0.0808492604535169,0
0,0.35194388833334295,0
0,0.5271215207005724,1
0,0.08188816890831328,0
0,0.05053633479740416,0
0,0.005235636679399462,0
0,0.0027342188617065365,0
0,0.06796101797135151,0
0,0.7945522377659325,1
0,0.05171110422555371,0
0,0.6504055814125931,1
0,0.27049207105637535,0
0,0.05802783263890235,0
0,0.021497880306113718,0
0,0.024773181158643052,0
0,0.06701967830846069,0
0,0.006819443047749358,0
0,0.14848088015258415,0
0,0.8182131467349019,1
0,0.03417469992390607,0
0,0.1672017474246535,0
0,0.12168329436614658,0
0,0.7373500775516421,1
0,0.3089221559827649,0
0,0.14923992853656284,0
0,0.06682673067981403,0
0,0.08667191950422214,0
0,0.7142572112672045,1
0,0.08835931495406125,0
0,0.13485351413886815,0
0,0.060878568524301714,0
0,0.1262543614588794,0
0,0.1277156547239063,0
0,0.0297751453603711,0
0,0.013772985175661999,0
0,0.031517599723285154,0
0,0.1712290061455858,0
0,0.7945400248915457,1
0,0.24782721749966435,0
0,0.04933940634178932,0
0,0.30410204772408256,0
0,0.4224303090097737,0
0,0.059328497166442236,0
0,0.02098115050592519,0
0,0.04597594700529901,0
0,0.5329339044195297,1
0,0.0670241487587296,0
0,0.057726063296124695,0
0,0.07216119850802788,0
0,0.06510300611062514,0
0,0.4957030328864954,1
0,0.027847423237074724,0
0,0.037206043062384446,0
0,0.541990681984254,1
0,0.530280845253663,1
0,0.06623171810337616,0
0,0.017414195307851685,0
0,0.2756325161533013,0
0,0.027481704113596794,0
0,0.0650467750146007,0
0,0.1344124753051128,0
0,0.007174527050646465,0
0,0.03196856044226819,0
0,0.3477460055872561,0
0,0.050653761552914886,0
0,0.04534257572729522,0
0,0.09275201394041804,0
0,0.13232193448355467,0
0,0.5906364521984797,1
0,0.17550976966430015,0
0,0.39236248246736105,0
0,0.04209208588752836,0
0,0.12623184720451144,0
0,0.050168587572385286,0
0,0.012114072990241354,0
0,0.05139369329045993,0
0,0.0530740428406264,0
0,0.09598316497454751,0
0,0.25918683918295593,0
0,0.23485829164146632,0
0,0.04659280057372508,0
0,0.8444438026751526,1
0,0.016900904751774717,0
0,0.5518503956260224,1
0,0.3701509881966835,0
0,0.3897461850578622,0
0,0.2796507324472387,0
0,0.02278554033505276,0
0,0.2702876167837478,0
0,0.5070656697618622,1
0,0.3576915015470433,0
0,0.020644377046232284,0
0,0.118141270245066,0
0,0.22127994559511321,0
0,0.38035573267242,0
0,0.18069984622214708,0
0,0.8531716354893947,1
0,0.03589041402265866,0
0,0.21384534687326695,0
0,0.04187917677359964,0
0,0.07063225109360106,0
0,0.06896078120750855,0
0,0.4781360989173542,0
0,0.22418864926444845,0
0,0.3153481139167442,0
0,0.12684273106049998,0
0,0.009079126949590474,0
0,0.18731998591360574,0
0,0.024422374221409776,0
0,0.04379057152738754,0
0,0.4911511513050899,0
0,0.7512067651006326,1
0,0.3870337980289559,0
0,0.653726225052918,1
0,0.3407706001079203,0
0,0.03955446467866091,0
0,0.029860994954061616,0
0,0.06232487542010675,0
0,0.08067510520778955,0
0,0.35362694741870054,0
0,0.04236303613438673,0
0,0.2510588532381345,0
0,0.11368423917278277,0
0,0.8695498623410507,1
0,0.09104651665723569,0
0,0.1728196147682215,0
0,0.923501758449515,1
0,0.0015978879114302862,0
0,0.03446750304006494,0
0,0.04654477272985982,0
0,0.5707932921223376,1
0,0.11998488800083087,0
0,0.0009624110945718571,0
0,0.3580590631631793,0
0,0.11163268612268275,0
0,0.05628107361475019,0
0,0.04410956656372342,0
0,0.37598823606737775,0
0,0.05270492511277514,0
0,0.5031595575978811,1
0,0.4387696587233442,0
0,0.024424306485460498,0
0,0.15735154118839234,0
0,0.01656264954688813,0
0,0.15376395826911493,0
0,0.1523440533716981,0
0,0.07897018699057622,0
0,0.2079959672308823,0
0,0.4624501414541847,0
0,0.23075109011274877,0
0,0.2739345065784275,0
0,0.0017073945314215334,0
0,0.18153735540440616,0
0,0.8954171040567013,1
0,0.09348303233814961,0
0,0.06295148469703046,0
0,0.014566527388376172,0
0,0.012919264862642624,0
0,0.1600710190238763,0
0,0.4983119089293697,1
0,0.2006500712291905,0
0,0.05742500334769999,0
0,0.041647914082561015,0
0,0.15216095033156915,0
0,0.2318265789065279,0
0,0.4069694705063099,0
0,0.15096370179540922,0
0,0.12895045766314198,0
0,0.39129263277054943,0
0,0.016731773017521087,0
0,0.20648501348152748,0
0,0.1377876520886994,0
0,0.7261631257058234,1
0,0.15678468062547382,0
0,0.0363254383137479,0
0,0.06841499723902676,0
0,0.04312817292197706,0
0,0.16259687872438783,0
0,0.057025211450784964,0
0,0.09321007945510242,0
0,0.7474199300185215,1
0,0.08880346525942297,0
0,0.051436738909718345,0
0,0.2052648355138233,0
0,0.025034141127566807,0
0,0.011397110032714822,0
0,0.008552246492683246,0
0,0.006151499141264695,0
0,0.30859367241677543,0
0,0.32793480189433627,0
0,0.1194599967172627,0
0,0.046395887667781376,0
0,0.25338260828007125,0
0,0.025470734909048408,0
0,0.15932254410002758,0
0,0.5855032340460454,1
0,0.20314446448761414,0
0,0.24951025472655652,0
0,0.189237097001844,0
0,0.08942036830370483,0
0,0.22610622184015672,0
0,0.14803813063762078,0
0,0.18013091044118656,0
0,0.02725453092118805,0
0,0.1648307501401351,0
0,0.9889374788394036,1
0,0.44665899635671213,0
0,0.01830347112765232,0
0,0.03553129737084285,0
0,0.010004383042487401,0
0,0.1118543423451342,0
0,0.3329994132486406,0
0,0.11551260679427235,0
0,0.09300747262664695,0
0,0.06186390571728399,0
0,0.03679970869156811,0
0,0.039544190701223544,0
0,0.03539752552129491,0
0,0.14778854837332153,0
0,0.21464322781867656,0
0,0.023516735017971305,0
0,0.12521838229344853,0
0,0.3615034139354806,0
0,0.056744512756443356,0
0,0.36192529714855576,0
0,0.05556271740231101,0
0,0.6937846876484469,1
0,0.1382405450153213,0
0,0.032613807532458565,0
0,0.10735101400189481,0
0,0.018290903866294908,0
0,0.3383108740913113,0
0,0.3893907957707978,0
0,0.16350634004760262,0
0,0.1115118562365343,0
0,0.3544977391725458,0
0,0.037170238074747085,0
0,0.07348117110948549,0
0,0.24241208198585223,0
0,0.11716361741921572,0
0,0.9109822167935497,1
0,0.06083084157436153,0
0,0.10271071588850672,0
0,0.373937292573175,0
0,0.028189192327324388,0
0,0.10839450992420219,0
0,0.1021122288572096,0
0,0.07014218332670281,0
0,0.025963337607174466,0
0,0.14771395468575244,0
0,0.06345036144486459,0
0,0.11586493296289546,0
0,0.3111275593969129,0
0,0.22089718671140568,0
0,0.33870245803334237,0
0,0.2105501498174955,0
0,0.03753309507633169,0
0,0.0014155520495968024,0
0,0.2688371223563772,0
0,0.011205839837019275,0
0,0.10631735460229241,0
0,0.38187578596336036,0
0,0.027853436406322346,0
0,0.03361146170543056,0
0,0.5062254515709198,1
0,0.09218677191793269,0
0,0.0026045715397918115,0
0,0.05467365793790281,0
0,0.1598001394022937,0
0,0.04601328120440362,0
0,0.26146869814860774,0
0,0.14577463196020155,0
0,0.6265446017126292,1
0,0.023233707715365873,0
0,0.7220036374467648,1
0,0.042403419918337404,0
0,0.2757358529497986,0
0,0.927971540593445,1
0,0.1643432514086442,0
0,0.5542667211509947,1
0,0.07080379622938053,0
0,0.0262279499003045,0
0,0.20978394292821373,0
0,0.8542094321421891,1
0,0.22857652608530507,0
0,0.003733031515718685,0
0,0.046997869180952695,0
0,0.04562930036339443,0
0,0.11503085676513283,0
0,0.0482457978029615,0
0,0.03965965370979334,0
0,0.9443928736271425,1
0,0.0393886120584887,0
0,0.25558629144091466,0
0,0.06263653270377482,0
0,0.5039319328485568,1
0,0.26574318978660316,0
0,0.06887986452103591,0
0,0.20773930410377325,0
0,0.946690178926145,1
0,0.06561792105470796,0
0,0.04233100673419162,0
0,0.8740076263732391,1
0,0.08464299907677982,0
0,0.3406682012034699,0
0,0.0715846723776098,0
0,0.023717614779347935,0
0,0.002283274353480746,0
0,0.12200075212464807,0
0,0.018226594369068712,0
0,0.3406164436360657,0
0,0.01967491983244845,0
0,0.12026795440448385,0
0,0.03779323774657911,0
0,0.11383135429291655,0
0,0.037187005367088084,0
0,0.07220640229754957,0
0,0.017281821543659922,0
0,0.2936406077813903,0
0,0.08420007484881965,0
0,0.7490020466627632,1
0,0.298022686116402,0
0,0.5825459408374838,1
0,0.36877964697847726,0
0,0.601029227460897,1
0,0.16809846169909984,0
0,0.01521158476993412,0
0,0.1354998127007214,0
0,0.10552294488132907,0
0,0.7294000361927644,1
0,0.1484557896397848,0
0,0.162704154419187,0
0,0.3333303333774044,0
0,0.1041323727944998,0
0,0.0030516259515165713,0
0,0.15089304180970226,0
0,0.4640517022604377,0
0,0.33512563141184065,0
0,0.030030858711629044,0
0,0.053995365548574474,0
0,0.06103751406700242,0
0,0.012940165863929466,0
0,0.7147516924347491,1
0,0.26904301929611046,0
0,0.010298076707520401,0
0,0.1357454471193386,0
0,0.15559415688216505,0
0,0.08354219910392455,0
0,0.024429883840708017,0
0,0.10781451104475896,0
0,0.028288056024657362,0
0,0.10177762456629967,0
0,0.38157094593480617,0
0,0.05852040518597086,0
0,0.2705645070630691,0
0,0.22189489301882045,0
0,0.047928897786737354,0
0,0.0500174639580521,0
0,0.007410342000322016,0
0,0.16494053950541582,0
0,0.37814372400068397,0
0,0.9864175274245328,1
0,0.8169668441743675,1
0,0.7332821902984265,1
0,0.10694451428273898,0
0,0.5399984424843549,1
0,0.03226744858301783,0
0,0.07921494889521584,0
0,0.02978942764030919,0
0,0.005397165787618213,0
0,0.024496553289228434,0
0,0.39795456079555974,0
0,0.26719113182906484,0
0,0.04065865746813544,0
0,0.027361403496079673,0
0,0.37680928147285436,0
0,0.09286847741081922,0
0,0.15303700494743125,0
0,0.4527294271685464,0
0,0.19864752984983328,0
0,0.004914607817260687,0
0,0.031755053097645335,0
0,0.015130638590813976,0
0,0.06522312513887545,0
0,0.3386203948228794,0
0,0.038812035891221536,0
0,0.09210959980465334,0
0,0.16155340170085236,0
0,0.08494245799114375,0
0,0.11724581179347883,0
0,0.22986464889871114,0
0,0.25288713388842526,0
0,0.13320965778975113,0
0,0.1782150227204475,0
0,0.12266406488750094,0
0,0.004709342560556938,0
0,0.29612685628083607,0
0,0.05695210462052344,0
0,0.03559603415033378,0
0,0.23103314021067714,0
0,0.046636700965782915,0
0,0.35489954612862135,0
0,0.09353477659495373,0
0,0.16410516106581544,0
0,0.6706218414226752,1
0,0.6438501104371469,1
0,0.4692254950780594,0
0,0.3998299394255359,0
0,0.1469131544467834,0
0,0.027048315496758076,0
0,0.021007178608191387,0
0,0.0315093902375622,0
0,0.07457052116212819,0
0,0.10223531987840202,0
0,0.07463847868283506,0
0,0.6553543341351568,1
0,0.4660318111897245,0
0,0.5817856356028666,1
0,0.013174161708591913,0
0,0.08940716305603645,0
0,0.47695648584467365,0
0,0.27141467559249854,0
0,0.20216388942889443,0
0,0.47242624598275823,0
0,0.5525796953835993,1
0,0.2155022837006201,0
0,0.2653087140327921,0
0,0.5013952843065101,1
0,0.3399779688748762,0
0,0.05283063203254468,0
0,0.4047057458551851,0
0,0.041320534043586495,0
0,0.03808503284275015,0
0,0.31277538228437124,0
0,0.5334962500509624,1
0,0.8090390814043216,1
0,0.10039196283453304,0
0,0.07074320191674942,0
0,0.0615399853674684,0
0,0.003139193396136592,0
0,0.32809273210497447,0
0,0.01506717277268968,0
0,0.2782426747130776,0
0,0.18710893714986365,0
0,0.07245170540855948,0
0,0.08309847443130086,0
0,0.014709507273447883,0
0,0.11653229242024406,0
0,0.11008641544794848,0
0,0.11605306806196669,0
0,0.7816950009877746,1
0,0.2056144865152128,0
0,0.13838116550115273,0
0,0.09647507543611787,0
0,0.030140687411414707,0
0,0.8743116944335618,1
0,0.010466270467206834,0
0,0.04985584302490467,0
0,0.5824372588831503,1
0,0.035833852600582465,0
0,0.03962039870203196,0
0,0.2729322457668525,0
0,0.0771403731864032,0
0,0.11751701062511549,0
0,0.018071320215296692,0
0,0.8244274530739343,1
0,0.02552125542554358,0
0,0.012419559155872832,0
0,0.4828312206147603,0
0,0.0682208991213677,0
0,0.4386628962099066,0
0,0.12728464041962878,0
0,0.07485681538405768,0
0,0.39965126956748687,0
0,0.027902903075625016,0
0,0.05199676328570006,0
0,0.02765876543809297,0
0,0.18932165590382777,0
0,0.06039111379272395,0
0,0.06787953581652269,0
0,0.25552622033497563,0
0,0.7391406784249885,1
0,0.12324412568568976,0
0,0.02586846495076971,0
0,0.20385099557077868,0
0,0.007321209824641259,0
0,0.02264333718975055,0
0,0.38248284774160346,0
0,0.04778914165573067,0
0,0.05368399015179183,0
0,0.3665755543098355,0
0,0.27392660717647194,0
0,0.0011492662477770549,0
0,0.9928792342730548,1
0,0.00010937873720304406,0
0,0.009278888068538679,0
0,0.06379948902726494,0
0,0.014267924078310687,0
0,0.04106973504742568,0
0,0.022401415788374752,0
0,0.2978178418668245,0
0,0.059630486581398016,0
0,0.023683639295564638,0
0,0.9172007047899814,1
0,0.17658061286634905,0
0,0.23053590450408165,0
0,0.2736446663857739,0
0,0.1549677982272326,0
0,0.05414438272488729,0
0,0.024196069338720944,0
0,0.18276346538217633,0
0,0.1431136191056643,0
0,0.23976654694861585,0
0,0.433295096713331,0
0,0.05610066858416027,0
0,0.013153429921610619,0
0,0.22474242800754227,0
0,0.48271449954017004,0
0,0.11363077537879533,0
0,0.11561024112411315,0
0,0.27955933324325954,0
0,0.041602442101857345,0
0,0.15002069726584888,0
0,0.10323765454320843,0
0,0.25903767191458577,0
0,0.1185618370093792,0
0,0.023223340359491414,0
0,0.08859017916184578,0
0,0.022487733374123655,0
0,0.29092900241646463,0
0,0.701118148790748,1
0,0.030611495493941942,0
0,0.005691424394302485,0
0,0.021438585242360107,0
0,0.175775567857207,0
0,0.21583766523763842,0
0,0.0869452130088956,0
0,0.022398935349736616,0
0,0.16944382518569778,0
0,0.23605385012808824,0
0,0.020068249346847554,0
0,0.14341260036710315,0
0,0.17811248669206267,0
0,0.2651211540965179,0
0,0.22068051403544184,0
0,0.11501206598864847,0
0,0.011054758829348279,0
0,0.11397233578056498,0
0,0.13334114924688925,0
0,0.21082285583437216,0
0,0.11362916561069113,0
0,0.4889516429604109,0
0,0.28229366318245747,0
0,0.42641020027872656,0
0,0.013318443958963871,0
0,0.07656977895112967,0
0,0.37631302043989584,0
0,0.05871588498922694,0
0,0.7903686256253363,1
0,0.09014120789364408,0
0,0.3977841186251809,0
0,0.6232147835736012,1
0,0.007715600559257545,0
0,0.8144295436109283,1
0,0.08279667774543317,0
0,0.15166645524568292,0
0,0.4043324080150277,0
0,0.1493059848121705,0
0,0.14171576322566665,0
0,0.05505212677969343,0
0,0.06787270536552306,0
0,0.12343993003295464,0
0,0.08377851078514172,0
0,0.02376836497077247,0
0,0.06311591898845649,0
0,0.31838299462413944,0
0,0.018440840543537212,0
0,0.06994957753841509,0
0,0.3613405296149145,0
0,0.03728974873154549,0
0,0.3992751975627394,0
0,0.13095127089958367,0
0,0.7676119775528251,1
0,0.04422817061740677,0
0,0.1598126095537503,0
0,0.008923259323437727,0
0,0.29711682703346637,0
0,0.0311820242544058,0
0,0.16033446386855563,0
0,0.14852252810502234,0
0,0.09655350280836177,0
0,0.45573681671725885,0
0,0.002912130663044018,0
0,0.04323215738286172,0
0,0.9370182752740568,1
0,0.08588482964363502,0
0,0.5867016525273283,1
0,0.11798048517686155,0
0,0.05151835170616879,0
0,0.14909626583968913,0
0,0.394563307930835,0
0,0.1530892398897582,0
0,0.9194395558563501,1
0,0.27368368331563675,0
0,0.029554583798527028,0
0,0.7793129716318301,1
0,0.14372923734379112,0
0,0.2592958559391476,0
0,0.10583606067300114,0
0,0.004679563651591814,0
0,0.7305995096701392,1
0,0.8680280911486167,1
0,0.6796000454676839,1
0,0.0637109076231693,0
0,0.08493437383941026,0
0,0.024332696326800105,0
0,0.014743824538822045,0
0,0.013052526535166245,0
0,0.5702054819663386,1
0,0.0333316850043425,0
0,0.20766427250121416,0
0,0.26867967359476835,0
0,0.5932046902226629,1
0,0.019206735838936097,0
0,0.7829667927511379,1
0,0.03523355668830906,0
0,0.04723493654793201,0
0,0.6279148307608018,1
0,0.039307483653560904,0
0,0.0508664825511898,0
0,0.07529609760373303,0
0,0.011407734332329124,0
0,0.877370682585317,1
0,0.26510461245812694,0
0,0.07564539743804805,0
0,0.0818456669081807,0
0,0.27817832628954964,0
0,0.38755345584642914,0
0,0.08554835465412565,0
0,0.4397572529965798,0
0,0.32288702296438115,0
0,0.164890137104294,0
0,0.13442036591758408,0
0,0.05029419495267445,0
0,0.010837584821161957,0
0,0.11792905510846972,0
0,0.05325506487705472,0
0,0.012638825452413249,0
0,0.14401144024551477,0
0,0.279935361824692,0
0,0.3165675031394498,0
0,0.02914789299096527,0
0,0.1133858455381319,0
0,0.15483304548579685,0
0,0.08222583359346163,0
0,0.016487984783576756,0
0,0.023046151500854397,0
0,0.854241470873125,1
0,0.5549205380481932,1
0,0.05666371195115498,0
0,0.046182513148772406,0
0,0.021849832906976938,0
0,0.021774986765714686,0
0,0.11418316295627892,0
0,0.0820867284384247,0
0,0.023767012477372198,0
0,0.179140072109326,0
0,0.03910482452824312,0
0,0.36512118451709297,0
0,0.8528208750353751,1
0,0.10353478330468412,0
0,0.29782303679192,0
0,0.40805518328050605,0
0,0.4156760214848913,0
0,0.09767526384095995,0
0,0.024483054213356323,0
0,0.05612228011368685,0
0,0.13045665348135957,0
0,0.11348629741896817,0
0,0.3649809784206001,0
0,0.4563481515149225,0
0,0.08872556192608128,0
0,0.13092618079539467,0
0,0.13686867542355916,0
0,0.02884817119214508,0
0,0.1204979485404699,0
0,0.8402777576640247,1
0,0.037130063009857626,0
0,0.0877091802720047,0
0,0.02966312469462621,0
0,0.08830883641141755,0
0,0.02539528647818304,0
0,0.1746272922216306,0
0,0.5382565847689963,1
0,0.43929547625554166,0
0,0.6811343228127837,1
0,0.8940884595172621,1
0,0.5526609419449171,1
0,0.4676243821313189,0
0,0.0349372047343708,0
0,0.011603373321543249,0
0,0.08832857507586404,0
0,0.1848497607969634,0
0,0.13657492916097014,0
0,0.3988857584727679,0
0,0.025588476965306393,0
0,0.8509128069444921,1
0,0.0025258260328232343,0
0,0.3218735091145411,0
0,0.060657670483872175,0
0,0.12153050782870262,0
0,0.03410260569813564,0
0,0.7169901786003755,1
0,0.073917407741,0
0,0.3577887249821399,0
0,0.26774421930401204,0
0,0.009575761098084645,0
0,0.058389351705762635,0
0,0.1578835310318023,0
0,0.00731575509659877,0
0,0.0018663165745716342,0
0,0.10696311991466312,0
0,0.24425161573665943,0
0,0.05892785478536382,0
0,0.03596926890390218,0
0,0.22965175669221177,0
0,0.22356354377658286,0
0,0.03062158613152068,0
0,0.34074670192228856,0
0,0.9889106493760925,1
0,0.30820337612028703,0
0,0.016114846596198544,0
0,0.13059539677833237,0
0,0.32241863845572916,0
0,0.3370778530477057,0
0,0.016752543135164496,0
0,0.0728660889071975,0
0,0.8575484870796516,1
0,0.2861905517970964,0
0,0.062103215020529734,0
0,0.08476105520182395,0
0,0.06620254625522448,0
0,0.14333348368512766,0
0,0.17366414042796166,0
0,0.47716166603145715,0
0,0.1317940969810682,0
0,0.7585291766853681,1
0,0.06068550530709323,0
0,0.2845575665353494,0
0,0.7413919992295321,1
0,0.0004416950411522567,0
0,0.5259265620672408,1
0,0.3176250562969892,0
0,0.139977965714199,0
0,0.15866385827016055,0
0,0.1264719060065597,0
0,0.09030043826357527,0
0,0.026792574303382746,0
0,0.8374170297326252,1
0,0.8426723331201644,1
0,0.03886906797596343,0
0,0.3777033917616629,0
0,0.015936993947643807,0
0,0.5090945073099639,1
0,0.5217174934330189,1
0,0.25554875530477383,0
0,0.32581645218759847,0
0,0.06657665254794251,0
0,0.013605845121418072,0
0,0.25800416792964426,0
0,0.24638051507071593,0
0,0.01883965588283468,0
0,0.03126645410286326,0
0,0.020047438427542273,0
0,0.06324908733310643,0
0,0.8685564960125038,1
0,0.26534458195996097,0
0,0.1142054657398216,0
0,0.1439573119364281,0
0,0.05402831084361916,0
0,0.050520802393104046,0
0,0.14579348696537606,0
0,0.05996493686160284,0
0,0.18208842625532115,0
0,0.505140868202339,1
0,0.26914223304984836,0
0,0.03817442331358302,0
0,0.5941085050541075,1
0,0.05868086331642659,0
0,0.4661389254525348,0
0,0.02498372345855865,0
0,0.41131954577734287,0
0,0.015188504440006408,0
0,0.27196439129647343,0
0,0.009652281114439387,0
0,0.5193299054777076,1
0,0.24416077997933597,0
0,0.08331486061744461,0
0,0.13370582842432127,0
0,0.6489612865403515,1
0,0.05311004746890454,0
0,0.24137742731789194,0
0,0.12768303857249103,0
0,0.007127857090869414,0
0,0.03584254354022381,0
0,0.12990615499935845,0
0,0.16420227179270128,0
0,0.7379100863218048,1
0,0.3853991430174979,0
0,0.030064314166889244,0
0,0.044050076467356786,0
0,0.14786841840065681,0
0,0.009711696799012452,0
0,0.13469619814724842,0
0,0.08567502596700736,0
0,0.22035867188754107,0
0,0.15777610447778226,0
0,0.15115483022453913,0
0,0.010192260242863562,0
0,0.031441997786073435,0
0,0.030035579479167483,0
0,0.09822520287165096,0
0,0.04038161626756107,0
0,0.015174706482586982,0
0,0.027851973660241777,0
0,0.13263538650772375,0
0,0.8773401662717186,1
0,0.028920604748317296,0
0,0.0028303784608148803,0
0,0.5074367329830064,1
0,0.23274077899621723,0
0,0.18109990559182204,0
0,0.2311316081804804,0
0,0.14927012589866398,0
0,0.009966932191030049,0
0,0.44060937966997976,0
0,0.02830574200210921,0
0,0.15137040234667856,0
0,0.018702263003885434,0
0,0.03297912408253927,0
0,0.19992088469073155,0
0,0.2185235125536645,0
0,0.2416576629828252,0
0,0.3872015382359661,0
0,0.22137942486150577,0
0,0.0237011098802738,0
0,0.11097318411353782,0
0,0.021753510978340624,0
0,0.06268619554092539,0
0,0.1964417046938751,0
0,0.01349996093034692,0
0,0.11647633321723208,0
0,0.7949815519690275,1
0,0.023819355615125715,0
0,0.024120710430308053,0
0,0.042114249935291094,0
0,0.28223083329110316,0
0,0.3215081559098413,0
0,0.08500533341665457,0
0,0.9258853127574052,1
0,0.031098480186581155,0
0,0.14092350692292677,0
0,0.17951873444767721,0
0,0.5361224384362665,1
0,0.8142982227607556,1
0,0.12236421188323107,0
0,0.06395488415193215,0
0,0.022932896833645647,0
0,0.6053568150243506,1
0,0.10376106110625506,0
0,0.14767173865210026,0
0,0.09960608816004951,0
0,0.0853614567481845,0
0,0.08212848151395356,0
0,0.41369776925041307,0
0,0.07411938407899073,0
0,0.11198330348115097,0
0,0.08903253870000728,0
0,0.9900721654046986,1
0,0.13283209504553214,0
0,0.0178540786835316,0
0,0.018132396822364852,0
0,0.05587954185804258,0
0,0.11276918356323945,0
0,0.03439176759443243,0
0,0.0641907997841156,0
0,0.11746511272373637,0
0,0.6220600769100904,1
0,0.055180002235578625,0
0,0.04187661498241434,0
0,0.026483179680150844,0
0,0.9299573523028793,1
0,0.511257814515813,1
0,0.04893805200510835,0
0,0.101829956135224,0
0,0.054111212807577636,0
0,0.052340393510609394,0
0,0.010447118990622532,0
0,0.1316350320665648,0
0,0.21109860699473684,0
0,0.31411773192412024,0
0,0.16710977547535155,0
0,0.022305628061414586,0
0,0.030461060152559928,0
0,0.0865102853636748,0
0,0.18670354836688693,0
0,0.008460818941671713,0
0,0.10631581074382354,0
0,0.12095436197671557,0
0,0.177158663933562,0
0,0.22418865801893462,0
0,0.02701445427402218,0
0,0.10343084599212476,0
0,0.0291099357936732,0
0,0.13202273743194745,0
0,0.019322450005450627,0
0,0.09767014596530978,0
0,0.07353464667758457,0
0,0.023575718858591877,0
0,0.00817953555277755,0
0,0.07204066872983535,0
0,0.15043708014641316,0
0,0.2209845162714251,0
0,0.011960933709494023,0
0,0.12168724323001541,0
0,0.046567268868368004,0
0,0.11500779195329594,0
0,0.19529281312137514,0
0,0.4374286591602834,0
0,0.021026704446932908,0
0,0.21722024395673856,0
0,0.017409007717186488,0
0,0.04087955266053544,0
0,0.3426648031904991,0
0,0.24161316569749852,0
0,0.49771942893532023,1
0,0.13615960444665573,0
0,0.09863523079636748,0
0,0.028525953837828258,0
0,0.48344425617898246,0
0,0.23860052099610637,0
0,0.1251625363092426,0
0,0.023546481379071334,0
0,0.08854658820805925,0
0,0.8824035240916082,1
0,0.19716317911539105,0
0,0.17218054852713854,0
0,0.022953963204620943,0
0,0.24382732256180636,0
0,0.14824751177930917,0
0,0.08400949413535247,0
0,0.35926170692466525,0
0,0.010157384406264847,0
0,0.0414058443691336,0
0,0.008757783995610627,0
0,0.451111572662226,0
0,0.06260520968517837,0
0,0.31531382988887674,0
0,0.08426991502788386,0
0,0.029954765353390745,0
0,0.2666831342582907,0
0,0.37397022325774865,0
0,0.3000092985415924,0
0,0.7159077125389985,1
0,0.08607190883416757,0
0,0.2462342303468189,0
0,0.27995077385601663,0
0,0.07812006446170086,0
0,0.1253886171419404,0
0,0.03998150552910327,0
0,0.3002695890763098,0
0,0.0162952558222583,0
0,0.018556644678033713,0
0,0.24102821373743277,0
0,0.31547372563648013,0
0,0.042217871204466524,0
0,0.39520117302041347,0
0,0.29137516629813726,0
0,0.16609780232872093,0
0,0.0033841063956483023,0
0,0.019470411594846106,0
0,0.036048209388094075,0
0,0.45404645694373785,0
0,0.22683277692427647,0
0,0.1385018727290088,0
0,0.3263975537396248,0
0,0.044559140651562905,0
0,0.45564745120503736,0
0,0.1806541867336247,0
0,0.43901487551065316,0
0,0.14583825378717127,0
0,0.16786370944272708,0
0,0.27751986371083953,0
0,0.016752216849218717,0
0,0.17441855093777217,0
0,0.05210664637778985,0
0,0.007670963280089213,0
0,0.5375489845447549,1
0,0.12156895206594144,0
0,0.12893491205170385,0
0,0.35836237808179994,0
0,0.05298228927733204,0
0,0.29518148163464664,0
0,0.24515372807933708,0
0,0.13823931774673087,0
0,0.06970344460460609,0
0,0.0076397767703465696,0
0,0.08053855971852845,0
0,0.23944297556700606,0
0,0.2030411537278063,0
0,0.3239066485400233,0
0,0.4110128316724629,0
0,0.11347850451847154,0
0,0.2911203831204673,0
0,0.19512227886792424,0
0,0.2527022167319628,0
0,0.18725801163064595,0
0,0.3005176974880473,0
0,0.13477407122502985,0
0,0.02066524864338749,0
0,0.4835632160151382,0
0,0.04675930356729634,0
0,0.9023175494783874,1
0,0.03795315840005822,0
0,0.030372648292899835,0
0,0.8688934857084092,1
0,0.09063159451037213,0
0,0.3190496567008859,0
0,0.24482577098409988,0
0,0.5321000443047721,1
0,0.7443665500683688,1
0,0.02031258691258816,0
0,0.02395138569328276,0
0,0.31646316644978667,0
0,0.048699044466303215,0
0,0.09898597241552383,0
0,0.07285710476941348,0
0,0.1710722903941602,0
0,0.024338783895364667,0
0,0.1531022708438439,0
0,0.18928146514809818,0
0,0.2400851561970095,0
0,0.07775611883850478,0
0,0.37676473313363296,0
0,0.013063421665283896,0
0,0.040968638182324935,0
0,0.11610583584240393,0
0,0.3494083046119482,0
0,0.10698316985318274,0
0,0.004303188615536464,0
0,0.13038959917769036,0
0,0.023114759182091188,0
0,0.07154621309662779,0
0,0.16712606296534455,0
0,0.07488778971683537,0
0,0.21931805705791738,0
0,0.639332489417761,1
0,0.1701486832813274,0
0,0.0485598957443826,0
0,0.1814616336438184,0
0,0.21544367771633366,0
0,0.0020900420736713666,0
0,0.36404937962306905,0
0,0.1402492796262089,0
0,0.6456183945609855,1
0,0.10868862194593974,0
0,0.4596800378346605,0
0,0.0016534519124639351,0
0,0.09473377893842233,0
0,0.5136152321691881,1
0,0.02281446230260682,0
0,0.0070934047833190895,0
0,0.05739930529376056,0
0,0.28993443760875104,0
0,0.5787275673785595,1
0,0.16535035328057984,0
0,0.06684758426383561,0
0,0.523282899047342,1
0,0.0646909813582174,0
0,0.016113144605113393,0
0,0.3484275070451638,0
0,0.11947007138480163,0
0,0.09887441863848921,0
0,0.0015835833641956196,0
0,0.5811007852719234,1
0,0.07415154683780734,0
0,0.49171322911890797,1
0,0.12917974070324148,0
0,0.008190706444304207,0
0,0.11793991289743946,0
0,0.10507877481794538,0
0,0.15284305519463035,0
0,0.032442869396471126,0
0,0.5192559451940705,1
0,0.07413427003105175,0
0,0.02092099575876349,0
0,0.32386931647976924,0
0,0.024815830572554178,0
0,0.028773419758891732,0
0,0.023579892001764264,0
0,0.2806198649378603,0
0,0.32908254958692557,0
0,0.15115129721237092,0
0,0.16225421815300367,0
0,0.08959759071109015,0
0,0.12099462630533549,0
0,0.08372351594461117,0
0,0.20407558032193068,0
0,0.1387836734337792,0
0,0.5306512720728788,1
0,0.10181301748881344,0
0,0.1180110366259726,0
0,0.07584165044751047,0
0,0.8025199474733875,1
0,0.29364652260410845,0
0,0.01620438609414673,0
0,0.44182362345567616,0
0,0.03240018444273542,0
0,0.08100791217686949,0
0,0.06768505944612153,0
0,0.03605073309543512,0
0,0.32573409290465966,0
0,0.1953768898190708,0
0,0.024226914604892142,0
0,0.002867322167119662,0
0,0.07473944386655235,0
0,0.01632429504948143,0
0,0.17655422910085225,0
0,0.007742991032376208,0
0,0.5462274741504888,1
0,0.09843605813241493,0
0,0.03771771507744075,0
0,0.17314964788738857,0
0,0.010045795033737495,0
0,0.00325907513049986,0
0,0.08786835012682527,0
0,0.4547476294163676,0
0,0.09203835632885676,0
0,0.2454121491216533,0
0,0.17252923461076738,0
0,0.4581271546783179,0
0,0.4549131212865245,0
0,0.7653412799484338,1
0,0.1966054810270235,0
0,0.9985886409637001,1
0,0.07461438596876378,0
0,0.12820842099306465,0
0,0.1677331823893813,0
0,0.017587460596512814,0
0,0.2305484107961217,0
0,0.013532403003017945,0
0,0.025879703376137254,0
0,0.40038685060710155,0
0,0.016156132891173743,0
0,0.024186020979710156,0
0,0.3049282727808903,0
0,0.03726527633899691,0
0,0.12788721908680276,0
0,0.7851532619238731,1
0,0.4047720470008047,0
0,0.6649348930849562,1
0,0.1860665940826895,0
0,0.075661194006506,0
0,0.08992355765359124,0
0,0.16095533796179043,0
0,0.07650058752202833,0
0,0.22503633753789082,0
0,0.04974149694557996,0
0,0.8513674228000918,1
0,0.2306548512745342,0
0,0.2702030348031592,0
0,0.2600702349912423,0
0,0.02153122554590363,0
0,0.09414105114747782,0
0,0.003934341985258271,0
0,0.03225097395776859,0
0,0.3925163183752553,0
0,0.0464634197832918,0
0,0.5362820666300937,1
0,0.1884343459017455,0
0,0.12571669073530445,0
0,0.07997154231021976,0
0,0.09010203300077124,0
0,0.011132892274398579,0
0,0.12408805242799581,0
0,0.14672522342209607,0
0,0.13337646133427913,0
0,0.30032840166786023,0
0,0.7522930540628028,1
0,0.07964047640875427,0
0,0.04466051653363831,0
0,0.2964715413449963,0
0,0.9143454443164016,1
0,0.5169036104549852,1
0,0.6420710115997881,1
0,0.014057154366580638,0
0,0.8567969096812602,1
0,0.02067184253631879,0
0,0.40255403939805934,0
0,0.05172429240872505,0
0,0.08202830862771585,0
0,0.4022448003846002,0
0,0.27785982209366605,0
0,0.24038922695909906,0
0,0.06618070477891673,0
0,0.09975717579287088,0
0,0.21443669435932528,0
0,0.05100076456908783,0
0,0.02042298519443256,0
0,0.9059255978304344,1
0,0.0635097316036597,0
0,0.9588340728098677,1
0,0.5722071227643533,1
0,0.4498140685137739,0
0,0.04173873671872473,0
0,0.6074610789633901,1
0,0.0524356696286661,0
0,0.08048884764125469,0
0,0.2244956670727474,0
0,0.06388613891732527,0
0,0.6106873895376991,1
0,0.020803647157455647,0
0,0.23753983988565366,0
0,0.11795084301124471,0
0,0.19770912137799102,0
0,0.3595503857501794,0
0,0.27405813542498797,0
0,0.10674689483136655,0
0,0.004303274006616672,0
0,0.49048223347093667,0
0,0.7545011013754586,1
0,0.0844579407054029,0
0,0.00463373335773374,0
0,0.05976914673932844,0
0,0.4497535237434215,0
0,0.04267383037238546,0
0,0.13306846691722438,0
0,0.016637325914523236,0
0,0.134843393910302,0
0,0.28324393334835546,0
0,0.05820124643905778,0
0,0.18699812507337327,0
0,0.03775405882379685,0
0,0.03452414798429278,0
0,0.10045909668950974,0
0,0.17017496772333762,0
0,0.6962996233921849,1
0,0.183358316150997,0
0,0.007303917550720341,0
0,0.5131255292482909,1
0,0.08062348073581856,0
0,0.5534723399907819,1
0,0.32655289736258325,0
0,0.4129610369504867,0
0,0.055863396334494726,0
0,0.09416052886779215,0
0,0.6525018652581696,1
0,0.05941208709136989,0
0,0.01400685597881451,0
0,0.2890088934835576,0
0,0.1128686541544368,0
0,0.0014952289080443777,0
0,0.08232499328027439,0
0,0.8830988584025513,1
0,0.008132355699410275,0
0,0.4850642014303049,0
0,0.3337348257929727,0
0,0.3416038742089141,0
0,0.7758785434021398,1
0,0.06602453546640222,0
0,0.10627834471276422,0
0,0.12061762634443365,0
0,0.4728290481718198,0
0,0.0773134884667063,0
0,0.06842069447654711,0
0,0.3327669693988701,0
0,0.19320216582557972,0
0,0.12011478500759616,0
0,0.012770818956687401,0
0,0.06664594434171865,0
0,0.3183134859583795,0
0,0.0838729783607075,0
0,0.11658516977682992,0
0,0.5852658843409859,1
0,0.06056702282869052,0
0,0.4092637910761327,0
0,0.08816257019982196,0
0,0.36670837951122126,0
0,0.03018161786546674,0
0,0.0660410120494103,0
0,0.202874366612425,0
0,0.09640030050900285,0
0,0.1766963370181255,0
0,0.1402829856497655,0
0,0.20873759083069196,0
0,0.05282630163309022,0
0,0.0977881325423124,0
0,0.052792077672805554,0
0,0.01918594601540645,0
0,0.02303460426181156,0
0,0.1280428161477697,0
0,0.1802107184004949,0
0,0.3547452983429453,0
0,0.2192526110826378,0
0,0.014281746516620852,0
0,0.8273558673527521,1
0,0.10006219071824105,0
0,0.12690098685940104,0
0,0.054832294652526946,0
0,0.9128222393807819,1
0,0.0269373797338819,0
0,0.4443001300659566,0
0,0.02934229366146902,0
0,0.04953455678187853,0
0,0.21505400841552608,0
0,0.1366238883993445,0
0,0.0508234315083053,0
0,0.11637485747732507,0
0,0.2642303771262733,0
0,0.09238025400419446,0
0,0.8962544338431268,1
0,0.0296420367320599,0
0,0.3442578313229769,0
0,0.019150798762494318,0
0,0.6738860626613656,1
0,0.04123265915699642,0
0,0.00757997692118196,0
0,0.20821985176319907,0
0,0.046828007203244634,0
0,0.004028872637838137,0
0,0.006928655976594037,0
0,0.858219336551283,1
0,0.07254708157288214,0
0,0.16917629367595927,0
0,0.03593320258598006,0
0,0.03836988170589919,0
0,0.02091806009969049,0
0,0.12465856763924504,0
0,0.41936281589935903,0
0,0.11407804666491331,0
0,0.0937952749765241,0
0,0.315958039527646,0
0,0.7901758308183362,1
0,0.08113083011012417,0
0,0.38987670412911635,0
0,0.08242261227159266,0
0,0.12257278092999566,0
0,0.2164898712073831,0
0,0.03546822728880562,0
0,0.4785535818161509,0
0,0.32393947485569147,0
0,0.7152745461285556,1
0,0.13824304204021046,0
0,0.03871551585462428,0
0,0.07333141342723315,0
0,0.1848416256833459,0
0,0.8922256189864595,1
0,0.5390319198147442,1
0,0.9319828802750431,1
0,0.3931138341342878,0
0,0.30334600297299424,0
0,0.11300930955874991,0
0,0.1106026817954517,0
0,0.021746822774178463,0
0,0.23607472548569328,0
0,0.009481327691286458,0
0,0.1322504244267958,0
0,0.13926676680763891,0
0,0.5777069218521418,1
0,0.7419319547696901,1
0,0.06010139632904182,0
0,0.30050248086501835,0
0,0.08196070550434117,0
0,0.09165444585420728,0
0,0.26284457423581475,0
0,0.11109735576827862,0
0,0.10433231741522994,0
0,0.034629346526508495,0
0,0.08054157064251126,0
0,0.3346071775685619,0
0,0.08217880152574242,0
0,0.10152378445707004,0
0,0.5871348272444431,1
0,0.12226068699743087,0
0,0.006460914138904861,0
0,0.34169118555306516,0
0,0.011464688685987247,0
0,0.18673447822043948,0
0,0.12675604315137912,0
0,0.057855107625616596,0
0,0.07135615122359804,0
0,0.36737471168591396,0
0,0.09095792017849164,0
0,0.05473593049366352,0
0,0.08828269319096885,0
0,0.4667798563295365,0
0,0.1958119915849891,0
0,0.4920757532292543,1
0,0.1785659817284087,0
0,0.990494719853728,1
0,0.9262256225355009,1
0,0.1285280797243648,0
0,0.5878816800169024,1
0,0.0812528381899654,0
0,0.004846841973029125,0
0,0.2535268033115994,0
0,0.8643097772206171,1
0,0.21986933858794366,0
0,0.021056132920191973,0
0,0.21055839228078627,0
0,0.28502136904088415,0
0,0.019116477872694253,0
0,0.008755985121240227,0
0,0.08084614834312508,0
0,0.12297292649849478,0
0,0.06712098099361938,0
0,0.05313837603143917,0
0,0.15289119555629746,0
0,0.05091281880056334,0
0,0.06208914337486387,0
0,0.1449769204241799,0
0,0.017748900100044394,0
0,0.04342796839616515,0
0,0.5806466117600689,1
0,0.044860598144181404,0
0,0.13005584923212962,0
0,0.13956181137536697,0
0,0.029760250878736173,0
0,0.10374689021395499,0
0,0.08977215524487907,0
0,0.030659064898932522,0
0,0.033225321084462946,0
0,0.04328071449119935,0
0,0.15532679670712468,0
0,0.0119919994991478,0
0,0.004810833102171322,0
0,0.24463585685183267,0
0,0.051379059032705066,0
0,0.014700602881667343,0
0,0.4792879532174045,0
0,0.6654963859676065,1
0,0.10084311443312013,0
0,0.503285495332697,1
0,0.4392323363103582,0
0,0.055461628280768546,0
0,0.09255759116318579,0
0,0.7458682732118678,1
0,0.8850584983182064,1
0,0.009776932823566368,0
0,0.2726523769162487,0
0,0.6390496661837909,1
0,0.04380861519158561,0
0,0.03488821336112417,0
0,0.8068477973941313,1
0,0.7326589307426695,1
0,0.024872524521312892,0
0,0.43954946486015145,0
0,0.04860581600118559,0
0,0.7339002467011413,1
0,0.9697705057019731,1
0,0.06681612189350444,0
0,0.016587788712465475,0
0,0.31339074579684634,0
0,0.01606225936573402,0
0,0.07633957124789618,0
0,0.27974939246729463,0
0,0.010833730375286345,0
0,0.3677493331517086,0
0,0.027791659541837013,0
0,0.048438542235800824,0
0,0.9893252638645407,1
0,0.08653876269073447,0
0,0.7560334748175458,1
0,0.22538662567112533,0
0,0.3234355144384315,0
0,0.040326744946977404,0
0,0.011669164302206598,0
0,0.03989495292893226,0
0,0.06947455333569799,0
0,0.049384801439669605,0
0,0.02680794152433864,0
0,0.012894760796865563,0
0,0.3901102562648022,0
0,0.04219610003222847,0
0,0.24518550504867653,0
0,0.23632775217104324,0
0,0.013540564190650653,0
0,0.24663292404273718,0
0,0.12657097891085686,0
0,0.10726079903347549,0
0,0.1113033228484094,0
0,0.10746517333226506,0
0,0.2900351590315313,0
0,0.1051853367694429,0
0,0.028514941651245084,0
0,0.07258344365242517,0
0,0.028881081047096396,0
0,0.003344145076639827,0
0,0.4622152250201204,0
0,0.29709127996731516,0
0,0.7831482225529269,1
0,0.042074724182960904,0
0,0.025904070553547102,0
0,0.06429583319557385,0
0,0.04976025273564043,0
0,0.03704444061890126,0
0,0.12874261948093121,0
0,0.1973431099451429,0
0,0.14463994294938465,0
0,0.23174908152251333,0
0,0.8386711252611211,1
0,0.2115834781978814,0
0,0.08013181318995719,0
0,0.025418042346805322,0
0,0.6433998713640017,1
0,0.043565805045593584,0
0,0.031733469658990966,0
0,0.15892708722538545,0
0,0.043837114487459104,0
0,0.04715484496767543,0
0,0.006066419383264343,0
0,0.2706904991822413,0
0,0.0003746153608250318,0
0,0.1730070623011301,0
0,0.11163682917741369,0
0,0.5362035625001943,1
0,0.40360389259781104,0
0,0.0010621849829050305,0
0,0.005983246666590658,0
0,0.3282352454102261,0
0,0.7933031889031982,1
0,0.0947192302284298,0
0,0.19512998582385704,0
0,0.12135095408653364,0
0,0.0013200966446623365,0
0,0.5267272818527176,1
0,0.012946541515385834,0
0,0.8479892726596119,1
0,0.04031264857328254,0
0,0.032659832539618135,0
0,0.4541946363954049,0
0,0.017730258680588622,0
0,0.010002085725278314,0
0,0.03163702469667051,0
0,0.05639987106441233,0
0,0.017332485413080606,0
0,0.03189918159407755,0
0,0.14584523639490163,0
0,0.043594136218522664,0
0,0.2119377502648844,0
0,0.11717809015157628,0
0,0.20227049197812202,0
0,0.09591470955704288,0
0,0.024494794060973317,0
0,0.04443969759311478,0
0,0.0879456327672884,0
0,0.5137285454465266,1
0,0.44697682329277905,0
0,0.004357415758342693,0
0,0.09496960433821125,0
0,0.9976535760672636,1
0,0.08563091074142788,0
0,0.1760530095706758,0
0,0.17505887692663824,0
0,0.8148238290877894,1
0,0.029968546769038918,0
0,0.06264696543673752,0
0,0.49444577358930897,1
0,0.025659454921278343,0
0,0.48108103355331394,0
0,0.0013453147103590294,0
0,0.03035571109481794,0
0,0.15331953369933632,0
0,0.0526146222445569,0
0,0.09294075586150247,0
0,0.03157574232164917,0
0,0.200090395670483,0
0,0.06022180258987079,0
0,0.02065390487276718,0
0,0.1527284459222322,0
0,0.007434656453202704,0
0,0.7032829178378931,1
0,0.15128270927983922,0
0,0.14632644822086216,0
0,0.11782355879886373,0
0,0.1898921541831537,0
0,0.11442000970772984,0
0,0.07836459281332593,0
0,0.46218315277900063,0
0,0.09732155410839084,0
0,0.009350945959506887,0
0,0.0026750252113054186,0
0,0.09105131401331297,0
0,0.04035854604988517,0
0,0.06909150514132453,0
0,0.10956177355361953,0
0,0.3142069902080138,0
0,0.03420765050789653,0
0,0.07193603245240297,0
0,0.7309166001684876,1
0,0.0031386176816040694,0
0,0.38800782168633036,0
0,0.6465881338390224,1
0,0.007485329050275367,0
0,0.17870047222512372,0
0,0.1477413849937858,0
0,0.0024514880456692287,0
0,0.05527418074654748,0
0,0.12322027707323867,0
0,0.034888596557448796,0
0,0.24088873962076784,0
0,0.39516011103958415,0
0,0.21549796108457248,0
0,0.04315813197122563,0
0,0.7126321703339026,1
0,0.07213943179646364,0
0,0.6922046305465842,1
0,0.07451913514784599,0
0,0.025935935421532084,0
0,0.07933241330262221,0
0,0.5951554082404935,1
0,0.08726374447206041,0
0,0.039778399968012634,0
0,0.0863117879707128,0
0,0.030144356967381998,0
0,0.9477029125865212,1
0,0.21724478043305667,0
0,0.06622585654779199,0
0,0.17461285196127077,0
0,0.45062617431491225,0
0,0.3284815206633888,0
0,0.06254330607715698,0
0,0.08335778879248561,0
0,0.4217787875917065,0
0,0.17649823260809985,0
0,0.6245773382327258,1
0,0.044752973733952206,0
0,0.0506454679921664,0
0,0.036759336626111756,0
0,0.4817524822577994,0
0,0.1665703475915456,0
0,0.8509503648080796,1
0,0.012942815907882113,0
0,0.3713404767767159,0
0,0.11761325054512652,0
0,0.11900603787862134,0
0,0.044996116315450176,0
0,0.8457869612102547,1
0,0.07076476383025329,0
0,0.3957335176449846,0
0,0.3397227259388344,0
0,0.1840686642578387,0
0,0.02350900966217097,0
0,0.46879633950772404,0
0,0.019090925278964603,0
0,0.07389045882762976,0
0,0.08957770480182506,0
0,0.20839026109430314,0
0,0.014381517619906362,0
0,0.003721108746747883,0
0,0.09528658379452667,0
0,0.010237185426550178,0
0,0.33539057798266964,0
0,0.14047902431803588,0
0,0.33311655252915245,0
0,0.22290274373756186,0
0,0.0016513982620693262,0
0,0.3429848430264201,0
0,0.08319713562065278,0
0,0.9456687330647293,1
0,0.06763405954597128,0
0,0.9349676709780167,1
0,0.6222373082959584,1
0,0.0118535444657651,0
0,0.011128403081242041,0
0,0.09481926507753698,0
0,0.04170575798500028,0
0,0.023672580456779297,0
0,0.19466862348863614,0
0,0.010509269429211593,0
0,0.25540549226785103,0
0,0.14564176830018916,0
0,0.10845536882460209,0
0,0.03170875343855252,0
0,0.0973995505986248,0
0,0.03698451022924987,0
0,0.030677768320969058,0
0,0.33009049465216794,0
0,0.15930626464659406,0
0,0.03250203812288221,0
0,0.1352126314678556,0
0,0.05748502969949433,0
0,0.030025841022539346,0
0,0.06926720042783092,0
0,0.0066922581249280666,0
0,0.9415672893199953,1
0,0.005998344604927655,0
0,0.10797764619801856,0
0,0.47488897235292,0
0,0.03937968539625792,0
0,0.0524078343917839,0
0,0.24671400009759106,0
0,0.05405911261717074,0
0,0.15170335857155479,0
0,0.03577171928120356,0
0,0.43926932919566614,0
0,0.0403280334035393,0
0,0.3807354808301688,0
0,0.07371781818242962,0
0,0.42709101909178665,0
0,0.14834256837837098,0
0,0.04056137599663401,0
0,0.1144393197436694,0
0,0.06177669745094705,0
0,0.3995332583605347,0
0,0.1575403110436503,0
0,0.027999768625715116,0
0,0.019090849455957345,0
0,0.3480714417528341,0
0,0.0674205649250284,0
0,0.03692826810813832,0
0,0.9690932512572898,1
0,0.39656362479237034,0
0,0.6843910783866725,1
0,0.04573638010920716,0
0,0.7471551101326144,1
0,0.4457801837647996,0
0,0.14170573984427354,0
0,0.7450698166130391,1
0,0.2677190559381788,0
0,0.13453721254445583,0
0,0.44185773897332065,0
0,0.2459252962042349,0
0,0.9649941966114354,1
0,0.3431713374361583,0
0,0.731218008517124,1
0,0.13409398987379967,0
0,0.9549588791764645,1
0,0.09175127875066796,0
0,0.04484687399589157,0
0,0.0472998360444488,0
0,0.4846989969363831,0
0,0.03607863479969567,0
0,0.6837799206777464,1
0,0.08919207462402332,0
0,0.18539829150595483,0
0,0.1451637692149677,0
0,0.7483194707089266,1
0,0.08170817532359392,0
0,0.3730390624645554,0
0,0.047788220296669355,0
0,0.005284839100892361,0
0,0.17270870012755715,0
0,0.8282680633429554,1
0,0.6518796125394238,1
0,0.1973083805328963,0
0,0.2558710952728875,0
0,0.11000865952168794,0
0,0.1444941471701254,0
0,0.16489345774674832,0
0,0.04507045788679889,0
0,0.2812113209146074,0
0,0.5107323305394951,1
0,0.29312719961306805,0
0,0.6353309606426195,1
0,0.19499254320841902,0
0,0.3275828408191331,0
0,0.2776740410981403,0
0,0.10039022520244546,0
0,0.08244556626762933,0
0,0.0676763333830389,0
0,0.1510681795631015,0
0,0.028093108123781442,0
0,0.4018904075513396,0
0,0.04406117152102141,0
0,0.035215174782057455,0
0,0.07816147278769127,0
0,0.2223081118457852,0
0,0.012588018245875134,0
0,0.12149330152743659,0
0,0.07244213589652505,0
0,0.25184750141198375,0
0,0.5449495394121479,1
0,0.016640582738630703,0
0,0.27287029120290834,0
0,0.1904701187392499,0
0,0.03938331935891444,0
0,0.014639875432856869,0
0,0.3811073724394384,0
0,0.01861925715761042,0
0,0.08883746399290876,0
0,0.22139243259540797,0
0,0.09482089987808363,0
0,0.03020523797213772,0
0,0.5244205170222989,1
0,0.032753090939012235,0
0,0.04011805733956313,0
0,0.2792780610577113,0
0,0.031525604876462006,0
0,0.03864072501040792,0
0,0.094937122247622,0
0,0.044172379262199496,0
0,0.5976389106393204,1
0,0.001486203815316829,0
0,0.00540034753553389,0
0,0.2414668182652971,0
0,0.12014004384036164,0
0,0.29769913855437846,0
0,0.055101504792628944,0
0,0.6434771626479032,1
0,0.2065658682173946,0
0,0.19300129998961948,0
0,0.052226940622758344,0
0,0.05980774913405807,0
0,0.3573223231483871,0
0,0.04965281097713399,0
0,0.11100296669568176,0
0,0.02061058371668735,0
0,0.13585988993227188,0
0,0.19126608005902557,0
0,0.04212100050022158,0
0,0.17553434444949714,0
0,0.06985578957009365,0
0,0.19747442835485993,0
0,0.10004829961462097,0
0,0.6632997383761937,1
0,0.4676507659352938,0
0,0.3338200305817096,0
0,0.4188461618578761,0
0,0.4201874547225576,0
0,0.8458728287861103,1
0,0.04439643990563021,0
0,0.8040943371287423,1
0,0.12156125361180288,0
0,0.008401608131652232,0
0,0.07479261527036414,0
0,0.5784975405384806,1
0,0.10412939508759506,0
0,0.015429959828605604,0
0,0.0051375520279753565,0
0,0.4966684173112293,1
0,0.10719642037303324,0
0,0.15820323180254167,0
0,0.014111332464226543,0
0,0.6953616221857132,1
0,0.07151560758245773,0
0,0.02561294891414273,0
0,0.09799563378746098,0
0,0.6276552468624944,1
0,0.3789195213521653,0
0,0.9726661828761459,1
0,0.21143235600493904,0
0,0.0702396701393374,0
0,0.06066332052637257,0
0,0.15443526145660308,0
0,0.05060190535494191,0
0,0.21914905676727625,0
0,0.2930237839437063,0
0,0.01890232940103587,0
0,0.5506559698492578,1
0,0.05954442636893344,0
0,0.04419352768682194,0
0,0.15890720204084047,0
0,0.02464185269938189,0
0,0.09564313513591612,0
0,0.07619925317141439,0
0,0.28616800552554067,0
0,0.03761236783058608,0
0,0.1019081145550334,0
0,0.005340623128550563,0
0,0.029342023089767365,0
0,0.10469863202660322,0
0,0.29024676489361373,0
0,0.08592809366978901,0
0,0.578744948640553,1
0,0.7414042666559055,1
0,0.017333552086520116,0
0,0.04823585537542098,0
0,0.17512431115996313,0
0,0.04976493422776736,0
0,0.10371698385197577,0
0,0.1485098593063546,0
0,0.06404430911074149,0
0,0.9540245366484547,1
0,0.8427662510844781,1
0,0.27705470035520663,0
0,0.042193607465146554,0
0,0.009297337912703048,0
0,0.37710113790368616,0
0,0.02521542481740913,0
0,0.31008983926600736,0
0,0.09989633630034787,0
0,0.1215373468972955,0
0,0.22653763827633783,0
0,0.30348368861989733,0
0,0.028079344533659865,0
0,0.18634891641667417,0
0,0.006020519527548192,0
0,0.2592922282883276,0
0,0.07829726623679366,0
0,0.2814681647989029,0
0,0.00884673970427585,0
0,0.10347880432741749,0
0,0.05352447041381695,0
0,0.47883805033242954,0
0,0.024713005189831144,0
0,0.12482606290929699,0
0,0.04754926106997769,0
0,0.1539441320986843,0
0,0.10864000372807854,0
0,0.8994638190790377,1
0,0.033427823735350456,0
0,0.24760304040926734,0
0,0.04973936680986249,0
0,0.07310409176772059,0
0,0.17463171575626185,0
0,0.4407502782544374,0
0,0.03808133102655383,0
0,0.2300565202065066,0
0,0.007567423734270177,0
0,0.7119638440158682,1
0,0.6010328725533772,1
0,0.647390393385004,1
0,0.39261563343217254,0
0,0.04512684997208964,0
0,0.6655471774505874,1
0,0.011336220849124272,0
0,0.7523789695269208,1
0,0.08314184762938202,0
0,0.03681695307892251,0
0,0.01577968189257519,0
0,0.42402106607380324,0
0,0.511698693496005,1
0,0.1782519874257605,0
0,0.20427522428518471,0
0,0.20797502512919344,0
0,0.17109020903999944,0
0,0.20160294085875016,0
0,0.10847746703474831,0
0,0.003223139581407561,0
0,0.009839282407716391,0
0,0.11454043598532018,0
0,0.03450360982693302,0
0,0.28741909043950736,0
0,0.8238027277496937,1
0,0.3110002887572083,0
0,0.04468292233274809,0
0,0.15184262123665077,0
0,0.33062488685944347,0
0,0.024500849424895964,0
0,0.0028106001829279912,0
0,0.40418149445467355,0
0,0.3260724340844162,0
0,0.034494894195083274,0
0,0.021887880810424615,0
0,0.3221708835878412,0
0,0.20666847689839857,0
0,0.0067604504526414845,0
0,0.159925335413293,0
0,0.18644773772442533,0
0,0.6614441480829243,1
0,0.5657754848579258,1
0,0.22992175131342316,0
0,0.26818068934558087,0
0,0.14337159971404334,0
0,0.28066914303880863,0
0,0.07754923536479957,0
0,0.013364774457524396,0
0,0.5614934382527013,1
0,0.04998116074577575,0
0,0.13190974291568652,0
0,0.02029865311594155,0
0,0.690915464893677,1
0,0.024195370006472212,0
0,0.5045823825743957,1
0,0.006472801348955361,0
0,0.0656366534613995,0
0,0.02820712116992343,0
0,0.231472984721923,0
0,0.27163814928748825,0
0,0.004670901450309523,0
0,0.09720055351093417,0
0,0.07475042627345585,0
0,0.02897968549299895,0
0,0.15451703638094294,0
0,0.14536408050430746,0
0,0.03546058504850611,0
0,0.09234727197373914,0
0,0.006650020098919565,0
0,0.03547545772758915,0
0,0.012866791250565324,0
0,0.005171162157206886,0
0,0.47104718034380827,0
0,0.1932933820160326,0
0,0.2947927287282531,0
0,0.18732787088856334,0
0,0.032921403918837334,0
0,0.13957406775472161,0
0,0.11774168742804898,0
0,0.18986896646349066,0
0,0.8403925887818193,1
0,0.014365873827461169,0
0,0.08101829749372874,0
0,0.3638501921874372,0
0,0.02032306892592389,0
0,0.4564247087945465,0
0,0.2781388540119303,0
0,0.2811589466640181,0
0,0.006240417782523864,0
0,0.007349985011656196,0
0,0.3232145291267262,0
0,0.04830625080187895,0
0,0.0892873991661942,0
0,0.3574143040350344,0
0,0.03930445091067914,0
0,0.5219943507559138,1
0,0.02275940225069945,0
0,0.0798872325017725,0
0,0.07663545448651632,0
0,0.3409037263264126,0
0,0.5720829544832977,1
0,0.29302832825129105,0
0,0.10037876465880198,0
0,0.07310841519863236,0
0,0.05030413692401029,0
0,0.010376332973387225,0
0,0.3688091169109941,0
0,0.5828233515117437,1
0,0.23160354250348403,0
0,0.290733328105983,0
0,0.24532189206640456,0
0,0.022207889847622144,0
0,0.02584823186999578,0
0,0.10480530890854105,0
0,0.2833686842723363,0
0,0.08759464052693816,0
0,0.06784738435015268,0
0,0.05566709978738929,0
0,0.010997632113689986,0
0,0.1325259030927351,0
0,0.10940768772418621,0
0,0.26043470145194003,0
0,0.16078278936104212,0
0,0.021318431529884913,0
0,0.101671459120533,0
0,0.10451616820534496,0
0,0.034465145426585075,0
0,0.694917694120829,1
0,0.043224590661016526,0
0,0.004139729150312217,0
0,0.5965436038765793,1
0,0.47130532153947297,0
0,0.2634041738655585,0
0,0.07026175370538777,0
0,0.8573753291395907,1
0,0.06061516024052317,0
0,0.20477133072892817,0
0,0.5912958622117267,1
0,0.0731085762326347,0
0,0.021602223145515586,0
0,0.13510287967997525,0
0,0.0647179501739305,0
0,0.4956292231310586,1
0,0.6937535046048363,1
0,0.06356679956410068,0
0,0.013702298576933811,0
0,0.0049301725705913615,0
0,0.5959496441587312,1
0,0.4900051542831365,0
0,0.035824783750166685,0
0,0.5408018442966636,1
0,0.715010243858743,1
0,0.28560686206612385,0
0,0.06342308447633747,0
0,0.12652339883047475,0
0,0.08395742572894567,0
0,0.4187245298361958,0
0,0.20202191175219208,0
0,0.17742063563306548,0
0,0.2778290906272431,0
0,0.18682568301943578,0
0,0.05956337839644028,0
0,0.8232947554925586,1
0,0.1051396133767776,0
0,0.6496483805329841,1
0,0.20009764654185733,0
0,0.006572757975582243,0
0,0.041896567859906364,0
0,0.01126518425337986,0
0,0.014186146813296184,0
0,0.2753452230598596,0
0,0.07813385403743531,0
0,0.13526373316284476,0
0,0.23971073082467945,0
0,0.1295013288006465,0
0,0.15239709297731818,0
0,0.09201873073207709,0
0,0.16919945515077608,0
0,0.32590439774833935,0
0,0.04285952851178156,0
0,0.8695159727230188,1
0,0.7887676338458586,1
0,0.9143951478217938,1
0,0.9397319227144731,1
0,0.07083336971464799,0
0,0.8390220550761963,1
0,0.11712813318475401,0
0,0.07517089065252852,0
0,0.20780098577094966,0
0,0.1292253825231962,0
0,0.1985631181074178,0
0,0.06836330958582601,0
0,0.009348006852230603,0
0,0.027356648848046183,0
0,0.17455864864206586,0
0,0.2730836997460893,0
0,0.019439341920065953,0
0,0.020269782305473095,0
0,0.02268472386583988,0
0,0.03669072091703265,0
0,0.6433348899674928,1
0,0.8798768043123925,1
0,0.0010069461889318763,0
0,0.7372107344859605,1
0,0.009143474950179097,0
0,0.44134496279764046,0
0,0.023790990706899474,0
0,0.08666805952992268,0
0,0.004358031817259879,0
0,0.509003286325838,1
0,0.6017692571849214,1
0,0.06267550685309717,0
0,0.22538423360950696,0
0,0.1787628685976761,0
0,0.12123753275572392,0
0,0.39248081162619747,0
0,0.016958730685633024,0
0,0.11743399845373576,0
0,0.47667122268242684,0
0,0.30094811263158405,0
0,0.9747299098928126,1
0,0.1100979491348334,0
0,0.325578453873614,0
0,0.03706018384431967,0
0,0.13239077331646354,0
0,0.05693085119021118,0
0,0.13921010308940104,0
0,0.36406051057507294,0
0,0.23691886500396073,0
0,0.10746075464138337,0
0,0.12365222457668584,0
0,0.2892130439148246,0
0,0.3437268135641783,0
0,0.20484811610571735,0
0,0.7211422821730571,1
0,0.036446722325044714,0
0,0.006766248940175675,0
0,0.17184029198372153,0
0,0.00574170056351899,0
0,0.02284645479650984,0
0,0.0725148898113563,0
0,0.04302484166804928,0
0,0.03068301354990472,0
0,0.18210841026902458,0
0,0.015483145780306011,0
0,0.7852140414942269,1
0,0.19527946808166724,0
0,0.5455971407530653,1
0,0.8392735871642765,1
0,0.18174026651690958,0
0,0.084625143117881,0
0,0.00855402495051474,0
0,0.6763111315848576,1
0,0.8845008048736748,1
0,0.015146738178843695,0
0,0.054972200882496644,0
0,0.5807704524691149,1
0,0.019390793041955987,0
0,0.28509192543684525,0
0,0.012678400361253955,0
0,0.19536220247742977,0
0,0.0366505925804908,0
0,0.17501654305913023,0
0,0.3487070079916371,0
0,0.055418940921710944,0
0,0.5188813452266375,1
0,0.10332530593703558,0
0,0.027732227177332845,0
0,0.44153402850901374,0
0,0.33791679688149356,0
0,0.04852130425608628,0
0,0.005668269820511451,0
0,0.21301427264248227,0
0,0.6317265594164791,1
0,0.32172140674165206,0
0,0.02991136008258564,0
0,0.049239018263822126,0
0,0.38334593054318644,0
0,0.20600618304060153,0
0,0.11828198505610478,0
0,0.0627670987412816,0
0,0.43403978094917567,0
0,0.37703629722988724,0
0,0.020411537502247105,0
0,0.004773748881087095,0
0,0.3323845881038663,0
0,0.048248945093730594,0
0,0.1798428828847125,0
0,0.020742764997288676,0
0,0.11326682635602439,0
0,0.018954504721006484,0
0,0.0706454687099037,0
0,0.06135387754410044,0
0,0.21733262076314794,0
0,0.05716746629556673,0
0,0.7087730158832117,1
0,0.940180819843004,1
0,0.10398908139234567,0
0,0.05227044116972318,0
0,0.06928405333235822,0
0,0.6099750797084225,1
0,0.13313278333271028,0
0,0.25808116456759067,0
0,0.9848265107316093,1
0,0.2325528986299329,0
0,0.08178476910469487,0
0,0.004617363081120143,0
0,0.31441098903975984,0
0,0.04256474887642231,0
0,0.19772381442818904,0
0,0.9826794547379109,1
0,0.6421962575507383,1
0,0.004477341054087126,0
0,0.2676354565388165,0
0,0.6677711852515541,1
0,0.10532374641144261,0
0,0.09378688175276305,0
0,0.025927875842735433,0
0,0.9759223557156089,1
0,0.2775658937091936,0
0,0.17646247950895072,0
0,0.015886009734156867,0
0,0.030535135720413675,0
0,0.7256671084310743,1
0,0.0821429718409531,0
0,0.5766366051872912,1
0,0.055136979333524946,0
0,0.006556738454407074,0
0,0.5386282124857718,1
0,0.028590085794861712,0
0,0.06495228135988629,0
0,0.4463174753130546,0
0,0.003768638826772747,0
0,0.38307998146739053,0
0,0.6006027219386062,1
0,0.32046297994630774,0
0,0.2214099412158412,0
0,0.4400193464349276,0
0,0.26541772938836516,0
0,0.03565994631591364,0
0,0.12394289453582781,0
0,0.037609089689050475,0
0,0.17524254422328978,0
0,0.03857085535772651,0
0,0.19757796478916548,0
0,0.03659255752099254,0
0,0.08183861689750245,0
0,0.8917709237345046,1
0,0.677458896324749,1
0,0.37620509082212467,0
0,0.6943110817030237,1
0,0.021307611479350803,0
0,0.03154963927989574,0
0,0.3350707437520514,0
0,0.06202646981834119,0
0,0.32813607549924795,0
0,0.07186399064006542,0
0,0.5960909984188487,1
0,0.07568963123429644,0
0,0.11275328298023063,0
0,0.024327539410317615,0
0,0.13001378898145935,0
0,0.40212452502661905,0
0,0.05222889138430524,0
0,0.1281269297263603,0
0,0.0794851006125556,0
0,0.1602844859206481,0
0,0.1325383699138364,0
0,0.09456080564666258,0
0,0.18229271239689626,0
0,0.12033296292974557,0
0,0.03646613810554853,0
0,0.12107468481337537,0
0,0.1484591500438373,0
0,0.12492778673696409,0
0,0.323600894027751,0
0,0.011221613125395085,0
0,0.32082164692814336,0
0,0.5968870338519516,1
0,0.035108625664742134,0
0,0.14232177527568055,0
0,0.8194400986017465,1
0,0.21127142206691152,0
0,0.013475558501239208,0
0,0.012243235808114828,0
0,0.19010823871688978,0
0,0.04737019225443752,0
0,0.08601955628169938,0
0,0.4838676528889868,0
0,0.1276083674775294,0
0,0.012737881798073053,0
0,0.7773354364302452,1
0,0.021438087783007674,0
0,0.15606245456268722,0
0,0.2690696318567026,0
0,0.23748567368925108,0
0,0.10360483962431619,0
0,0.019093777623887462,0
0,0.06491430200094289,0
0,0.2474265201166302,0
0,0.006640658622939183,0
0,0.038267681010804015,0
0,0.027622134768256982,0
0,0.3860458570808416,0
0,0.8277053493904182,1
0,0.3067486274193868,0
0,0.5837933752149166,1
0,0.14326234346440594,0
0,0.13357273233097944,0
0,0.4657336402406202,0
0,0.21669382043276006,0
0,0.6288855578436059,1
0,0.025201804919487453,0
0,0.2231692344448082,0
0,0.30436985381107845,0
0,0.9969721181715812,1
0,0.18871190223157294,0
0,0.09722312194309528,0
0,0.3150769052183864,0
0,0.7211763232278755,1
0,0.05894718297897042,0
0,0.05832489837981802,0
0,0.1183734817187876,0
0,0.008380363018588997,0
0,0.09986042823634404,0
0,0.2378342491047427,0
0,0.037641062984731584,0
0,0.1027746748527359,0
0,0.0021311426083411174,0
0,0.3627493965096433,0
0,0.1658736972282856,0
0,0.02787267549020283,0
0,0.20099703349095124,0
0,0.5322619994198433,1
0,0.18909440077757808,0
0,0.03218784120289216,0
0,0.032129979671938404,0
0,0.0862704243114203,0
0,0.20771019753526176,0
0,0.09106089103789139,0
0,0.0028642990025326363,0
0,0.028310223591171028,0
0,0.1001782938890765,0
0,0.09521886021538517,0
0,0.04588958801859626,0
0,0.24685589767793767,0
0,0.2200407794831224,0
0,0.01879795425549038,0
0,0.022853579929520394,0
0,0.00330751180155333,0
0,0.018536541586562507,0
0,0.07997419482363465,0
0,0.08064302527747406,0
0,0.03556902576702565,0
0,0.016118420543738354,0
0,0.22645004431057114,0
0,0.6089623908431688,1
0,0.19996466802213173,0
0,0.03987976928737248,0
0,0.029057235986645644,0
0,0.4277584053259307,0
0,0.6566670715234505,1
0,0.27705209444411616,0
0,0.12450973029508507,0
0,0.06742122937206524,0
0,0.018263832641659147,0
0,0.1180635263341851,0
0,0.03401442211007158,0
0,0.016546304566427642,0
0,0.002963194828597888,0
0,0.005986289587934449,0
0,0.0404103078365943,0
0,0.29815731621172725,0
0,0.0206934723718904,0
0,0.28766219708886975,0
0,0.021950863165815244,0
0,0.6820664930781816,1
0,0.02527141778434903,0
0,0.09329192465078354,0
0,0.12014720583400464,0
0,0.017523170047026478,0
0,0.4123080826049404,0
0,0.38548637505292865,0
0,0.11993854711589474,0
0,0.7411743269020762,1
0,0.04793295326793694,0
0,0.1580267687542001,0
0,0.005490838799678537,0
0,0.47982046983333515,0
0,0.06219738587708393,0
0,0.033910641074712096,0
0,0.008965136197969487,0
0,0.050567537908981,0
0,0.212940169876782,0
0,0.2581597087327488,0
0,0.013292611787476422,0
0,0.31746040722577673,0
0,0.26263525697526185,0
0,0.010877619151004218,0
0,0.04334791507309557,0
0,0.12853967305807298,0
0,0.020587132624436705,0
0,0.5548160412187191,1
0,0.04618837354156592,0
0,0.42426438552761697,0
0,0.044329380708524345,0
0,0.07270028707901396,0
0,0.010903250870382391,0
0,0.08484738946046226,0
0,0.8131852889179063,1
0,0.19425469484338095,0
0,0.33447607711384725,0
0,0.14034473565931632,0
0,0.06327711891794599,0
0,0.07701554891779198,0
0,0.4324208569874857,0
0,0.12357525765013024,0
0,0.020332689757687372,0
0,0.2115335038915426,0
0,0.0917885986385188,0
0,0.12710500273093767,0
0,0.2652014616589047,0
0,0.08530614307397115,0
0,0.14687573746780336,0
0,0.2917629026294544,0
0,0.006561511866094436,0
0,0.24482914419848584,0
0,0.33037169115435017,0
0,0.08198990288267441,0
0,0.07168146655725367,0
0,0.001883518814226135,0
0,0.02007103469924957,0
0,0.19732538605540714,0
0,0.022814843509308236,0
0,0.19054580792139525,0
0,0.05142646560796872,0
0,0.09370610675883256,0
0,0.10272610821620085,0
0,0.01945232744870729,0
0,0.0995445304002579,0
0,0.4151884224545116,0
0,0.045519150884983255,0
0,0.03249261960944003,0
0,0.7319855860011665,1
0,0.09404461167964379,0
0,0.27186108197210823,0
0,0.6730378385790586,1
0,0.15928181281776874,0
0,0.030575145398683036,0
0,0.01647342461418807,0
0,0.2473354206733913,0
0,0.24439285026486696,0
0,0.42420214521643107,0
0,0.24459804603497382,0
0,0.25964272838801183,0
0,0.3332294753451346,0
0,0.09442186443095982,0
0,0.03243641552795713,0
0,0.07631605351368405,0
0,0.04338813775475941,0
0,0.07509409249743468,0
0,0.003118736696166858,0
0,0.011043224160553951,0
0,0.3291233973012125,0
0,0.8580813497968444,1
0,0.6376471046315538,1
0,0.1795533177604491,0
0,0.3901797874147109,0
0,0.12806463568268253,0
0,0.5958170457299287,1
0,0.11497888845210627,0
0,0.0621618243724351,0
0,0.23758992801799853,0
0,0.04042761016893815,0
0,0.14826120514608557,0
0,0.6929909750477441,1
0,0.1470725099856512,0
0,0.09914344563572412,0
0,0.021182504684313683,0
0,0.3236241896560955,0
0,0.08626280734848342,0
0,0.08720807287234196,0
0,0.005531551657545705,0
0,0.022916583918622013,0
0,0.3599222228234549,0
0,0.1638902872581794,0
0,0.16778121356998155,0
0,0.24094512083447844,0
0,0.08525400348190611,0
0,0.075178485530495,0
0,0.06728983415194134,0
0,0.680019763524012,1
0,0.03907076232593191,0
0,0.25114027449564386,0
0,0.18716446130983372,0
0,0.2976875194046332,0
0,0.024182266819202915,0
0,0.046936983215249896,0
0,0.04189878793380569,0
0,0.05640069589552423,0
0,0.13070565082035507,0
0,0.015875174959974522,0
0,0.5629054644094276,1
0,0.41261307237915834,0
0,0.07521797631572767,0
0,0.08720873409538063,0
0,0.11493081954097216,0
0,0.7669386393543096,1
0,0.08929594871610881,0
0,0.3234024133440448,0
0,0.637918587462487,1
0,0.0047808560771523565,0
0,0.3264030775592877,0
0,0.11317346307889647,0
0,0.39641198229061353,0
0,0.09805909026623999,0
0,0.35474065895491325,0
0,0.20727634341336643,0
0,0.7808844568873774,1
0,0.4559442921996173,0
0,0.682299485162613,1
0,0.39321569874445256,0
0,0.1359146228751833,0
0,0.06927056188189852,0
0,0.08379016703179906,0
0,0.0034234292540354628,0
0,0.07314702670324766,0
0,0.0093053375317958,0
0,0.2853083142359113,0
0,0.003240390863303441,0
0,0.013147326773152708,0
0,0.5854169647328452,1
0,0.7005573169838338,1
0,0.04772301138727208,0
0,0.020210094876613096,0
0,0.012827795046711561,0
0,0.04450273009116616,0
0,0.11039812669746561,0
0,0.1876610273642289,0
0,0.40309274681376034,0
0,0.21343141894170686,0
0,0.5196316118865187,1
0,0.04285616500087951,0
0,0.007967261068857794,0
0,0.14254964369164053,0
0,0.013229135756563693,0
0,0.010733687744317252,0
0,0.0218168825072679,0
0,0.018058998114834728,0
0,0.021458190944397694,0
0,0.3030178190095111,0
0,0.030842391411075157,0
0,0.5302283555184937,1
0,0.21079823970908101,0
0,0.4360606481955333,0
0,0.15676048683588673,0
0,0.10111987212938311,0
0,0.14122553560218767,0
0,0.020630898578923685,0
0,0.03814707144803404,0
0,0.008477258507149116,0
0,0.011899299478870902,0
0,0.5302106021975659,1
0,0.2212447803247604,0
0,0.5250970260487524,1
0,0.42637722521605903,0
0,0.05970255795993472,0
0,0.14276253083210058,0
0,0.20222803809376014,0
0,0.07419417797862787,0
0,0.4155197756732636,0
0,0.10986606338809933,0
0,0.19028837326567957,0
0,0.07524307685211462,0
0,0.24840985944045949,0
0,0.42178818413883223,0
0,0.17952500423129203,0
0,0.08926801364995295,0
0,0.33900526935289155,0
0,0.36873377366967547,0
0,0.0037180771034363356,0
0,0.16528241026854643,0
0,0.8100739135441349,1
0,0.011727484459748588,0
0,0.22523599623667126,0
0,0.11013551903741559,0
0,0.20616062975789004,0
0,0.2272958655379458,0
0,0.8447812116691665,1
0,0.38722376051694335,0
0,0.29224231962214764,0
0,0.1632567875511272,0
0,0.01338586940190769,0
0,0.1613098324199171,0
0,0.10171665700372672,0
0,0.18331064951959758,0
0,0.20109025143164602,0
0,0.31047744764160473,0
0,0.08636519307321718,0
0,0.11321503664145127,0
0,0.399741451833193,0
0,0.02633345485572587,0
0,0.006742096150111029,0
0,0.03855614942551702,0
0,0.005500740117189544,0
0,0.08259130821658088,0
0,0.06785792038500539,0
0,0.009530845059468657,0
0,0.05679727230946898,0
0,0.4765500281805926,0
0,0.009641184709286318,0
0,0.03239198819787843,0
0,0.09202008762393012,0
0,0.044730897570181595,0
0,0.24234464587554544,0
0,0.13559784073660155,0
0,0.1807631386611011,0
0,0.12955938889079072,0
0,0.039514061230719585,0
0,0.09960994150823563,0
0,0.1984342073238189,0
0,0.08334407392366182,0
0,0.2972074218409507,0
0,0.011559890399711314,0
0,0.17877022131342205,0
0,0.19969282364464547,0
0,0.04954295989116368,0
0,0.2114604439868487,0
0,0.07825103737034292,0
0,0.05250717959848396,0
0,0.2986594802527374,0
0,0.12720771386700033,0
0,0.017067805691457116,0
0,0.1045156659042594,0
0,0.3353821739790918,0
0,0.23043417367279675,0
0,0.06312544153962904,0
0,0.8927583134167397,1
0,0.18918361779959095,0
0,0.10810834473206735,0
0,0.041084809688885116,0
0,0.05118359325638628,0
0,0.014885648213878824,0
0,0.11448543485902918,0
0,0.058070127351249265,0
0,0.058114433433596985,0
0,0.1039713166176591,0
0,0.2130739627259306,0
0,0.07024250954767204,0
0,0.03422717701062709,0
0,0.25305615217574906,0
0,0.027861712850930656,0
0,0.1111669079976515,0
0,0.562281183143274,1
0,0.7770471456961343,1
0,0.24234637934039369,0
0,0.15641961407971405,0
0,0.06008891134269833,0
0,0.07874383839286692,0
0,0.02861841890486766,0
0,0.03338594947259005,0
0,0.8995746006958859,1
0,0.08169235534907304,0
0,0.015143557483338432,0
0,0.017375264446062324,0
0,0.5106662747532644,1
0,0.6674809975379276,1
0,0.08344463864602646,0
0,0.13183969635215445,0
0,0.10685386265865726,0
0,0.0220260110170955,0
0,0.32001959798829666,0
0,0.012689037682028543,0
0,0.1448244230538882,0
0,0.21855604182607524,0
0,0.11793520164711593,0
0,0.4565927538673677,0
0,0.19783201938986686,0
0,0.2891133746795514,0
0,0.09966394453217928,0
0,0.5224309229789652,1
0,0.6084484992788678,1
0,0.9981744948283295,1
0,0.1985488974855075,0
0,0.22006053396054684,0
0,0.013709810212380425,0
0,0.11669572311138078,0
0,0.10461375554887564,0
0,0.33259740521037,0
0,0.142044017135623,0
0,0.08230787432658464,0
0,0.009244248443519268,0
0,0.0067802422110039475,0
0,0.38394899836467905,0
0,0.11950991807005182,0
0,0.10383077291295174,0
0,0.030119397764247265,0
0,0.407597705851174,0
0,0.13999122375355436,0
0,0.27391910598496677,0
0,0.04770634434240359,0
0,0.6359745679082618,1
0,0.05795885911797099,0
0,0.02398701796927431,0
0,0.6930701370106053,1
0,0.3717162305215849,0
0,0.11235865053867398,0
0,0.050688559354086095,0
0,0.9069026258228087,1
0,0.6518703714999217,1
0,0.7352412801364896,1
0,0.0639123514764366,0
0,0.11050466169865929,0
0,0.04485944929798088,0
0,0.019490413241410855,0
0,0.02140348981020027,0
0,0.9177633013835623,1
0,0.05968045464011604,0
0,0.4490606355530763,0
0,0.4851066257571852,0
0,0.040320384022799874,0
0,0.6475457592869867,1
0,0.022282711584689342,0
0,0.039584493448634114,0
0,0.05393019165211754,0
0,0.33320844073945083,0
0,0.21360111900435264,0
0,0.5956289467829495,1
0,0.16906123396166095,0
0,0.0007935872959352657,0
0,0.28887302498429446,0
0,0.9311461921143283,1
0,0.11247986436531338,0
0,0.11557777748623832,0
0,0.46242304384374955,0
0,0.20285632802193926,0
0,0.19936046568757412,0
0,0.08524384035976791,0
0,0.09948882461817804,0
0,0.12426057348649212,0
0,0.002885436121595601,0
0,0.08153898530909051,0
0,0.33394339005574775,0
0,0.15507288963168137,0
0,0.05192762689216598,0
0,0.07392603308496556,0
0,0.3032497292969214,0
0,0.7433291640290007,1
0,0.09244252644308065,0
0,0.013138310809535545,0
0,0.035792942118264386,0
0,0.181362183699377,0
0,0.2176511962170194,0
0,0.03831102717186322,0
0,0.0814087433016883,0
0,0.19208874152940827,0
0,0.0572079883973774,0
0,0.133727659938794,0
0,0.5119373468315979,1
0,0.04432134371392031,0
0,0.00513348433785346,0
0,0.0802430153994187,0
0,0.247155435346732,0
0,0.1622372048012957,0
0,0.7977214225283384,1
0,0.33517903453840436,0
0,0.204784010572235,0
0,0.03565390296562315,0
0,0.05384977537609346,0
0,0.38027878102596624,0
0,0.058495577574802095,0
0,0.08489559445969914,0
0,0.06864364808089879,0
0,0.17786172510635917,0
0,0.023874918368631256,0
0,0.15643787526501865,0
0,0.22330804915118962,0
0,0.15844525046652166,0
0,0.35779295878759754,0
0,0.02563589661518218,0
0,0.34149537174460753,0
0,0.0423486306045051,0
0,0.6496371673602126,1
0,0.10427764329994806,0
0,0.009171574882131215,0
0,0.06349036475004216,0
0,0.0036383904899746655,0
0,0.031465996711601205,0
0,0.8551597414737591,1
0,0.4428341870659502,0
0,0.024874169135079144,0
0,0.4323304334150425,0
0,0.2963633526444202,0
0,0.04313228430742793,0
0,0.1035941293457094,0
0,0.08043369777267866,0
0,0.011934083864187112,0
0,0.037359773506551855,0
0,0.3382401083101535,0
0,0.15970448172714688,0
0,0.06749500851168345,0
0,0.05833559682984412,0
0,0.021435023623042802,0
0,0.3288335878623021,0
0,0.20224385535503667,0
0,0.23770196306115926,0
0,0.08920994212978947,0
0,0.2334367533028995,0
0,0.22577302341319339,0
0,0.026300881939005517,0
0,0.14410941586057993,0
0,0.04137769228983798,0
0,0.31741040786814817,0
0,0.7867611486984835,1
0,0.5507138425254495,1
0,0.011812084437432818,0
0,0.3267804293479068,0
0,0.013696895524408519,0
0,0.2463018207134945,0
0,0.26227893624163784,0
0,0.09504086720429626,0
0,0.061173016033220354,0
0,0.06870234052935552,0
0,0.21119869564131263,0
0,0.04562252835226231,0
0,0.5487932925972724,1
0,0.17415661296268065,0
0,0.03060492966260707,0
0,0.3940535236509272,0
0,0.016590074008852936,0
0,0.32608451638382385,0
0,0.19559510439818617,0
0,0.5038707454898638,1
0,0.8009057153474541,1
0,0.23190557893290578,0
0,0.044521999005353835,0
0,0.024920593087591664,0
0,0.25581289113594163,0
0,0.10511872274668438,0
0,0.27865245170090197,0
0,0.41566547565353307,0
0,0.0032349502661553706,0
0,0.01703808781730215,0
0,0.14744973636343334,0
0,0.14735578268523133,0
0,0.020217737185881397,0
0,0.18283225707177872,0
0,0.06454998364658165,0
0,0.014298157516534689,0
0,0.10969282868767409,0
0,0.12041044893590418,0
0,0.22564686962193425,0
0,0.15021474820128772,0
0,0.029181035727965505,0
0,0.004531012238503981,0
0,0.037024601974743665,0
0,0.24498656864832766,0
0,0.14665879894432826,0
0,0.004784156154408218,0
0,0.3154910755339203,0
0,0.6719560245960297,1
0,0.07023074028763764,0
0,0.017823763221783882,0
0,0.22303453178069613,0
0,0.23833700028332025,0
0,0.20973194653562466,0
0,0.06611256019762747,0
0,0.013533987242130395,0
0,0.24122517932858892,0
0,0.10539913396983182,0
0,0.8203590468756723,1
0,0.10074423287489022,0
0,0.009084151453001598,0
0,0.8664476922310687,1
0,0.18051942551878258,0
0,0.11634575125213868,0
0,0.8032797182518044,1
0,0.1996937666988365,0
0,0.4880233482411197,0
0,0.06371217610119792,0
0,0.33171853112002303,0
0,0.00876457760662281,0
0,0.2518663107449618,0
0,0.06306418746502235,0
0,0.3748536670241875,0
0,0.4216437208233312,0
0,0.23322321064219587,0
0,0.1610539908990078,0
0,0.39428143780207986,0
0,0.1937952162489361,0
0,0.13240086785849772,0
0,0.43729261274538983,0
0,0.04446046227068901,0
0,0.059365831476316785,0
0,0.00926180260667163,0
0,0.08623829418158165,0
0,0.011724743076874851,0
0,0.26907509222809034,0
0,0.3479466821253348,0
0,0.14825189323794616,0
0,0.06819781572406301,0
0,0.16051378061492566,0
0,0.6814980783233993,1
0,0.7043828424789832,1
0,0.2747675139900738,0
0,0.11256414926515741,0
0,0.10198775149195223,0
0,0.5077323624341771,1
0,0.27675778960410763,0
0,0.05330686507305368,0
0,0.19123383435359137,0
0,0.24228094506701495,0
0,0.008269325589065847,0
0,0.0031289051742059357,0
0,0.14001090899733265,0
0,0.2478851158528197,0
0,0.1601345533304535,0
0,0.03705492580947087,0
0,0.2721955754049753,0
0,0.03616911517236267,0
0,0.06043440510344919,0
0,0.7485182111159268,1
0,0.0909520432185633,0
0,0.07317581520588787,0
0,0.0058224818048327465,0
0,0.03472718679090929,0
0,0.11254069507900803,0
0,0.016651732763997923,0
0,0.795679595007042,1
0,0.23603471776352317,0
0,0.06990945025237166,0
0,0.0711290723993694,0
0,0.2702729806755339,0
0,0.021593429939686295,0
0,0.011097195212458255,0
0,0.8568290533841748,1
0,0.20788251864465412,0
0,0.6890082766353036,1
0,0.0068479001999747725,0
0,0.4989289684451175,1
0,0.11059560559493546,0
0,0.5372597604647412,1
0,0.7268121275591045,1
0,0.037730660323211485,0
0,0.025056515707500282,0
0,0.46908410459125544,0
0,0.15506491742034034,0
0,0.09982894849063012,0
0,0.12151518648524125,0
0,0.062136474759786474,0
0,0.2540569107412647,0
0,0.8898360129096559,1
0,0.01691405475239518,0
0,0.8478191441881197,1
0,0.027083059669872372,0
0,0.15368596336724022,0
0,0.020026651045332876,0
0,0.1710506744625778,0
0,0.7649877261613726,1
0,0.6132504075229224,1
0,0.07931817107737518,0
0,0.5528935144059671,1
0,0.6219883952360021,1
0,0.31840386981416946,0
0,0.24200607711526578,0
0,0.16974284368000456,0
0,0.09695422163635663,0
0,0.08957642211723084,0
0,0.05540050264862068,0
0,0.10792579413257758,0
0,0.12567322125608757,0
0,0.16353229802626873,0
0,0.47736779822937647,0
0,0.18720925437262032,0
0,0.07423508015542017,0
0,0.009862241979881716,0
0,0.13255364217032636,0
0,0.025755603112423742,0
0,0.14686274136559602,0
0,0.4220180172554309,0
0,0.39945251491457323,0
0,0.2694787648592155,0
0,0.26255212620499996,0
0,0.16887269171630706,0
0,0.08972870753298069,0
0,0.03006740099972001,0
0,0.3990153815259119,0
0,0.7201317802569458,1
0,0.15927357461877376,0
0,0.1361033926544067,0
0,0.050528657807374894,0
0,0.07848674571537949,0
0,0.11034769425791578,0
0,0.049705739748768796,0
0,0.8081078761003538,1
0,0.44445076546032863,0
0,0.03239180271351599,0
0,0.35142345770625694,0
0,0.059326110689838785,0
0,0.037661090854646445,0
0,0.013736477291024694,0
0,0.09637653997072763,0
0,0.2500580199983132,0
0,0.02553268850528371,0
0,0.48638301312896304,0
0,0.653994620916009,1
0,0.7304113462040276,1
0,0.4882499854627931,0
0,0.024127926850233218,0
0,0.0976462423055058,0
0,0.16965005104714168,0
0,0.17915024623382902,0
0,0.3157718254567531,0
0,0.12781109724200612,0
0,0.367894961596845,0
0,0.5373206698838061,1
0,0.06612044141226549,0
0,0.005142712529840833,0
0,0.02036050445283658,0
0,0.006260916797721065,0
0,0.045559676794902006,0
0,0.1977570245785565,0
0,0.062206410803044225,0
0,0.9853651574243661,1
0,0.04184584335228654,0
0,0.2536321918807308,0
0,0.3476687852394704,0
0,0.9796345088841163,1
0,0.1716294301969954,0
0,0.12126153907725051,0
0,0.029341796655088365,0
0,0.821405335338483,1
0,0.026835042274117683,0
0,0.29656800952300905,0
0,0.3058504161533633,0
0,0.9979705769602689,1
0,0.04286793934635481,0
0,0.4504887861291557,0
0,0.10258516065615499,0
0,0.2340866564574403,0
0,0.09094316514792984,0
0,0.046348861933220485,0
0,0.13620876134064136,0
0,0.20146012119417997,0
0,0.24345012229016738,0
0,0.16945902737134685,0
0,0.07664343504993441,0
0,0.4547411019817269,0
0,0.09244508113528503,0
0,0.07535717834244599,0
0,0.4769758605063189,0
0,0.005802841577980207,0
0,0.0015633867126965335,0
0,0.5957388156194463,1
0,0.07403198133815615,0
0,0.016106789137625647,0
0,0.07332506487724344,0
0,0.058769725487489675,0
0,0.07766110608037707,0
0,0.06610944252901672,0
0,0.024542138114177818,0
0,0.16570421443200758,0
0,0.1688179160116892,0
0,0.8624873057287683,1
0,0.16243688556594818,0
0,0.8670220898416945,1
0,0.11835855560567249,0
0,0.10734266588998051,0
0,0.5961230345522631,1
0,0.03879166335722912,0
0,0.04048771494622037,0
0,0.28585062236656145,0
0,0.22653540324023874,0
0,0.027723888638637218,0
0,0.5624851097985595,1
0,0.26682482615303804,0
0,0.010213615537646393,0
0,0.9992120863124702,1
0,0.055254059337188716,0
0,0.11916446482206985,0
0,0.03698841533634616,0
0,0.10600119166241305,0
0,0.21420666839561747,0
0,0.010617620041597366,0
0,0.11221856503505279,0
0,0.9147443820186236,1
0,0.4586611193565823,0
0,0.9505013296204993,1
0,0.07880214095266916,0
0,0.6832192816174849,1
0,0.05607438347893957,0
0,0.0580263754316743,0
0,0.10415462773580506,0
0,0.16040906790617798,0
0,0.06322310382478609,0
0,0.004003737666347487,0
0,0.042918163844416594,0
0,0.23660386178230575,0
0,0.00568464481950244,0
0,0.8239967677498511,1
0,0.4694224784820781,0
0,0.07156532199909586,0
0,0.07370733580323671,0
0,0.44695878474265227,0
0,0.6446896106062993,1
0,0.06795248545642567,0
0,0.15953045525713613,0
0,0.03404205322946706,0
0,0.027224084381675243,0
0,0.10924112536012116,0
0,0.05257087912870746,0
0,0.04709623922466271,0
0,0.21287120252062292,0
0,0.45089950257519107,0
0,0.028403644288159502,0
0,0.10227472239818369,0
0,0.5490289421673877,1
0,0.003264581046636086,0
0,0.11920598762986909,0
0,0.2858799250959218,0
0,0.11226141731017958,0
0,0.28669415296723116,0
0,0.014393319325644652,0
0,0.020113756139584115,0
0,0.14944034233657033,0
0,0.005259732653328731,0
0,0.6786257406585602,1
0,0.4229116644078454,0
0,0.14973003670332594,0
0,0.21801863579775937,0
0,0.12867790434951484,0
0,0.04395028931377279,0
0,0.6002938729040588,1
0,0.03358606009842625,0
0,0.12412881026196776,0
0,0.6216680853716251,1
0,0.0245583275003626,0
0,0.2578315731770683,0
0,0.12791885135896494,0
0,0.050898687043689994,0
0,0.3724685601957321,0
0,0.009327554730178579,0
0,0.10513296416039922,0
0,0.022589939430035125,0
0,0.63585138350982,1
0,0.6132447292405988,1
0,0.02700533596418212,0
0,0.36654736269201804,0
0,0.2663962849007576,0
0,0.11826483355969575,0
0,0.027245082446638366,0
0,0.1478921563635777,0
0,0.07633921298551442,0
0,0.02267866648426901,0
0,0.15071973694884963,0
0,0.08926234577374806,0
0,0.08423581688475779,0
0,0.18208571105535207,0
0,0.2633998762039184,0
0,0.9536556689617851,1
0,0.06437608739814918,0
0,0.6028996823654885,1
0,0.005586139155527555,0
0,0.21970571431279404,0
0,0.07089088464333716,0
0,0.13388595224675462,0
0,0.06164757248189144,0
0,0.06030771750109089,0
0,0.07584514276117267,0
0,0.07304177367227528,0
0,0.20737975917183302,0
0,0.005273636043330913,0
0,0.18793018189718297,0
0,0.12010015933564415,0
0,0.13751193090201913,0
0,0.8240717301574354,1
0,0.010449830325609291,0
0,0.13845013751315063,0
0,0.05754977543397074,0
0,0.037478226508177205,0
0,0.8676783263757443,1
0,0.1760978019414251,0
0,0.0030294135170146814,0
0,0.7838180486553686,1
0,0.8645594508581004,1
0,0.47873960196870796,0
0,0.573354916693267,1
0,0.1447396052199306,0
0,0.6470717736504207,1
0,0.15022432398121977,0
0,0.3008420887048167,0
0,0.09859999990089971,0
0,0.5389345260093267,1
0,0.22399273744898146,0
0,0.06248482892466826,0
0,0.03052404357112206,0
0,0.01814129801362178,0
0,0.1520135566723236,0
0,0.024558991004457166,0
0,0.46122365124512965,0
0,0.13263427221850943,0
0,0.11539947895273599,0
0,0.029656120908969096,0
0,0.23711761932696251,0
0,0.1456440634532556,0
0,0.500142132170666,1
0,0.2900668945056234,0
0,0.09633063446544694,0
0,0.1265153681885807,0
0,0.023921130787341004,0
0,0.03457356248755123,0
0,0.09013045528802817,0
0,0.6624792363868065,1
0,0.13200203090629356,0
0,0.03620843866467419,0
0,0.2659043388287506,0
0,0.05275146104154819,0
0,0.7361060827416156,1
0,0.7955667043760359,1
0,0.36011544047224403,0
0,0.011967077919581903,0
0,0.023481022469180587,0
0,0.06654210080835042,0
0,0.23434370984484929,0
0,0.2137462010784498,0
0,0.12781096231336542,0
0,0.05014214516401953,0
0,0.057588474757783836,0
0,0.1526649527742659,0
0,0.01572691674035252,0
0,0.26568240071794375,0
0,0.04059372511626429,0
0,0.03327717312100687,0
0,0.013132764678631836,0
0,0.33015807260810015,0
0,0.3268117565518274,0
0,0.3068720160220349,0
0,0.4108816866679046,0
0,0.04746072028888247,0
0,0.33131234032487117,0
0,0.6430239571369228,1
0,0.04665082510276342,0
0,0.014086731467869245,0
0,0.0942041021188486,0
0,0.7135991366693119,1
0,0.10062967608909838,0
0,0.10768571401331536,0
0,0.21357431535957166,0
0,0.11787235377889525,0
0,0.715824861593078,1
0,0.023129551522553343,0
0,0.301054587903614,0
0,0.07634112040438655,0
0,0.06450301993674286,0
0,0.018919106713603053,0
0,0.2442182317215245,0
0,0.018994648112408564,0
0,0.06903666914215592,0
0,0.34480856808164106,0
0,0.301081145998368,0
0,0.022026687926165734,0
0,0.15178295585386944,0
0,0.042350175951471745,0
0,0.27391316428008766,0
0,0.025931846501379682,0
0,0.21431726039574525,0
0,0.019443771640998607,0
0,0.277538463109987,0
0,0.02144035189029027,0
0,0.3402356722227769,0
0,0.007094346021728368,0
0,0.037439829663687946,0
0,0.8890777290549541,1
0,0.16658867999125712,0
0,0.30141253182103095,0
0,0.06509432912229714,0
0,0.04808837035454938,0
0,0.028315993245234587,0
0,0.07725739877810009,0
0,0.039216573575505065,0
0,0.27076413749484396,0
0,0.22748177670485775,0
0,0.10310256000900535,0
0,0.05627695903999932,0
0,0.4638591126651448,0
0,0.022993450249284043,0
0,0.18716012566434687,0
0,0.23096536469594645,0
0,0.7034705174575895,1
0,0.439530519885663,0
0,0.005386069908654052,0
0,0.24770974847689117,0
0,0.5235915520429938,1
0,0.16995869855322168,0
0,0.8315247467790815,1
0,0.038652843566393445,0
0,0.00991087583654724,0
0,0.7515444001619077,1
0,0.16160193811675408,0
0,0.004621458565226783,0
0,0.8625216984918488,1
0,0.05382207658456647,0
0,0.2692120233921377,0
0,0.04419978650446569,0
0,0.07832439046940297,0
0,0.12404861929036769,0
0,0.2741969567499109,0
0,0.09540021498303863,0
0,0.09184143446910806,0
0,0.0957415663998171,0
0,0.2471758544239913,0
0,0.030192337751892114,0
0,0.01927794831160629,0
0,0.017920006275602498,0
0,0.2415710933155054,0
0,0.08981834524117083,0
0,0.21372666507755417,0
0,0.1486626014238131,0
0,0.1493777160620677,0
0,0.13633432822637837,0
0,0.08966175673563821,0
0,0.1584127170209972,0
0,0.29448699815198376,0
0,0.04077051327089665,0
0,0.2524457546687176,0
0,0.32032183516699747,0
0,0.025288312479919563,0
0,0.4557831401242745,0
0,0.07965819876583459,0
0,0.17846926404697716,0
0,0.016679169674437732,0
0,0.09140939228148513,0
0,0.1511102502404085,0
0,0.14255750460413447,0
0,0.40781508908953584,0
0,0.08937716193088499,0
0,0.1919408741330983,0
0,0.04094269582263197,0
0,0.5067757230339547,1
0,0.048308128548282564,0
0,0.6021974342532892,1
0,0.153088318125552,0
0,0.045013590693998864,0
0,0.10201209962932571,0
0,0.040175476914011285,0
0,0.06620963080532254,0
0,0.29648259031227964,0
0,0.12010624137532035,0
0,0.11204967511271934,0
0,0.24384287964438703,0
0,0.15472943866680214,0
0,0.43318578622921494,0
0,0.08043165477592734,0
0,0.09852730822550589,0
0,0.13138732359992536,0
0,0.07939457284793679,0
0,0.1533398586514573,0
0,0.3224749773248558,0
0,0.016952601192868493,0
0,0.014048909905715666,0
0,0.18274051604946334,0
0,0.38990876994123025,0
0,0.008332635828274492,0
0,0.07690961445149422,0
0,0.15238846724066626,0
0,0.2038662327412972,0
0,0.4989050539775639,1
0,0.07933880237593513,0
0,0.004695191042259384,0
0,0.96045149918116,1
0,0.14177397363408928,0
0,0.0757352434962784,0
0,0.04114138958319035,0
0,0.8070620871148624,1
0,0.7117531450974426,1
0,0.062415913623838096,0
0,0.22135489356672772,0
0,0.08661074415559926,0
0,0.018955816620211893,0
0,0.4775146591733016,0
0,0.47976320296102526,0
0,0.07327773496355823,0
0,0.20306133441033353,0
0,0.021334222015371218,0
0,0.15985930457239766,0
0,0.008561729147057112,0
0,0.11762176162652377,0
0,0.06257723773182367,0
0,0.002090093259404567,0
0,0.006709091128632924,0
0,0.14178553894425266,0
0,0.7335448611337188,1
0,0.10107917477755295,0
0,0.10451386798207798,0
0,0.054026301819405584,0
0,0.3158462661042172,0
0,0.051263086008125944,0
0,0.34523716388924464,0
0,0.12079386253139883,0
0,0.00908303309300273,0
0,0.09381812150380374,0
0,0.04521666504895416,0
0,0.03962406102846902,0
0,0.011140661601742787,0
0,0.5036326239566867,1
0,0.021631661527655985,0
0,0.1210642912607877,0
0,0.12226767588242263,0
0,0.031173066274372344,0
0,0.10433404294479023,0
0,0.25412007913692686,0
0,0.036154002002377644,0
0,0.28742074798795203,0
0,0.3103455402553195,0
0,0.3875669247211936,0
0,0.4674569159950335,0
0,0.23460691816999366,0
0,0.017541330675532534,0
0,0.18781757468513616,0
0,0.02293571569347616,0
0,0.07580034225306194,0
0,0.03207971613842086,0
0,0.0938149098091787,0
0,0.16262782295814765,0
0,0.09975922546090528,0
0,0.06140257322288916,0
0,0.2700677198453264,0
0,0.11512782229011458,0
0,0.47477485409358633,0
0,0.10658763411365961,0
0,0.02549812590094089,0
0,0.28245275183544816,0
0,0.1089092062597826,0
0,0.7849959554443983,1
0,0.1886549014933661,0
0,0.8199915601827052,1
0,0.9227644004580127,1
0,0.019968822362305187,0
0,0.21259298341736005,0
0,0.024934055328212967,0
0,0.10764224021292759,0
0,0.18008092632443387,0
0,0.41287896021300224,0
0,0.013889644530814716,0
0,0.16477099975112663,0
0,0.49621622585259606,1
0,0.12605798093028558,0
0,0.17163876915420817,0
0,0.31580061433590306,0
0,0.08312080664860695,0
0,0.923523629925092,1
0,0.027916612431043826,0
0,0.030989701645827795,0
0,0.05482490192546578,0
0,0.1132095845295102,0
0,0.05663091389100038,0
0,0.34418485379876135,0
0,0.2886751512792815,0
0,0.09476921342787331,0
0,0.0195363554267904,0
0,0.08832254065914602,0
0,0.13236586485921495,0
0,0.37914635611543035,0
0,0.24557510364000745,0
0,0.7073846367999282,1
0,0.2467674883723058,0
0,0.012034990509146505,0
0,0.2938808755746256,0
0,0.02696444178302767,0
0,0.04757750410863436,0
0,0.08154426018553163,0
0,0.05667151908064867,0
0,0.8666415088616636,1
0,0.021686867618488544,0
0,0.7813265443774612,1
0,0.28334672197208566,0
0,0.02304776526984886,0
0,0.4557004019735737,0
0,0.09373806889761879,0
0,0.031466914617416256,0
0,0.0012957896798679938,0
0,0.11881577179074922,0
0,0.04924121727068344,0
0,0.4133863677464902,0
0,0.035391940887241416,0
0,0.23765082432062035,0
0,0.21124480566621537,0
0,0.12901996969790686,0
0,0.0269253359394094,0
0,0.07843245207869287,0
0,0.5638262373692716,1
0,0.014261075239018838,0
0,0.20574572547757317,0
0,0.11304845555931936,0
0,0.6750256761812581,1
0,0.2597508021451295,0
0,0.09420558061615301,0
0,0.012795020361814905,0
0,0.40022590407282854,0
0,0.09565995553743842,0
0,0.03649947978121247,0
0,0.3850641229964274,0
0,0.10055253001836298,0
0,0.19750319956517126,0
0,0.09589987918977572,0
0,0.5858972332649044,1
0,0.5913696721591907,1
0,0.19136401528040198,0
0,0.8456263716957287,1
0,0.07482385319472494,0
0,0.017423126433786275,0
0,0.12705289561028135,0
0,0.037406756415987105,0
0,0.061076331655453835,0
0,0.06787396976251657,0
0,0.08830600748039197,0
0,0.11631743620300226,0
0,0.07597375169350912,0
0,0.011620080608900319,0
0,0.1344693081677605,0
0,0.2945174940794954,0
0,0.687225088175485,1
0,0.06404136725839277,0
0,0.11285858272649435,0
0,0.17496104716503305,0
0,0.13341739033855163,0
0,0.3618622533351361,0
0,0.021590289535058284,0
0,0.2190080940734418,0
0,0.17298877832813686,0
0,0.15557123703152323,0
0,0.008128671990954328,0
0,0.010228872718500634,0
0,0.06877797502495268,0
0,0.12194479599515705,0
0,0.36206167065643047,0
0,0.04913323198536848,0
0,0.06268830060537627,0
0,0.04778127014482459,0
0,0.12300603663205559,0
0,0.5485612745356944,1
0,0.3398298709587056,0
0,0.6392082831181596,1
0,0.025454471723154595,0
0,0.05481517801267592,0
0,0.14280632632792548,0
0,0.06268968256711169,0
0,0.5051374723152978,1
0,0.3229190944326612,0
0,0.35373208355047664,0
0,0.02113088658784511,0
0,0.1550981763605734,0
0,0.23833201284510336,0
0,0.9126848848814426,1
0,0.44342859567848963,0
0,0.019639764445799963,0
0,0.30488368682334926,0
0,0.15209470114148926,0
0,0.5200457760091681,1
0,0.30603689706687087,0
0,0.8058399449592335,1
0,0.12925114894371928,0
0,0.8862175546713118,1
0,0.8388560563026994,1
0,0.47954893071945004,0
0,0.29273489892362214,0
0,0.20410223081603296,0
0,0.0559181422854957,0
0,0.010342141478593716,0
0,0.4058571350570127,0
0,0.9240109779086363,1
0,0.019892389948321283,0
0,0.5009216981061316,1
0,0.06782042976996523,0
0,0.13733187583683373,0
0,0.9838659369177528,1
0,0.08296230263246003,0
0,0.9029329693025153,1
0,0.23995900205785728,0
0,0.005421635229924032,0
0,0.018132842310501922,0
0,0.035119219817176146,0
0,0.14598655669443691,0
0,0.3172254040703426,0
0,0.07239573434195916,0
0,0.4301376613414666,0
0,0.011711198449767212,0
0,0.148144161458556,0
0,0.08746546140572,0
0,0.003936507678613867,0
0,0.6177724595500703,1
0,0.04369977462843253,0
0,0.03194846122615899,0
0,0.11921228205494633,0
0,0.241674759775617,0
0,0.049618699196116764,0
0,0.281238260791837,0
0,0.09392442354757426,0
0,0.22898927922638615,0
0,0.27808895745962975,0
0,0.028856371612701753,0
0,0.83305112009728,1
0,0.057124984037397956,0
0,0.06473501414747113,0
0,0.2046213999511931,0
0,0.37017674534279055,0
0,0.8053357479647617,1
0,0.010282999320619643,0
0,0.24199488179826523,0
0,0.25630527305190093,0
0,0.44051368438164135,0
0,0.09815721093339456,0
0,0.009766394485537325,0
0,0.04712368461194164,0
0,0.026557574163201612,0
0,0.15046419868817354,0
0,0.009932367305342768,0
0,0.13421679618020232,0
0,0.2452668418751455,0
0,0.5213227851241364,1
0,0.18243242342675908,0
0,0.43687297417357773,0
0,0.31405967988919486,0
0,0.11649258980729435,0
0,0.11753559637905149,0
0,0.07871837259230961,0
0,0.29916777025135005,0
0,0.09531918387842729,0
0,0.010307343712162192,0
0,0.0684422599340009,0
0,0.06457384846673947,0
0,0.04608290921960465,0
0,0.012302544585150578,0
0,0.06518093868567369,0
0,0.33562820781979763,0
0,0.15320432658302552,0
0,0.0434937751874794,0
0,0.05002798066058546,0
0,0.3544489495129406,0
0,0.5496774095514281,1
0,0.026053028104930116,0
0,0.041714087045228554,0
0,0.09444793583815429,0
0,0.5278664649920429,1
0,0.03659136623095386,0
0,0.19172878187582268,0
0,0.09048698006784042,0
0,0.7033719850759194,1
0,0.5006714288149913,1
0,0.10593953261131256,0
0,0.5733869384099347,1
0,0.6913585707968096,1
0,0.033562409435958285,0
0,0.04257836014164229,0
0,0.36143317074065295,0
0,0.042779021174077184,0
0,0.11907875817552957,0
0,0.009997874490667472,0
0,0.017900920334639824,0
0,0.3899313238847882,0
0,0.04258486662066228,0
0,0.01496858417833629,0
0,0.20330821331980706,0
0,0.0046532493291013355,0
0,0.1473046561599389,0
0,0.23602796560012163,0
0,0.048015925027110606,0
0,0.14110305392568212,0
0,0.2081896973949786,0
0,0.24628414018898068,0
0,0.43554105820504113,0
0,0.03420484647689825,0
0,0.33549258531170145,0
0,0.03577208175557965,0
0,0.029261641528798024,0
0,0.07548303561188177,0
0,0.1145354026817555,0
0,0.044750717981145896,0
0,0.24496282787397605,0
0,0.06244310735644355,0
0,0.630458216484198,1
0,0.13397258130130169,0
0,0.1919610209086189,0
0,0.26609253899773233,0
0,0.011887995463576868,0
0,0.050472302322242237,0
0,0.18673356781812314,0
0,0.1294899682744792,0
0,0.03919396939433454,0
0,0.03327898635069913,0
0,0.07925929487747269,0
0,0.5549263390217419,1
0,0.0669861622836287,0
0,0.04336641291868251,0
0,0.22285881581805425,0
0,0.8793634929177089,1
0,0.001630946686691914,0
0,0.5023384223652653,1
0,0.018379848650805282,0
0,0.047981026968018,0
0,0.09953009667767983,0
0,0.07735494009292214,0
0,0.33860751024130437,0
0,0.2291570464575842,0
0,0.026840626010879665,0
0,0.04664951775118789,0
0,0.5695338401667642,1
0,0.031620769109257776,0
0,0.41701812417508666,0
0,0.050142434642647934,0
0,0.1103782144413054,0
0,0.07439265366268392,0
0,0.31959569142571526,0
0,0.015567424299803125,0
0,0.13350389727637793,0
0,0.3596151065420657,0
0,0.038807685673476394,0
0,0.001461217948443588,0
0,0.22504884893140842,0
0,0.48775553418784173,0
0,0.36515301016853824,0
0,0.10629960942739443,0
0,0.06604639429753316,0
0,0.022824672803121823,0
0,0.01928764615364329,0
0,0.03120442667681236,0
0,0.08725691580107572,0
0,0.3264183090527865,0
0,0.13364786845456084,0
0,0.11978292518702634,0
0,0.37060357262424065,0
0,0.18647081905693985,0
0,0.26088207453791734,0
0,0.031167321829224586,0
0,0.03542115324028229,0
0,0.09193214562150613,0
0,0.4441234586915274,0
0,0.14894118033880172,0
0,0.7631930783193177,1
0,0.18341779882187084,0
0,0.14164418575004473,0
0,0.09999226559000812,0
0,0.03626412559330974,0
0,0.04467850743734239,0
0,0.3760126057780914,0
0,0.0984844629768913,0
0,0.22435944920630807,0
0,0.031203259946921667,0
0,0.622475439525845,1
0,0.5805633640232352,1
0,0.297305018379499,0
0,0.5339271835365357,1
0,0.06498170314608853,0
0,0.2540116103435529,0
0,0.1374064606765573,0
0,0.1918266634459014,0
0,0.7594867326857869,1
0,0.2589326956649713,0
0,0.21574480207535587,0
0,0.034016880607026886,0
0,0.9512278539007226,1
0,0.16683475658060315,0
0,0.11534869929594832,0
0,0.12005547258446296,0
0,0.2961771727843053,0
0,0.5303284354126387,1
0,0.49505489764882354,1
0,0.016261192704589075,0
0,0.17083799811732261,0
0,0.23683765638444856,0
0,0.040696228180867,0
0,0.008481966994855093,0
0,0.5361292977659369,1
0,0.022080357655819036,0
0,0.6014724627368069,1
0,0.06975082458712324,0
0,0.15117219109274116,0
0,0.02506198802403119,0
0,0.20354205428537764,0
0,0.00491898493123534,0
0,0.05583770469691499,0
0,0.254231795321571,0
0,0.13019026943775344,0
0,0.27090536368284734,0
0,0.2624529628192346,0
0,0.9585867012096305,1
0,0.012826905546768722,0
0,0.7168623792015196,1
0,0.015149137106125808,0
0,0.0005042033529587502,0
0,0.052501728413354,0
0,0.05022262759131033,0
0,0.025428285262037983,0
0,0.04493759364161451,0
0,0.18973133868059222,0
0,0.03415919242254224,0
0,0.4068015464612079,0
0,0.02195142619100277,0
0,0.07112973455685909,0
0,0.01321654570961328,0
0,0.06258287453876206,0
0,0.12458714261610226,0
0,0.09320930613689876,0
0,0.37808175435099034,0
0,0.8849985510225301,1
0,0.3030005923722341,0
0,0.18028622158366678,0
0,0.03795663873459916,0
0,0.29680684416619313,0
0,0.022467280332925686,0
0,0.017541211048774867,0
0,0.18306333914809406,0
0,0.79234409896017,1
0,0.4769166603489674,0
0,0.06805216126607562,0
0,0.024558775864051537,0
0,0.02685992443862266,0
0,0.24744231806966874,0
0,0.011011661315167036,0
0,0.47448671621354815,0
0,0.2037088641342545,0
0,0.07671661262379557,0
0,0.3983721349985195,0
0,0.026615295979345484,0
0,0.2580345720716461,0
0,0.15064409926221906,0
0,0.16613185197846841,0
0,0.3457816054520416,0
0,0.039241891842801344,0
0,0.047271595235533884,0
0,0.11954301545501872,0
0,0.08836793130216883,0
0,0.15356894643112828,0
0,0.029125739610475262,0
0,0.7512954355789029,1
0,0.1092429813817101,0
0,0.23895679235984074,0
0,0.02103212909844014,0
0,0.3545191070749612,0
0,0.06109423205200097,0
0,0.06950266682093939,0
0,0.8902099215553522,1
0,0.1380341760918508,0
0,0.2619286723419278,0
0,0.08469040286941137,0
0,0.021090138726869555,0
0,0.15040376738455372,0
0,0.017550162963163342,0
0,0.0817077263797384,0
0,0.07998085587082931,0
0,0.23297333210751714,0
0,0.06315341601450755,0
0,0.24243368557931735,0
0,0.07141267861637488,0
0,0.4824707159042971,0
0,0.021107973182978308,0
0,0.031114813199266254,0
0,0.018135910727467695,0
0,0.3161603487652749,0
0,0.02239077571952589,0
0,0.018795859859161164,0
0,0.03649935333292552,0
0,0.21653219835975152,0
0,0.1192623297898036,0
0,0.058664112282782205,0
0,0.056113343419662016,0
0,0.1511288544252134,0
0,0.28673573879173936,0
0,0.27448414173803304,0
0,0.7947106800812274,1
0,0.03799448703016719,0
0,0.6363875668518145,1
0,0.3777657374709054,0
0,0.5275635816922566,1
0,0.09573999351681498,0
0,0.09472166816314376,0
0,0.7379121473141892,1
0,0.40859449008224236,0
0,0.22885746857075198,0
0,0.045289724826527995,0
0,0.267165148783774,0
0,0.9685163675669011,1
0,0.0801942084421524,0
0,0.06280182399061637,0
0,0.3844587824776867,0
0,0.3029297651563997,0
0,0.23076451277073382,0
0,0.0053741337063027365,0
0,0.037503895167855086,0
0,0.5419017231165512,1
0,0.009128786718485583,0
0,0.016322547163089517,0
0,0.8160147097362171,1
0,0.009932322438875329,0
0,0.014825367749121552,0
0,0.22155214185972028,0
0,0.04275794984061653,0
0,0.11741864093643747,0
0,0.21117686318967016,0
0,0.0481875620200298,0
0,0.16072344583003484,0
0,0.7734332515705407,1
0,0.032785772609213386,0
0,0.09578656456383867,0
0,0.011185914295901874,0
0,0.1831181040085342,0
0,0.03402601430311498,0
0,0.3688246581785976,0
0,0.7245358309825136,1
0,0.39036920294656713,0
0,0.1755304025507168,0
0,0.032804525338678614,0
0,0.08604790983655836,0
0,0.00833278151924331,0
0,0.07666615296602954,0
0,0.19847075769711253,0
0,0.059121652362210855,0
0,0.12599870337004834,0
0,0.1989488871211818,0
0,0.7205822061061187,1
0,0.034799567888188936,0
0,0.05125826816400786,0
0,0.03555499888516679,0
0,0.1706033455436135,0
0,0.05464171577833845,0
0,0.08556712427655472,0
0,0.5246301222435973,1
0,0.09690744550185743,0
0,0.41899239469358973,0
0,0.30202458140797867,0
0,0.1485102550697102,0
0,0.5580952011744219,1
0,0.5748493363903221,1
0,0.42083550394160174,0
0,0.5887988624232645,1
0,0.08934860350092677,0
0,0.0006707546527938572,0
0,0.05623306000589622,0
0,0.18850634071050199,0
0,0.060704309291400825,0
0,0.04400234089842798,0
0,0.02911136577860193,0
0,0.15179875076682603,0
0,0.02650414787198282,0
0,0.08477650865084038,0
0,0.10245074338602927,0
0,0.21490098610019656,0
0,0.6481881406580762,1
0,0.9943528533039638,1
0,0.23343293596588474,0
0,0.014219542396331861,0
0,0.02655155489139341,0
0,0.3270452412893377,0
0,0.005535225457935589,0
0,0.09129222431442098,0
0,0.4087803468806524,0
0,0.5384795403065545,1
0,0.0038516092556478035,0
0,0.10960906189484775,0
0,0.2533480812161846,0
0,0.046683530780795957,0
0,0.10270135126807439,0
0,0.009445426530520377,0
0,0.42559474893039173,0
0,0.4900048520662986,0
0,0.919480810869662,1
0,0.049094935643549525,0
0,0.06217562919136055,0
0,0.47053436165650964,0
0,0.07192676968434086,0
0,0.08492821966166861,0
0,0.12413840602160564,0
0,0.6112337418214931,1
0,0.4635328170261608,0
0,0.3464211279487832,0
0,0.8319213133688708,1
0,0.40183275723416073,0
0,0.647833595385703,1
0,0.02295374866687701,0
0,0.13171032403188393,0
0,0.09650941109733376,0
0,0.24101630591421566,0
0,0.26075067012493436,0
0,0.05221090081438663,0
0,0.5213015991993799,1
0,0.4158517903823709,0
0,0.937605084166963,1
0,0.2771995802811777,0
0,0.6652878558303896,1
0,0.6078602346083641,1
0,0.5560027979154413,1
0,0.04736804718757424,0
0,0.04168244510026848,0
0,0.048455348977013084,0
0,0.4761062441269155,0
0,0.11393471765893853,0
0,0.2328697038018227,0
0,0.012502602922878596,0
0,0.3212100974220716,0
0,0.2509372800095762,0
0,0.46908077241095264,0
0,0.224307899839257,0
0,0.5441959655136404,1
0,0.09114721269256335,0
0,0.5288719296118239,1
0,0.07318454873946323,0
0,0.10883453826674339,0
0,0.04203857541553214,0
0,0.7629664092069277,1
0,0.14087428060660648,0
0,0.4081393524438997,0
0,0.25984256293382946,0
0,0.056319538296721115,0
0,0.3269214303435603,0
0,0.031117473053302452,0
0,0.1909103876821626,0
0,0.002743180288754697,0
0,0.005729107221454616,0
0,0.9175689013267254,1
0,0.132825374408874,0
0,0.3463902928229964,0
0,0.040958553933584926,0
0,0.17482834559149574,0
0,0.05546227205959321,0
0,0.20211435120689944,0
0,0.03643389882790854,0
0,0.1725146379758715,0
0,0.24503655134713012,0
0,0.049335532885101493,0
0,0.6794666665808042,1
0,0.31912104443301736,0
0,0.08048730868279165,0
0,0.00855657830244983,0
0,0.44482125693770197,0
0,0.05045274428515705,0
0,0.424854989702261,0
0,0.14437331957027164,0
0,0.24188915716596265,0
0,0.11407256074646367,0
0,0.3587705818339495,0
0,0.6860109545008752,1
0,0.09912489912690745,0
0,0.03767082066780432,0
0,0.11685118635221742,0
0,0.11203617356217552,0
0,0.21157848268010132,0
0,0.04932001932995956,0
0,0.049196518997916,0
0,0.20529852327354106,0
0,0.580336058198786,1
0,0.014058460214678476,0
0,0.29221299791949146,0
0,0.7272889828152893,1
0,0.041648282633349534,0
0,0.24669804928252717,0
0,0.6520929075122424,1
0,0.1062293171545404,0
0,0.07380655817514108,0
0,0.02250312173871551,0
0,0.12551625236020753,0
0,0.0828438838099318,0
0,0.13480247765435677,0
0,0.16214190352996435,0
0,0.21262660917401485,0
0,0.11115045746834164,0
0,0.02763917123495615,0
0,0.02524651181163921,0
0,0.009024487315900295,0
0,0.07837978357024203,0
0,0.5726054359130094,1
0,0.07249811800942955,0
0,0.03337837596998119,0
0,0.1506323354955393,0
0,0.12803503929231952,0
0,0.3238411903060032,0
0,0.2742662009030114,0
0,0.15477247535686697,0
0,0.22567403527108307,0
0,0.03861311965807886,0
0,0.031408383557655746,0
0,0.1064208299967571,0
0,0.0306087627114979,0
0,0.14610662626610144,0
0,0.08818570175635673,0
0,0.010929561340315815,0
0,0.34184639193304334,0
0,0.06582803415322194,0
0,0.048382754565535716,0
0,0.6056251933178047,1
0,0.20756967595073444,0
0,0.022710835356589517,0
0,0.11044514866794619,0
0,0.09083085910159729,0
0,0.25015583606562813,0
0,0.20923605657121241,0
0,0.28635319705803003,0
0,0.069891164389632,0
0,0.31188402133931276,0
0,0.043182937924917335,0
0,0.003932924517065088,0
0,0.054399856585631255,0
0,0.36409979319790925,0
0,0.012189015070206765,0
0,0.13429835964172457,0
0,0.371490915739848,0
0,0.2500821619636117,0
0,0.5615962861964815,1
0,0.02625564940499473,0
0,0.4549813836162781,0
0,0.0036115397502039697,0
0,0.7823113123207469,1
0,0.17146847605686993,0
0,0.9444265085506848,1
0,0.3468170850491691,0
0,0.03447402690258681,0
0,0.04854699355745176,0
0,0.8876828326951329,1
0,0.013136932906614052,0
0,0.3339764493882251,0
0,0.3077356822609956,0
0,0.04766565787476432,0
0,0.1778272719445557,0
0,0.042215842520569764,0
0,0.08351523848716809,0
0,0.5821245482625882,1
0,0.13153976638522372,0
0,0.08575675103490778,0
0,0.016621520457549437,0
0,0.1349471149721653,0
0,0.05773015375165669,0
0,0.4112397228624261,0
0,0.1674653512248278,0
0,0.02350240942695571,0
0,0.25429999230653344,0
0,0.04170811516992247,0
0,0.0630431190241591,0
0,0.08968217183229045,0
0,0.09419221354042309,0
0,0.12412911647390977,0
0,0.3911356241111793,0
0,0.06781343515093008,0
0,0.9455758447390491,1
0,0.17369495922862044,0
0,0.8712077645305815,1
0,0.17075398500674321,0
0,0.012407430568601741,0
0,0.05703791658508397,0
0,0.022930831132663965,0
0,0.6223518514325369,1
0,0.8087980452581418,1
0,0.30661060908882737,0
0,0.0766517030692716,0
0,0.1564141665148607,0
0,0.6772671332855971,1
0,0.3559669423251755,0
0,0.006509680563258172,0
0,0.0028860725243301344,0
0,0.238798363092092,0
0,0.030546657828968152,0
0,0.11577751395204906,0
0,0.1466010748254109,0
0,0.009010292714493646,0
0,0.5527783847334191,1
0,0.13099310693108243,0
0,0.09403181599600542,0
0,0.06188888888353196,0
0,0.02163915092200996,0
0,0.007845789868158825,0
0,0.03235367050145121,0
0,0.10651339175783456,0
0,0.29469298199878363,0
0,0.18132933776811666,0
0,0.04988248680054821,0
0,0.1607448623837513,0
0,0.8532931748592315,1
0,0.044843243477446094,0
0,0.26797981953201777,0
0,0.07309228505337237,0
0,0.11389631807335932,0
0,0.15923791207022067,0
0,0.11191469125570086,0
0,0.08708021311010292,0
0,0.4386378844379298,0
0,0.8218332907357487,1
0,0.05606718080779394,0
0,0.1293015284441756,0
0,0.24712050605829808,0
0,0.1143293491155791,0
0,0.03018481472235402,0
0,0.007478393836144381,0
0,0.02552225665602079,0
0,0.3867133480785213,0
0,0.3306632007339301,0
0,0.5091048181557769,1
0,0.01644869888880233,0
0,0.8149547665103629,1
0,0.13870636537625192,0
0,0.9354373599536121,1
0,0.14181364106276428,0
0,0.03678586789890347,0
0,0.009873316470002334,0
0,0.1661071726074929,0
0,0.08257311421072663,0
0,0.07098999130153157,0
0,0.30812630757520837,0
0,0.14952231307174702,0
0,0.08498145382365906,0
0,0.5678785432922059,1
0,0.9076803908532942,1
0,0.20341370262877764,0
0,0.15297913636755922,0
0,0.24340385746921908,0
0,0.06413114594601607,0
0,0.3043180129750187,0
0,0.07521814396416142,0
0,0.22653803746933032,0
0,0.02933457808367909,0
0,0.20466131739698357,0
0,0.009682561918486694,0
0,0.4833632592645953,0
0,0.027597956111746688,0
0,0.09231787123667165,0
0,0.12642935449347803,0
0,0.12817909996609564,0
0,0.8069109964366113,1
0,0.0500207742904009,0
0,0.10682044028165816,0
0,0.0025022386088359274,0
0,0.27012504331271425,0
0,0.007864175174461113,0
0,0.016228888204208113,0
0,0.013965238102295104,0
0,0.3499868631043405,0
0,0.005043694682664514,0
0,0.5170190377715633,1
0,0.11539539158702189,0
0,0.039348435858376704,0
0,0.009540835793049865,0
0,0.06819004889507808,0
0,0.12723801260287887,0
0,0.09360567053057876,0
0,0.30789350214928857,0
0,0.9531660922142576,1
0,0.011495967581500944,0
0,0.2636990667754059,0
0,0.019939179472101106,0
0,0.08469068315967532,0
0,0.10971744998079272,0
0,0.8638290104606468,1
0,0.11570242194285765,0
0,0.2101924113460152,0
0,0.07236313758563552,0
0,0.30577181964333794,0
0,0.04930391870308915,0
0,0.5773234243940343,1
0,0.07691528673209021,0
0,0.011171103415751959,0
0,0.09266175081420903,0
0,0.02495696072419235,0
0,0.07317566337345492,0
0,0.16616911400617898,0
0,0.14638123545863552,0
0,0.32375534814839746,0
0,0.060934562000459346,0
0,0.023356480068604055,0
0,0.026731840235425977,0
0,0.40253723351192966,0
0,0.25477356890063124,0
0,0.05086835992032617,0
0,0.00897727124832562,0
0,0.1531206596133899,0
0,0.08340052126623197,0
0,0.003379885095109196,0
0,0.11966355102379607,0
0,0.048595406009206914,0
0,0.013576888027065711,0
0,0.017518406844464138,0
0,0.869643794295141,1
0,0.02237304358069812,0
0,0.411092856344531,0
0,0.2512533071860974,0
0,0.7662716878703185,1
0,0.42777416819819153,0
0,0.0697256592802416,0
0,0.18985707487938366,0
0,0.8473802376118196,1
0,0.01587963821930743,0
0,0.11533786129395794,0
0,0.039301352368129795,0
0,0.07754058283005102,0
0,0.049182747663190134,0
0,0.06482646672900602,0
0,0.07236175556004282,0
0,0.026131685779054975,0
0,0.581744549226747,1
0,0.04273842613187663,0
0,0.10622722825045418,0
0,0.32154282690625624,0
0,0.05340791978291839,0
0,0.01093943457159505,0
0,0.06003424308351223,0
0,0.22098220645974045,0
0,0.046917390564254986,0
0,0.12821745420360803,0
0,0.11410693018895515,0
0,0.054491607002259204,0
0,0.44276448956421366,0
0,0.02777218387645681,0
0,0.005600473205560613,0
0,0.14314606374938627,0
0,0.5359099228185249,1
0,0.014566835885297525,0
0,0.17883748213754475,0
0,0.3927443478545856,0
0,0.014665305462258452,0
0,0.02871201777379795,0
0,0.08165049068344515,0
0,0.8582079345447129,1
0,0.05875213633466693,0
0,0.6766091136783945,1
0,0.22484969099945962,0
0,0.017717827271678855,0
0,0.1198067913009803,0
0,0.6837034421543847,1
0,0.21597782804428958,0
0,0.047626451842066306,0
0,0.03623274238194425,0
0,0.060394507300336686,0
0,0.04058483480600708,0
0,0.042717189591493225,0
0,0.1330151298408139,0
0,0.11719218600192904,0
0,0.005262585626072902,0
0,0.09415126793938844,0
0,0.17333249768691228,0
0,0.06165530979839031,0
0,0.2914825474631658,0
0,0.28128860037082376,0
0,0.9821718138701,1
0,0.23190148216569045,0
0,0.06979858366666995,0
0,0.3750824692949169,0
0,0.11698988522090345,0
0,0.5219318144396016,1
0,0.20196330069128499,0
0,0.16347504114285186,0
0,0.014503085996203676,0
0,0.44450155536940367,0
0,0.0714956017848018,0
0,0.02106472794687367,0
0,0.07623645656263182,0
0,0.7601488191455383,1
0,0.4242827263639382,0
0,0.042740066622940436,0
0,0.4693800506081898,0
0,0.12312141596316743,0
0,0.5294726900672666,1
0,0.015736279911755628,0
0,0.2310287903052597,0
0,0.02968692253970928,0
0,0.17376234990697048,0
0,0.36375180658884987,0
0,0.08011184991687496,0
0,0.5989474044445383,1
0,0.029632985400689506,0
0,0.03314719414996951,0
0,0.0851057679288345,0
0,0.5970413670854876,1
0,0.06344170756721125,0
0,0.06759720766492193,0
0,0.03477427827667178,0
0,0.9556276687025282,1
0,0.09707538774521046,0
0,0.028207259234924103,0
0,0.3502945882746398,0
0,0.3191902089566709,0
0,0.18612021352293745,0
0,0.12762610652213854,0
0,0.15382376758623206,0
0,0.8501515978036294,1
0,0.03521612672013042,0
0,0.050383565670146895,0
0,0.13042312924385882,0
0,0.09213690063062636,0
0,0.019510900358691307,0
0,0.035483648031485876,0
0,0.3351553872380857,0
0,0.07484207476880984,0
0,0.15751336548014178,0
0,0.004825464319942344,0
0,0.037707589630215976,0
0,0.896204531821097,1
0,0.9016926869398613,1
0,0.5239052138116798,1
0,0.006860416653051967,0
0,0.07453362670430098,0
0,0.10499564793539916,0
0,0.2762567967820038,0
0,0.07454230441644746,0
0,0.02752242729620339,0
0,0.049817110308628204,0
0,0.5483948156831328,1
0,0.08686749762626073,0
0,0.06547649553096438,0
0,0.10175705386259848,0
0,0.013840499745568308,0
0,0.007653730321475657,0
0,0.006279408766429057,0
0,0.7664367149365153,1
0,0.018305673296702192,0
0,0.017856061547527505,0
0,0.3553575971093862,0
0,0.2946217543683595,0
0,0.057401466924336966,0
0,0.37934856951108686,0
0,0.39009176293129855,0
0,0.027094447539247408,0
0,0.03790268426632081,0
0,0.03058406253888611,0
0,0.046122733786299996,0
0,0.029896715272448422,0
0,0.12568770903225068,0
0,0.18255038546705762,0
0,0.14460281191949412,0
0,0.005170302786139214,0
0,0.06318956966839291,0
0,0.26617102312240215,0
0,0.007757905258705033,0
0,0.8847593769695727,1
0,0.03129397239814055,0
0,0.20375923526124817,0
0,0.21779960903214746,0
0,0.3271081429012573,0
0,0.6182502427857081,1
0,0.28100885920995444,0
0,0.653883030320986,1
0,0.2575737804587522,0
0,0.07142707970533071,0
0,0.12765074329693143,0
0,0.02131561067198064,0
0,0.871553175908784,1
0,0.8133465958837375,1
0,0.2896676259517424,0
0,0.18170903981643735,0
0,0.1585080049779357,0
0,0.05524155084443739,0
0,0.09657251224044028,0
0,0.06273626129586816,0
0,0.19770947980896444,0
0,0.06730114322683924,0
0,0.3364783656314409,0
0,0.009593779697441041,0
0,0.9734093498879164,1
0,0.04823063752414226,0
0,0.800912608731402,1
0,0.00929640057821708,0
0,0.5247331943643655,1
0,0.9873161791010695,1
0,0.18711278080591717,0
0,0.017869562763893395,0
0,0.13398996797747467,0
0,0.13626770008898914,0
0,0.008410245085240107,0
0,0.04858845146125159,0
0,0.06309637682850401,0
0,0.09590571516174942,0
0,0.3407823566110964,0
0,0.15757251950024004,0
0,0.28599188710403683,0
0,0.38458963433488996,0
0,0.9787160262843063,1
0,0.021079587108275278,0
0,0.4586898784457092,0
0,0.43367004968580003,0
0,0.059007511746017864,0
0,0.04681092862791487,0
0,0.8627286652469279,1
0,0.10548568174006438,0
0,0.4708716442364194,0
0,0.05383108312734451,0
0,0.35728656000618436,0
0,0.10208749033229884,0
0,0.02601156724638066,0
0,0.43512149450071347,0
0,0.22976331164323033,0
0,0.13136712722199612,0
0,0.14611264428015555,0
0,0.6938744985068438,1
0,0.3325491182325801,0
0,0.2665179541642214,0
0,0.06149065209335813,0
0,0.4956598765066956,1
0,0.0023007078816573443,0
0,0.14326492182056202,0
0,0.02569481974709978,0
0,0.24339519652051525,0
0,0.6797106970067247,1
0,0.05248784434824128,0
0,0.27190152650027066,0
0,0.01713205035290578,0
0,0.31741609232825696,0
0,0.7769109216730227,1
0,0.18007855021785463,0
0,0.08127583348453725,0
0,0.08315072223626059,0
0,0.08353780539297719,0
0,0.007193482899490325,0
0,0.22041294814292928,0
0,0.1371797888521342,0
0,0.4416950629542355,0
0,0.0899463286257088,0
0,0.03293216145819269,0
0,0.016988593279350844,0
0,0.12073110473802219,0
0,0.042798160551487156,0
0,0.3433462013111713,0
0,0.21864558348230176,0
0,0.9676956771504243,1
0,0.016232801546152344,0
0,0.16997523191071023,0
0,0.368188503227907,0
0,0.10071307382706143,0
0,0.044002392675645575,0
0,0.06295221492641652,0
0,0.3282825620337421,0
0,0.037774497808544034,0
0,0.21246519491552063,0
0,0.12335599418905104,0
0,0.030097457936623898,0
0,0.08509988663892144,0
0,0.011796239435590194,0
0,0.20435956259728294,0
0,0.11505247523359688,0
0,0.07314867308943049,0
0,0.2767874537607545,0
0,0.13278252403069699,0
0,0.1654375395413037,0
0,0.024018467003936006,0
0,0.02771802280258862,0
0,0.35285035607804116,0
0,0.039888657651148414,0
0,0.03310060439346035,0
0,0.16078205388933506,0
0,0.12476619486258447,0
0,0.04257078514478566,0
0,0.4871159307358947,0
0,0.059074951755781056,0
0,0.35111149727454843,0
0,0.06848921533889878,0
0,0.14898667409289806,0
0,0.11852424180863626,0
0,0.024949175494903043,0
0,0.030462484464216233,0
0,0.1268592752877977,0
0,0.037952832449389295,0
0,0.009538982502291429,0
0,0.05880599770871678,0
0,0.2771347582204053,0
0,0.08611355788740602,0
0,0.04189554206471859,0
0,0.6856870621581729,1
0,0.21759269042874504,0
0,0.12029307122967975,0
0,0.05614688443278236,0
0,0.026347994335985638,0
0,0.338119442543696,0
0,0.23180225272206711,0
0,0.007153744517203168,0
0,0.03761500856753703,0
0,0.0882130122903629,0
0,0.08609279703000704,0
0,0.503217712599384,1
0,0.20611140951730922,0
0,0.2179399447116361,0
0,0.06873116394616491,0
0,0.18281285735871444,0
0,0.09171077500122862,0
0,0.24043754671253592,0
0,0.2920628911887575,0
0,0.2994372028891295,0
0,0.1892353454557977,0
0,0.029672591054567193,0
0,0.04526518841934445,0
0,0.011703226385350315,0
0,0.17422078652373413,0
0,0.11424348735628022,0
0,0.226043291128549,0
0,0.5001401399262344,1
0,0.2041452087406357,0
0,0.09656602801922262,0
0,0.02717188104728893,0
0,0.05915939703626586,0
0,0.42224647942999105,0
0,0.38084308960888785,0
0,0.025923903906469613,0
0,0.08376284053684269,0
0,0.07566190691273904,0
0,0.06727689804657877,0
0,0.05810821760393093,0
0,0.06020646479561442,0
0,0.1616935004290039,0
0,0.0769226201024285,0
0,0.058192209828475554,0
0,0.04663736975825261,0
0,0.1583818017742869,0
0,0.03085516738073803,0
0,0.008339113579717844,0
0,0.006694589167816484,0
0,0.15606414543814576,0
0,0.05352408557863428,0
0,0.03141759374263249,0
0,0.16725716927426904,0
0,0.2551045448645104,0
0,0.3318770802785515,0
0,0.49949826541814546,1
0,0.3200026921414982,0
0,0.054300583727189204,0
0,0.009848218474157963,0
0,0.07130978369141405,0
0,0.0550377248598395,0
0,0.013577142454349518,0
0,0.5623175793646139,1
0,0.04570582792204587,0
0,0.28573886092127576,0
0,0.37258626536948264,0
0,0.1825085436058592,0
0,0.08042755079943945,0
0,0.09960928027381695,0
0,0.03551981000347406,0
0,0.5217614157923531,1
0,0.25879642321532703,0
0,0.5003534307707228,1
0,0.39104255604146904,0
0,0.11753722410456104,0
0,0.021220843551959485,0
0,0.19416867796162324,0
0,0.026161637560023963,0
0,0.052269977383421824,0
0,0.016036895938191454,0
0,0.10127842525646741,0
0,0.8339652832990058,1
0,0.13640291696337983,0
0,0.15632874679297404,0
0,0.49052598496052846,0
0,0.3735722107079363,0
0,0.5535881141592494,1
0,0.11497972750880613,0
0,0.01710694804422328,0
0,0.25391703979172486,0
0,0.6640775579521659,1
0,0.9561269704363514,1
0,0.07023544697661674,0
0,0.015062487270970992,0
0,0.5199702258651466,1
0,0.3787366784344867,0
0,0.08741881036011172,0
0,0.1377756703700233,0
0,0.112217465819112,0
0,0.08532004706715157,0
0,0.10264620156125136,0
0,0.013363753292497596,0
0,0.38532934944577624,0
0,0.10242406703158119,0
0,0.05385900175226601,0
0,0.09056170653396747,0
0,0.17761551318174498,0
0,0.1474635973920588,0
0,0.05197197647853778,0
0,0.027668436971116126,0
0,0.01917395904430198,0
0,0.32331818743067037,0
0,0.20301769619140395,0
0,0.03332543728165022,0
0,0.04779175430036888,0
0,0.014705081442817082,0
0,0.232944620070789,0
0,0.034728014450329164,0
0,0.03128965129579058,0
0,0.012774346524502982,0
0,0.2132771313065486,0
0,0.022110648734167557,0
0,0.18096041068860563,0
0,0.17351803511774117,0
0,0.9009051005064003,1
0,0.0689626865438291,0
0,0.023920737978432194,0
0,0.5935901603547623,1
0,0.38804102791272077,0
0,0.22176717918072356,0
0,0.9856141109834731,1
0,0.05599848813895415,0
0,0.3389217039218592,0
0,0.014474830598562374,0
0,0.08263762995765431,0
0,0.009130062029493504,0
0,0.24582858250892675,0
0,0.23994940714144655,0
0,0.1860086002669012,0
0,0.3998316435624055,0
0,0.9990111904794527,1
0,0.11171052771541183,0
0,0.0042219697869637805,0
0,0.34619663232446746,0
0,0.037788766639710286,0
0,0.18569949819130482,0
0,0.06224807695341422,0
0,0.062202231945184525,0
0,0.4522993043183392,0
0,0.03715664540199034,0
0,0.2096850794835503,0
0,0.01307249492964106,0
0,0.21270971642427974,0
0,0.14224006055921798,0
0,0.05376758194247587,0
0,0.10058198394435051,0
0,0.32350144420490634,0
0,0.27537113452610235,0
0,0.15891166713156232,0
0,0.13087112086404357,0
0,0.08996644075813699,0
0,0.44217487757679286,0
0,0.7511125360153879,1
0,0.36640260238145506,0
0,0.42436938044804046,0
0,0.1045580348101673,0
0,0.0671862726342744,0
0,0.01085501440598301,0
0,0.3452565123320225,0
0,0.18310470037309953,0
0,0.49827887050625896,1
0,0.6386407971112195,1
0,0.7609642862992881,1
0,0.19304416412718417,0
0,0.05548685324336703,0
0,0.11301949965835675,0
0,0.012187255527309438,0
0,0.16173724575338053,0
0,0.3831973241596645,0
0,0.030218817737338803,0
0,0.991049956174731,1
0,0.2506481727725037,0
0,0.010579703051783771,0
0,0.0533487378575862,0
0,0.022094719926406256,0
0,0.017022382965283,0
0,0.27762442383101094,0
0,0.44535646238002496,0
0,0.04244262498744092,0
0,0.04873997036702487,0
0,0.47955160757993726,0
0,0.0562321651012158,0
0,0.03698730465135484,0
0,0.02010398350166738,0
0,0.06476010433019774,0
0,0.18135354344100088,0
0,0.32465744702456606,0
0,0.009676614385785091,0
0,0.5461548168493694,1
0,0.0007530889375940406,0
0,0.05737867233417946,0
0,0.7881394217052974,1
0,0.25544082695541764,0
0,0.27496882608048906,0
0,0.11275955804787106,0
0,0.086691669545157,0
0,0.08850795989037354,0
0,0.04002273649189356,0
0,0.625091288489804,1
0,0.37871837653378754,0
0,0.03699869787804765,0
0,0.05078705432976956,0
0,0.3944534932431279,0
0,0.04947461296692508,0
0,0.0005888459719640315,0
0,0.18891848697828764,0
0,0.2315297815609969,0
0,0.6220404728630291,1
0,0.13858160892833002,0
0,0.1828669526752675,0
0,0.18456378674232718,0
0,0.7302326215689214,1
0,0.09786562386596105,0
0,0.009143938446629103,0
0,0.015487137025429362,0
0,0.37736074170307027,0
0,0.02399407149475693,0
0,0.21511158574975406,0
0,0.024592635543170104,0
0,0.05959564942736981,0
0,0.007457051879654323,0
0,0.1831614515492932,0
0,0.11136183892018081,0
0,0.05631304005924007,0
0,0.009694549970606656,0
0,0.006971710139388187,0
0,0.3040859671163557,0
0,0.04132751908794561,0
0,0.02921981153501969,0
0,0.06104541116208292,0
0,0.15882066840838854,0
0,0.7464821511607009,1
0,0.23849963635183422,0
0,0.21192720337220103,0
0,0.10092527268321852,0
0,0.069566247223979,0
0,0.1453624235353566,0
0,0.3965414658494037,0
0,0.335157139401459,0
0,0.07710765061347598,0
0,0.04613413398453865,0
0,0.0367695641250849,0
0,0.02517312958908743,0
0,0.9720088756384954,1
0,0.3973246181321384,0
0,0.7253025843040675,1
0,0.0193027404918502,0
0,0.1002951129530269,0
0,0.16328471081342183,0
0,0.011335768779481665,0
0,0.06679005743829675,0
0,0.0137370306366065,0
0,0.1791427498241746,0
0,0.026737190822882183,0
0,0.6184999512756069,1
0,0.07460549794912678,0
0,0.09574969272793,0
0,0.3179471937389305,0
0,0.12318696173579091,0
0,0.2281630974589759,0
0,0.6820493485895581,1
0,0.037015739088492323,0
0,0.14069217324482935,0
0,0.059695702282436314,0
0,0.06460767612085538,0
0,0.03850614307272762,0
0,0.23834963290805541,0
0,0.01551520440667143,0
0,0.055908298521823246,0
0,0.23469285042332647,0
0,0.045137761644242616,0
0,0.18559264182396787,0
0,0.00974249133246639,0
0,0.029688260739350485,0
0,0.5614414320129649,1
0,0.27913383778671547,0
0,0.11860920542481776,0
0,0.021245942581228895,0
0,0.07344713040024234,0
0,0.3912799119649531,0
0,0.045268167551409784,0
0,0.07868520703561203,0
0,0.03511180814451813,0
0,0.42792170827883297,0
0,0.2575554033677725,0
0,0.26508328079998694,0
0,0.039028805202842985,0
0,0.28032122703801154,0
0,0.0032074540245939183,0
0,0.12148711821237579,0
0,0.009052300157312442,0
0,0.09887725847311887,0
0,0.0578928219814758,0
0,0.08703614017834786,0
0,0.3247363627708613,0
0,0.046930998280466873,0
0,0.05626982612036103,0
0,0.028142630866305137,0
0,0.11805539906814157,0
0,0.0031273772105621326,0
0,0.025078546440530362,0
0,0.14235244744321088,0
0,0.17537271160181264,0
0,0.027090330966498554,0
0,0.07017197849759783,0
0,0.5841116034510713,1
0,0.46222388403944076,0
0,0.7352942330535418,1
0,0.5500152591596311,1
0,0.3145102102953144,0
0,0.02741410037175144,0
0,0.0441768574291461,0
0,0.28218186134328976,0
0,0.9345062465562517,1
0,0.023644250134886573,0
0,0.019477388072572904,0
0,0.48110288975242305,0
0,0.07556811568745289,0
0,0.04801465234126915,0
0,0.009479088078301204,0
0,0.2696200343212183,0
0,0.23688708341413775,0
0,0.0890652532164178,0
0,0.7441979705713548,1
0,0.026482549595119177,0
0,0.8198510933522793,1
0,0.09508603691287744,0
0,0.8005873205362731,1
0,0.01787182435044791,0
0,0.04625953241254902,0
0,0.38934295197472407,0
0,0.0348811978368462,0
0,0.029804417902736576,0
0,0.34088634152257996,0
0,0.18836920986819675,0
0,0.33116118916743664,0
0,0.011784567179962723,0
0,0.2934710978665212,0
0,0.8794672659341121,1
0,0.19926539882850025,0
0,0.26825183948513237,0
0,0.016707461622116535,0
0,0.3540060309698957,0
0,0.1592015250115266,0
0,0.023260738683802924,0
0,0.01983406559572399,0
0,0.16735880600647793,0
0,0.09439591364692046,0
0,0.9480187450887015,1
0,0.14003099161802943,0
0,0.09378094763343793,0
0,0.05267906945884134,0
0,0.007931219816588111,0
0,0.06955091227252534,0
0,0.11862139426864987,0
0,0.4395187479950485,0
0,0.13320467573832048,0
0,0.18639317503839337,0
0,0.4572110385724786,0
0,0.007925698832819466,0
0,0.037860378457330195,0
0,0.32478004567263735,0
0,0.007592237332309423,0
0,0.7484621511994441,1
0,0.33890669923443056,0
0,0.09095607857903941,0
0,0.2848560634244285,0
0,0.02770662550533968,0
0,0.05118424785458325,0
0,0.09883421099824716,0
0,0.5501757130053762,1
0,0.0020498968652884145,0
0,0.22022653730397249,0
0,0.021830024164031778,0
0,0.3765510498859878,0
0,0.12120861382051946,0
0,0.5651205989335912,1
0,0.3969169422499975,0
0,0.046733977762957596,0
0,0.1591827202530741,0
0,0.09860923746409624,0
0,0.05445777881235106,0
0,0.3188912702979067,0
0,0.35991087972240454,0
0,0.09775822323871018,0
0,0.37371903466756207,0
0,0.03281698837767491,0
0,0.05219837710498303,0
0,0.02411961085667802,0
0,0.0802069894736659,0
0,0.07505771358500204,0
0,0.16663341811081167,0
0,0.23775169979491012,0
0,0.2560328545638017,0
0,0.0752683189935136,0
0,0.00825750288666824,0
0,0.2740266388827425,0
0,0.017993982659491405,0
0,0.12695575275025564,0
0,0.05959987086111574,0
0,0.15736306259260824,0
0,0.1955798205965225,0
0,0.713799239064103,1
0,0.11514799230971913,0
0,0.10688251767751529,0
0,0.03859066645840422,0
0,0.21803005739489043,0
0,0.023455703251374794,0
0,0.17980847527103608,0
0,0.026508883581578806,0
0,0.13235380564191987,0
0,0.19146584478218343,0
0,0.04515999834710217,0
0,0.16090513728386774,0
0,0.11501765605135351,0
0,0.13008446609370403,0
0,0.04298453279266328,0
0,0.297620643804786,0
0,0.18278448169294914,0
0,0.34679514959432606,0
0,0.047816731621760554,0
0,0.19984753335217037,0
0,0.31583113266185536,0
0,0.1641361986679518,0
0,0.0591213394530658,0
0,0.09493233219642354,0
0,0.21388299422560875,0
0,0.0448382054637684,0
0,0.5699305664084793,1
0,0.04798465174653669,0
0,0.06687717158099023,0
0,0.22895984464224048,0
0,0.015169786496740346,0
0,0.09505077352556057,0
0,0.05681050260623129,0
0,0.003912780584722249,0
0,0.8296639182235472,1
0,0.4398677749912632,0
0,0.1998747088257038,0
0,0.0917197614474216,0
0,0.1430048144921922,0
0,0.02309558662316982,0
0,0.08750144586974216,0
0,0.152968811077879,0
0,0.5505407564176102,1
0,0.5315434906052412,1
0,0.07989598799865169,0
0,0.9503050286260433,1
0,0.10000811021766305,0
0,0.1653108305117112,0
0,0.022508188947367374,0
0,0.6507878765347065,1
0,0.18429488305717065,0
0,0.1269162672757598,0
0,0.22013691566411508,0
0,0.8216687195304619,1
0,0.13212652063845803,0
0,0.1585040713854587,0
0,0.4041621647107645,0
0,0.011230750066348735,0
0,0.5977479341464104,1
0,0.07923679564581473,0
0,0.023239457878835214,0
0,0.006576551448754235,0
0,0.2264916692046254,0
0,0.30185192276335343,0
0,0.6124526907799118,1
0,0.3048477651251952,0
0,0.004732915126019898,0
0,0.25433047809094855,0
0,0.27976373265186455,0
0,0.2775770828377335,0
0,0.25146213462811956,0
0,0.8574792924197916,1
0,0.01580098999199742,0
0,0.03962608865762787,0
0,0.2819215237407066,0
0,0.09526264829032584,0
0,0.13957653274548162,0
0,0.07067386448789507,0
0,0.29645478614643506,0
0,0.058161239252452486,0
0,0.08987281251697951,0
0,0.046625912061695425,0
0,0.04859555060197803,0
0,0.4907855211904545,0
0,0.4408607710367959,0
0,0.29369543365557116,0
0,0.11333437848504155,0
0,0.01676186361131776,0
0,0.29538067697188974,0
0,0.012096435287991878,0
0,0.12562205750122213,0
0,0.658016449310804,1
0,0.2534621144860347,0
0,0.058448609682749474,0
0,0.21270478098219858,0
0,0.048805281579015064,0
0,0.013588391092260005,0
0,0.46857196211679164,0
0,0.16728857823609297,0
0,0.03535325894188309,0
0,0.5192957579276284,1
0,0.30010715506853464,0
0,0.0017967202528320046,0
0,0.39743691779547574,0
0,0.327074200328501,0
0,0.29036243092292613,0
0,0.04772785461380834,0
0,0.2311840275308595,0
0,0.09355126234959346,0
0,0.40210174325107867,0
0,0.022648867056689746,0
0,0.4656560781978128,0
0,0.45657528460838265,0
0,0.08581239230396592,0
0,0.012988849089530132,0
0,0.5315418109123465,1
0,0.03517341332623812,0
0,0.1377003615132184,0
0,0.1302797544528068,0
0,0.45578501369116975,0
0,0.34306499129708273,0
0,0.013554182223207714,0
0,0.38866285311159127,0
0,0.0888625382392118,0
0,0.2298372388169945,0
0,0.21224896428976558,0
0,0.03947542872360245,0
0,0.4153259352671583,0
0,0.015804031402725578,0
0,0.7654609870303158,1
0,0.01170143092368888,0
0,0.6486454521583949,1
0,0.0991786420312988,0
0,0.7829867118119308,1
0,0.6093650545433216,1
0,0.030094588895722665,0
0,0.1362432131524996,0
0,0.07005406899545823,0
0,0.13757654815333292,0
0,0.07170940017221976,0
0,0.05065511059603762,0
0,0.047508507625760824,0
0,0.7489145175641216,1
0,0.05295894380234511,0
0,0.1537551385596025,0
0,0.0023278835305738286,0
0,0.18573278508300028,0
0,0.12188880626508362,0
0,0.43581806100452103,0
0,0.13211899981096828,0
0,0.10293872597499548,0
0,0.06491518877485468,0
0,0.46677971085676445,0
0,0.445856038093558,0
0,0.609183191087908,1
0,0.06630114467904608,0
0,0.026888951649733202,0
0,0.3962778414925597,0
0,0.03795601180436433,0
0,0.842071092225308,1
0,0.026050971688337837,0
0,0.11279994309373942,0
0,0.024847088207746587,0
0,0.8988333170875322,1
0,0.046713815332429486,0
0,0.005914867130081604,0
0,0.033938896230952566,0
0,0.015845694922522323,0
0,0.02163853389706498,0
0,0.05111698824027297,0
0,0.0974540326981271,0
0,0.12415061026387852,0
0,0.30795081868724655,0
0,0.20798997290107446,0
0,0.4000642492947161,0
0,0.10159863580968925,0
0,0.17445024821809135,0
0,0.20079347051929686,0
0,0.09504221625413373,0
0,0.32294283377694144,0
0,0.0842324420891756,0
0,0.020310454586950633,0
0,0.19297779829616027,0
0,0.060470556220640286,0
0,0.01661086402711085,0
0,0.09130081273623883,0
0,0.01100730990493191,0
0,0.01612383370466264,0
0,0.04439111595770358,0
0,0.5580798479987972,1
0,0.029874132841792123,0
0,0.8786118872470592,1
0,0.02165836651447752,0
0,0.4286896460285507,0
0,0.03523577263254509,0
0,0.03623667028944687,0
0,0.35167383208486763,0
0,0.29215460544676297,0
0,0.09396425868944684,0
0,0.034705606660724246,0
0,0.022030882686882674,0
0,0.1144466225676097,0
0,0.5629426100915259,1
0,0.07223417617263712,0
0,0.08917822034059393,0
0,0.0009843372031949015,0
0,0.3011711981237246,0
0,0.1833642007413404,0
0,0.18761140379049798,0
0,0.5065484678592262,1
0,0.03649977534099047,0
0,0.015976904921568735,0
0,0.43100465969572554,0
0,0.842059521297136,1
0,0.07155278909727703,0
0,0.18801199699393517,0
0,0.10918574223060415,0
0,0.03668744207863098,0
0,0.019218325694506284,0
0,0.26803908075867144,0
0,0.26710365188553226,0
0,0.09876215209552952,0
0,0.5775781532416029,1
0,0.5375148434752575,1
0,0.503061226354846,1
0,0.0008496055450726779,0
0,0.04990089154271793,0
0,0.7022691695797738,1
0,0.1534956146773804,0
0,0.3004489434151031,0
0,0.06435658659331743,0
0,0.09627909549220315,0
0,0.17942225225276098,0
0,0.013714729309917056,0
0,0.10391803452176748,0
0,0.44248305386092807,0
0,0.08350804851425554,0
0,0.04826179787978699,0
0,0.3179732015220271,0
0,0.09701115617929235,0
0,0.38296317380272166,0
0,0.05937760247043318,0
0,0.2817702244847731,0
0,0.16164100061552988,0
0,0.02539479855554428,0
0,0.022354883169304018,0
0,0.03998316123558521,0
0,0.009320376525272024,0
0,0.02606734376721426,0
0,0.2612868896839068,0
0,0.11603408081942454,0
0,0.22577819519620793,0
0,0.09535611626890113,0
0,0.5276615671841434,1
0,0.5810220424477879,1
0,0.005445750608710813,0
0,0.3651367402948636,0
0,0.6709056138705408,1
0,0.06392265441873292,0
0,0.542069760443414,1
0,0.17138401843192896,0
0,0.7749515616878327,1
0,0.05308184162606821,0
0,0.09536184708207741,0
0,0.051233903629204186,0
0,0.23426126223910312,0
0,0.07985006641600279,0
0,0.008131660144224565,0
0,0.010249972980084829,0
0,0.10471338819973174,0
0,0.5537748644130902,1
0,0.24765733258781536,0
0,0.12891974165640757,0
0,0.07290849473493141,0
0,0.42294701281821434,0
0,0.039715675227099845,0
0,0.5430399914472247,1
0,0.3161471183060926,0
0,0.1785008652255523,0
0,0.9169783257120971,1
0,0.03184832440972921,0
0,0.04111101214439189,0
0,0.34596236227453875,0
0,0.5754502528602112,1
0,0.07994517553104591,0
0,0.0317692408721121,0
0,0.12149859630756767,0
0,0.12054661271226273,0
0,0.6858645094429551,1
0,0.010364463467759181,0
0,0.0667426564247753,0
0,0.07778502800979188,0
0,0.014096897216852648,0
0,0.05963253914338811,0
0,0.39486079383073036,0
0,0.18203920849775282,0
0,0.06199301793930966,0
0,0.7445379475976055,1
0,0.18153246432275394,0
0,0.03150690391051289,0
0,0.008203560903538921,0
0,0.15745797369662973,0
0,0.11568577931859862,0
0,0.3157268977192121,0
0,0.028983532982917504,0
0,0.09208120213971159,0
0,0.09830494133227725,0
0,0.042020592069847304,0
0,0.7463770841292631,1
0,0.00976057328139239,0
0,0.021631438248919256,0
0,0.0237498883779393,0
0,0.030384809498715054,0
0,0.29878578524913013,0
0,0.17713616728817796,0
0,0.9070581113867318,1
0,0.04793208168291966,0
0,0.44048783561162247,0
0,0.6358670817827642,1
0,0.09333307561622635,0
0,0.401601117636332,0
0,0.22307817173946065,0
0,0.060500628373447406,0
0,0.8305284957853584,1
0,0.28046909080283355,0
0,0.21264381052151615,0
0,0.06204095909779646,0
0,0.5691885390983588,1
0,0.03930564968403855,0
0,0.6126163793137153,1
0,0.4404149834784428,0
0,0.05282453843941204,0
0,0.05033542164848947,0
0,0.4066040785905928,0
0,0.06835654845166919,0
0,0.4798337411363318,0
0,0.00440445621124585,0
0,0.2869531307162669,0
0,0.30974032782939537,0
0,0.15452483056896313,0
0,0.39462767457131037,0
0,0.029436126403866288,0
0,0.017180907605521496,0
0,0.18357135145631226,0
0,0.7291148285343446,1
0,0.18812822460963272,0
0,0.5541065126697459,1
0,0.0958371004665076,0
0,0.8669872972422005,1
0,0.09153140104667316,0
0,0.045488300578268276,0
0,0.07181070406072049,0
0,0.02984216063114147,0
0,0.01638132203888806,0
0,0.41801337215623974,0
0,0.23756930614885235,0
0,0.10804993132536897,0
0,0.521625304151786,1
0,0.009926171745974946,0
0,0.13685427552154783,0
0,0.04955639863561194,0
0,0.17983080881094485,0
0,0.10793071082088496,0
0,0.016478487808547233,0
0,0.2825917166798698,0
0,0.0032733073098223935,0
0,0.08089651939485322,0
0,0.07780064028531374,0
0,0.4803197029816589,0
0,0.010948747815255025,0
0,0.08486927595213063,0
0,0.03607542012911816,0
0,0.13471220772236095,0
0,0.2528356679246916,0
0,0.06332874007912936,0
0,0.030821978559744216,0
0,0.0900789058429942,0
0,0.006399808739633597,0
0,0.6725681080419155,1
0,0.017993362002523078,0
0,0.29224913096541444,0
0,0.29320868505372,0
0,0.050506781009158036,0
0,0.04076584676843831,0
0,0.04453672352383021,0
0,0.5118983852833359,1
0,0.08299936331695516,0
0,0.7799782375625797,1
0,0.57543912388241,1
0,0.06555460562419575,0
0,0.11065405774107456,0
0,0.07542831986358735,0
0,0.15842948530329398,0
0,0.09038003613182925,0
0,0.5291797861431071,1
0,0.10099030610308517,0
0,0.5558030162361668,1
0,0.6212599769642898,1
0,0.21359510958195693,0
0,0.32536600612666317,0
0,0.5314037903089499,1
0,0.6514978065056696,1
0,0.010044175187708972,0
0,0.21293248288087624,0
0,0.10116954388012692,0
0,0.2989400591140658,0
0,0.06153310944753299,0
0,0.12519649964620305,0
0,0.6380774469173192,1
0,0.019542101096357355,0
0,0.021451064934811234,0
0,0.09781219483878957,0
0,0.6582973556339459,1
0,0.028984086477820598,0
0,0.035092583323581096,0
0,0.08894443749492284,0
0,0.01382476883230635,0
0,0.509077227024162,1
0,0.32867769536967667,0
0,0.1706509443481464,0
0,0.03139467824355328,0
0,0.012830980157109692,0
0,0.06884177195395569,0
0,0.019449673724243426,0
0,0.42947910053235866,0
0,0.05961690173657816,0
0,0.07317145074126456,0
0,0.029173350724904176,0
0,0.28115019129976104,0
0,0.4043060902597035,0
0,0.06973863214428407,0
0,0.6621310541363753,1
0,0.2537580448051648,0
0,0.3084894366449389,0
0,0.02877946172429372,0
0,0.0351590940878201,0
0,0.2883798549654007,0
0,0.7455822452774611,1
0,0.008822585539119968,0
0,0.05133908646374549,0
0,0.3530260440574726,0
0,0.03426058637762435,0
0,0.04641231917637328,0
0,0.5346819064627104,1
0,0.020987924774564428,0
0,0.31028593723342957,0
0,0.08793251600805359,0
0,0.05018989193804597,0
0,0.8497081421909893,1
0,0.016016394846340633,0
0,0.847356203658095,1
0,0.025439576506359043,0
0,0.07451837280330594,0
0,0.050280111834044676,0
0,0.043502049488081854,0
0,0.009662377102662614,0
0,0.09434949510263395,0
0,0.07046298322716373,0
0,0.8938064905930216,1
0,0.06283121144776085,0
0,0.3995127158735345,0
0,0.011964854218100727,0
0,0.19870992206488478,0
0,0.5063082892676614,1
0,0.13004470038760002,0
0,0.05415597135438977,0
0,0.08380602694830153,0
0,0.004563106610356645,0
0,0.3129610308445081,0
0,0.03683506024745473,0
0,0.4766511514349917,0
0,0.08185068055091697,0
0,0.06498363320689192,0
0,0.06004404756214945,0
0,0.531766180084413,1
0,0.4744963919667117,0
0,0.03634974530467045,0
0,0.21645429162181545,0
0,0.030675936050630976,0
0,0.037964967573972004,0
0,0.17375741284096244,0
0,0.226890049904628,0
0,0.02392310704228445,0
0,0.01612060931243383,0
0,0.06341191074312993,0
0,0.06420602066123486,0
0,0.09012479560992902,0
0,0.013147765995419532,0
0,0.045447206519074565,0
0,0.1762532846159484,0
0,0.7563668650534514,1
0,0.10037180273999162,0
0,0.06890015889390314,0
0,0.1598957026491657,0
0,0.07218346357169647,0
0,0.01302873365067188,0
0,0.10320015048204209,0
0,0.2817728218993394,0
0,0.038443791583916836,0
0,0.017879653871672424,0
0,0.15242180192761562,0
0,0.05624132419314732,0
0,0.2553257099190703,0
0,0.07296632209297764,0
0,0.17705908329046935,0
0,0.6764082570565877,1
0,0.04156061982111177,0
0,0.007341132217607429,0
0,0.01012300972215477,0
0,0.36837748394320285,0
0,0.22243341867937932,0
0,0.010484364666794511,0
0,0.2605129746401416,0
0,0.015572195402101472,0
0,0.02467152235285071,0
0,0.07645728669080569,0
0,0.05748427435014898,0
0,0.28538142433497743,0
0,0.1466454614381337,0
0,0.20413874360594805,0
0,0.03971932419204979,0
0,0.6288383319165627,1
0,0.20140638977597589,0
0,0.044396696159257024,0
0,0.08001991056475309,0
0,0.049142522332722934,0
0,0.11488498362573536,0
0,0.32908171351137794,0
0,0.40787053263622247,0
0,0.3056327824970267,0
0,0.08726841415405473,0
0,0.025530297297499772,0
0,0.0582025700516969,0
0,0.24256597269000196,0
0,0.1430508989313004,0
0,0.02493074474047712,0
0,0.3294174916378574,0
0,0.13660098507778826,0
0,0.23971698534357985,0
0,0.33100888443387944,0
0,0.07496159480096437,0
0,0.0335983990096592,0
0,0.383952149197825,0
0,0.045122279377317526,0
0,0.71528089839636,1
0,0.022393102684576005,0
0,0.2553861328925875,0
0,0.034515878576769,0
0,0.6325006217059413,1
0,0.07937020563933696,0
0,0.5610707050449057,1
0,0.08721045506459003,0
0,0.13896065680675473,0
0,0.056156006136947975,0
0,0.24546247728906143,0
0,0.3292307522369489,0
0,0.019371000554902977,0
0,0.16098594681570172,0
0,0.580031257674553,1
0,0.04239651277352784,0
0,0.22785906662842992,0
0,0.011731345172945206,0
0,0.44716161840123153,0
0,0.005248281008867695,0
0,0.3791286652123199,0
0,0.026556813301754814,0
0,0.4314001930882697,0
0,0.0235396485900379,0
0,0.8192874739224907,1
0,0.3894680803948808,0
0,0.02346375696702412,0
0,0.3740407841197844,0
0,0.07855173236196608,0
0,0.1385654174830698,0
0,0.1195103127518285,0
0,0.3568783207455992,0
0,0.13012425052698867,0
0,0.27332223970627345,0
0,0.0037842888601773796,0
0,0.1189389495618717,0
0,0.047967562392412205,0
0,0.06782844832132676,0
0,0.7692643186295962,1
0,0.11217710304391841,0
0,0.41241530171137764,0
0,0.08597515791874855,0
0,0.12043080780477587,0
0,0.031506357060047625,0
0,0.1254932445816157,0
0,0.2794331389587616,0
0,0.16594719923048679,0
0,0.06776479305141943,0
0,0.011471595526505547,0
0,0.0353392312667852,0
0,0.11247605906507753,0
0,0.14290926598184642,0
0,0.4821563434389721,0
0,0.0013354578759261788,0
0,0.09697070986459944,0
0,0.0012455226403851752,0
0,0.10757271361964922,0
0,0.35281011222382963,0
0,0.04845055534126955,0
0,0.13766898131202873,0
0,0.08175457660341878,0
0,0.28080470175501826,0
0,0.8581692932070817,1
0,0.1726667976195924,0
0,0.03739600308932794,0
0,0.0971652345113569,0
0,0.3049034438370263,0
0,0.23951005357186228,0
0,0.4165812796745502,0
0,0.018254792953461586,0
0,0.022796152288841475,0
0,0.8555851090181548,1
0,0.04191921021661614,0
0,0.5427081226576327,1
0,0.3491655044770433,0
0,0.45524991964064043,0
0,0.13884617011057968,0
0,0.9391346231535984,1
0,0.05271849463259608,0
0,0.14625588516706928,0
0,0.3901510466475695,0
0,0.37503915055931286,0
0,0.739859620918495,1
0,0.931094662847525,1
0,0.015228326294282725,0
0,0.05358758498696428,0
0,0.290128107813688,0
0,0.31499164074911123,0
0,0.3982406564627789,0
0,0.017644256337294918,0
0,0.03911895513077569,0
0,0.12486534054518778,0
0,0.3470882652080276,0
0,0.011491869384586628,0
0,0.09117452888817579,0
0,0.11140475191281378,0
0,0.25656099090071954,0
0,0.15360127905034046,0
0,0.07234221866567936,0
0,0.19102803675069793,0
0,0.3034296060624782,0
0,0.12811033117824747,0
0,0.2415052857117637,0
0,0.1787347246916161,0
0,0.24790284994471357,0
0,0.29660324257450055,0
0,0.06857162401947473,0
0,0.6461934707929922,1
0,0.17132345443459904,0
0,0.23213581252755694,0
0,0.4036274511844708,0
0,0.14056420141920678,0
0,0.18224839413343993,0
0,0.12311394687148539,0
0,0.007001727803960328,0
0,0.025640801959475858,0
0,0.4866935086315943,0
0,0.001200903236480328,0
0,0.5344186887359121,1
0,0.6652484633698451,1
0,0.2299385954318854,0
0,0.2927219882588312,0
0,0.006489197653896507,0
0,0.37044018584555455,0
0,0.10850065805251556,0
0,0.11421814230182183,0
0,0.14907463983793842,0
0,0.05448360358574472,0
0,0.06823165010250636,0
0,0.02450848782058592,0
0,0.482274283903172,0
0,0.8106996620359621,1
0,0.5758632787331756,1
0,0.22731664223094858,0
0,0.1881079149330928,0
0,0.8935018142983281,1
0,0.2805788300770072,0
0,0.004427746300610807,0
0,0.016626729205216302,0
0,0.027016416482942708,0
0,0.40180433121896847,0
0,0.028186181816957496,0
0,0.48899625576100364,0
0,0.13348635522943553,0
0,0.9402927467499499,1
0,0.04276963551890357,0
0,0.025977451275582084,0
0,0.04630180668579622,0
0,0.2973105407861763,0
0,0.3070453648137765,0
0,0.04183531861863456,0
0,0.010106931583271696,0
0,0.030571253042631648,0
0,0.024669932559513375,0
0,0.018862344027287013,0
0,0.07753860763433275,0
0,0.3060745744081851,0
0,0.15410664149230802,0
0,0.018825543555400052,0
0,0.3492046027426446,0
0,0.18616234156256847,0
0,0.39665664490086183,0
0,0.665603235801212,1
0,0.21612145831228294,0
0,0.08201853979763699,0
0,0.09791689831589794,0
0,0.6315706038632375,1
0,0.005440466720424736,0
0,0.10553640096221205,0
0,0.8138390730780892,1
0,0.1744401019598506,0
0,0.06227856877620188,0
0,0.01675806803296399,0
0,0.3817747142145794,0
0,0.06994806558298478,0
0,0.06717102476593488,0
0,0.26695306545752645,0
0,0.05339497839706211,0
0,0.11422887398715986,0
0,0.897917117099512,1
0,0.37130409753144894,0
0,0.015980763363267533,0
0,0.0949952358535951,0
0,0.024560023417348902,0
0,0.04060804904716033,0
0,0.8090341098132713,1
0,0.4204697393352047,0
0,0.21009581845772923,0
0,0.03428214623490849,0
0,0.00574346014735233,0
0,0.003189228122795927,0
0,0.2639535365687211,0
0,0.804566293619883,1
0,0.14373443978750305,0
0,0.6715761175639126,1
0,0.06834496487653288,0
0,0.008433314159497435,0
0,0.008820512459224588,0
0,0.007785363497571905,0
0,0.30899859833134785,0
0,0.0264671805659747,0
0,0.7458003820677025,1
0,0.015004896489907783,0
0,0.678365851437517,1
0,0.0662195868844905,0
0,0.10608619576070892,0
0,0.06938374988120315,0
0,0.584447268783085,1
0,0.10969599484962585,0
0,0.184539898802725,0
0,0.1303005269987205,0
0,0.4765554982277611,0
0,0.13697749517406319,0
0,0.3129767209278038,0
0,0.006629151564846141,0
0,0.16607959541247455,0
0,0.01654239420562729,0
0,0.03639534071246107,0
0,0.15269882310045876,0
0,0.02083159958923077,0
0,0.9457191289032267,1
0,0.5438009016491621,1
0,0.10549754030963888,0
0,0.07882343251837462,0
0,0.057920888541795015,0
0,0.17864934161304355,0
0,0.20208981153059327,0
0,0.04761234123730022,0
0,0.05293822099931039,0
0,0.09456622690906565,0
0,0.16019144234266244,0
0,0.20006069076938657,0
0,0.3586772331314326,0
0,0.9303520437230215,1
0,0.03004271994048395,0
0,0.2096550993822643,0
0,0.05472541435825038,0
0,0.050322055140841676,0
0,0.023266992681104586,0
0,0.06585201861594978,0
0,0.035335082328182575,0
0,0.5382839123967212,1
0,0.025483546358307112,0
0,0.2630549416140432,0
0,0.2345705909092697,0
0,0.04845394592059608,0
0,0.3107134044393843,0
0,0.12628129876726563,0
0,0.013988660634635315,0
0,0.5638803278394765,1
0,0.023695139384028195,0
0,0.1395597376355884,0
0,0.08855127059851568,0
0,0.060678532682256425,0
0,0.258419861334962,0
0,0.09436445882776745,0
0,0.0162346986087779,0
0,0.009882021004848196,0
0,0.0984723190936838,0
0,0.6154639785049152,1
0,0.007461975027316969,0
0,0.035613006591730924,0
0,0.20509764324440305,0
0,0.39558372824336546,0
0,0.5962332216605293,1
0,0.18936081379789657,0
0,0.01906476023546971,0
0,0.16789211740013363,0
0,0.020922127169201235,0
0,0.2954381703600861,0
0,0.03993894110393598,0
0,0.07586142904847835,0
0,0.1280605088529394,0
0,0.010268881561022257,0
0,0.03589112764397248,0
0,0.09609504327063162,0
0,0.10275540222916281,0
0,0.07791204222753523,0
0,0.018162602189794527,0
0,0.15784497927496172,0
0,0.09892666895735099,0
0,0.39911427191228593,0
0,0.17125231195000748,0
0,0.4264391680337307,0
0,0.6359863761301564,1
0,0.5033251695866722,1
0,0.5037981471340641,1
0,0.34530316623715385,0
0,0.05358577876824517,0
0,0.10397288611178691,0
0,0.3506279511129783,0
0,0.07140983427897139,0
0,0.10307419650830442,0
0,0.7045880783641542,1
0,0.2750670613634541,0
0,0.2318577059097978,0
0,0.49855998130600004,1
0,0.0523124504504209,0
0,0.012727651897162781,0
0,0.3676642334310472,0
0,0.07136356710630785,0
0,0.0785317096528467,0
0,0.06686860199891859,0
0,0.26779518786407136,0
0,0.042341268978175035,0
0,0.05105984359357293,0
0,0.3323033182071215,0
0,0.7456248859145819,1
0,0.06270350568621204,0
0,0.053223843745601865,0
0,0.12083071560978559,0
0,0.11149549401255647,0
0,0.2029379894733798,0
0,0.40254206694003863,0
0,0.07181279495553311,0
0,0.1159443372912311,0
0,0.07785682686264,0
0,0.04750864129157593,0
0,0.08041428280284674,0
0,0.23750058563918972,0
0,0.2679719117715641,0
0,0.6093175050836572,1
0,0.8433911749082044,1
0,0.021774851245511845,0
0,0.01354126199670502,0
0,0.009177007412139646,0
0,0.40060282905544825,0
0,0.5496328604327642,1
0,0.025159913720747714,0
0,0.7122934944803252,1
0,0.19384513620675597,0
0,0.4195783619446257,0
0,0.01421278363893685,0
0,0.6830225740782836,1
0,0.4302017545910893,0
0,0.9289431254695631,1
0,0.2539802087731676,0
0,0.08320488760230808,0
0,0.0022711668778516085,0
0,0.43511991262679994,0
0,0.11875004088143272,0
0,0.04267855357912447,0
0,0.22152434237089433,0
0,0.1174499570948175,0
0,0.31501282847719486,0
0,0.0665204239755232,0
0,0.22441033134663815,0
0,0.13860571919077083,0
0,0.21050600065015035,0
0,0.060353318723712024,0
0,0.1448335610923955,0
0,0.01928959405611482,0
0,0.018884770634388315,0
0,0.6333619991390289,1
0,0.09513564471378591,0
0,0.2011457543049291,0
0,0.8387570543223614,1
0,0.44546057691167107,0
0,0.11665450968681143,0
0,0.04720299525368318,0
0,0.09261426417216162,0
0,0.021258087498704493,0
0,0.7550623303838014,1
0,0.06901362888038624,0
0,0.5666466486749788,1
0,0.3921877873284682,0
0,0.8514575417319248,1
0,0.13543446095232947,0
0,0.3783198702765595,0
0,0.11686946861799462,0
0,0.008928710960820156,0
0,0.15648920326587276,0
0,0.9698183694506913,1
0,0.2366751060886661,0
0,0.03401913066194314,0
0,0.04156058030616801,0
0,0.03443856392183247,0
0,0.14289139543551538,0
0,0.6519636186092044,1
0,0.14126804326019451,0
0,0.1356964204423818,0
0,0.6494856798837519,1
0,0.08935626929697367,0
0,0.12424787484912689,0
0,0.23705256729333848,0
0,0.1791637926590182,0
0,0.07440107153231768,0
0,0.5020231181724726,1
0,0.08309884408579066,0
0,0.039722232297881,0
0,0.3859021781184352,0
0,0.11634583153104691,0
0,0.10834343527345357,0
0,0.02096302614838064,0
0,0.7414482767373685,1
0,0.42801625866648213,0
0,0.08066319149463284,0
0,0.596612353477969,1
0,0.08762618388942423,0
0,0.3357573660751532,0
0,0.052880383761837214,0
0,0.07729528365883016,0
0,0.041996620680182006,0
0,0.003346543849090495,0
0,0.030595241517331374,0
0,0.1202013155398241,0
0,0.012683758770052156,0
0,0.0863222776828795,0
0,0.4058160981228677,0
0,0.46631914896748167,0
0,0.11694632845855693,0
0,0.8138634492813772,1
0,0.14900054838030136,0
0,0.248414674458572,0
0,0.2212436297496888,0
0,0.2014541146879243,0
0,0.4729466158097144,0
0,0.16496091140156535,0
0,0.0888661665212171,0
0,0.032636769775668185,0
0,0.4425212389846274,0
0,0.045354252274197066,0
0,0.10548912215744113,0
0,0.6967781202095942,1
0,0.01814192333410592,0
0,0.022393318986905105,0
0,0.17787917690112112,0
0,0.41556399610924705,0
0,0.07463419223983772,0
0,0.19231054593769298,0
0,0.12949815957738187,0
0,0.37146114305962086,0
0,0.10919763274349135,0
0,0.07204002807408111,0
0,0.19589676392065755,0
0,0.11906882926000197,0
0,0.1329384802487113,0
0,0.16450887404355571,0
0,0.048736334725074666,0
0,0.04582851256953561,0
0,0.10806140824462236,0
0,0.3253237254409183,0
0,0.1901569859189558,0
0,0.35656923252621997,0
0,0.6503973084973723,1
0,0.242396446444896,0
0,0.18099272253724297,0
0,0.02248741012509467,0
0,0.07904383926142576,0
0,0.6065198080761702,1
0,0.2023962541359443,0
0,0.9774485959615568,1
0,0.09574100957572951,0
0,0.18652616262079677,0
0,0.8516166433912679,1
0,0.13862851866014586,0
0,0.033170615589543734,0
0,0.011714990177909092,0
0,0.014563784719928884,0
0,0.057604784635418446,0
0,0.016135902529650088,0
0,0.036251210014263936,0
0,0.6462107176814057,1
0,0.6470156565805257,1
0,0.13056823154095792,0
0,0.004182153621085233,0
0,0.04462257091385921,0
0,0.11463629771072463,0
0,0.21861487582644926,0
0,0.020490888951562047,0
0,0.08871690553411002,0
0,0.4980073009559305,1
0,0.017955692745792267,0
0,0.02024588794121952,0
0,0.46779096255345476,0
0,0.8024155861210152,1
0,0.5695435653261574,1
0,0.3318107189238985,0
0,0.035603157884524006,0
0,0.17759166995900436,0
0,0.7368316485568519,1
0,0.158197355241735,0
0,0.7290671191243738,1
0,0.20387879322151295,0
0,0.1149135586229514,0
0,0.29415969231654215,0
0,0.0817586586091441,0
0,0.013304712188980904,0
0,0.3758088441863625,0
0,0.2599794642990065,0
0,0.05923605245530188,0
0,0.0720038999974474,0
0,0.05940961026868302,0
0,0.05487648642617457,0
0,0.21557045035307068,0
0,0.0037539142896567965,0
0,0.07256156636835127,0
0,0.2191989414604509,0
0,0.3543940270079938,0
0,0.05438437471678772,0
0,0.04482459329176612,0
0,0.12915049673379342,0
0,0.40126334778284817,0
0,0.013469088069273346,0
0,0.031186923064167017,0
0,0.0442060833573788,0
0,0.020895445077845284,0
0,0.29411076488232785,0
0,0.7526785330942636,1
0,0.20716387554684004,0
0,0.3972025393916826,0
0,0.09407660488901043,0
0,0.020568402767218098,0
0,0.08552892117269019,0
0,0.04194469581514709,0
0,0.2719726985615938,0
0,0.01958507307030108,0
0,0.038918283355414154,0
0,0.027216721326614287,0
0,0.25005191877005234,0
0,0.17724100032072487,0
0,0.066710490690543,0
0,0.0638126633602329,0
0,0.11156923033989342,0
0,0.010762141917598935,0
0,0.001053276826085158,0
0,0.05921493835210977,0
0,0.23860473945188862,0
0,0.02031434715674695,0
0,0.15178263689124044,0
0,0.021843487846355068,0
0,0.052113253513819284,0
0,0.3526847052573169,0
0,0.4649710310259615,0
0,0.24958462943001672,0
0,0.23578651244457635,0
0,0.12281173041784134,0
0,0.39373502071835914,0
0,0.1942898451809066,0
0,0.693281052494008,1
0,0.6868057481239439,1
0,0.10436555066434268,0
0,0.010503361665444579,0
0,0.10897173763489716,0
0,0.802120467548257,1
0,0.030806788448257467,0
0,0.07532002713333802,0
0,0.21526707620492214,0
0,0.044003059255282057,0
0,0.0059365312292248215,0
0,0.037160694018381374,0
0,0.17368018157502535,0
0,0.06541565811611316,0
0,0.08898648484693181,0
0,0.012567233224611023,0
0,0.9540310055392289,1
0,0.20622735558252653,0
0,0.06206400523353676,0
0,0.13662200085124104,0
0,0.1975900493001332,0
0,0.04114768690320058,0
0,0.5281470184334537,1
0,0.05449630958659454,0
0,0.020056595388335745,0
0,0.01651206472884655,0
0,0.04424057851564743,0
0,0.021510031184658256,0
0,0.046728212164963236,0
0,0.30440235413479144,0
0,0.6080518577472876,1
0,0.8115858710158436,1
0,0.7488009762867878,1
0,0.48177792777682305,0
0,0.4241886841804152,0
0,0.01844196529591996,0
0,0.050727650449449324,0
0,0.17958208414176646,0
0,0.704656804857141,1
0,0.010411157043286351,0
0,0.9784267692688216,1
0,0.015703620394588294,0
0,0.06722934354255435,0
0,0.09623445857279724,0
0,0.10324807611163746,0
0,0.11840964408911457,0
0,0.27307599663259413,0
0,0.13287351751538246,0
0,0.1494865524887175,0
0,0.1066171265629975,0
0,0.06838782990585125,0
0,0.10667433461248828,0
0,0.03826414585980023,0
0,0.26782806412832894,0
0,0.22260005354693105,0
0,0.10168125961975738,0
0,0.014989013882446564,0
0,0.5340962289125719,1
0,0.05593430674110498,0
0,0.9125477576207753,1
0,0.01447152873242334,0
0,0.08175950657008858,0
0,0.13736959240871,0
0,0.5092468504110735,1
0,0.09496267507205398,0
0,0.12692781277457507,0
0,0.24817051812202054,0
0,0.006023685331690204,0
0,0.09007622499026186,0
0,0.014058722399686916,0
0,0.06646150948704506,0
0,0.01327971639692892,0
0,0.5630594765143537,1
0,0.016519455007451566,0
0,0.3139462433743995,0
0,0.3798006886632493,0
0,0.8153407343162018,1
0,0.0013387084839739532,0
0,0.07898316272573473,0
0,0.12554256381488976,0
0,0.01703465429919124,0
0,0.05336852676845533,0
0,0.05115704406906327,0
0,0.025410246528758278,0
0,0.09395615371882118,0
0,0.8074096486106326,1
0,0.01454315583187935,0
0,0.7586223745920924,1
0,0.10586155410653941,0
0,0.16966373429316764,0
0,0.2862774074912448,0
0,0.17136909798616523,0
0,0.005322696613933025,0
0,0.04060442903997656,0
0,0.09838874518838049,0
0,0.048066396933510246,0
0,0.24403733976643835,0
0,0.1701688914764662,0
0,0.6004161557686858,1
0,0.00869282954730257,0
0,0.01247084510425565,0
0,0.03970549720299415,0
0,0.1325940020588102,0
0,0.12373614284879467,0
0,0.0024723907041017826,0
0,0.25733334237114014,0
0,0.2962572920335657,0
0,0.15425527771722403,0
0,0.4590981781666013,0
0,0.09509486697748978,0
0,0.08696290873726116,0
0,0.18476582392775945,0
0,0.1914210529911233,0
0,0.45027036308372015,0
0,0.07739005489036388,0
0,0.2567515094371623,0
0,0.46748383771891033,0
0,0.06769084731440392,0
0,0.029715825435522817,0
0,0.0405047381432206,0
0,0.07953211518671542,0
0,0.018162193045551164,0
0,0.5630696432920842,1
0,0.005700216375144341,0
0,0.4021212527730796,0
0,0.06758895385217664,0
0,0.1529611665732715,0
0,0.2108608150059736,0
0,0.3929199848444416,0
0,0.26242720333674957,0
0,0.0556770933410725,0
0,0.15405509039976187,0
0,0.014762655451818122,0
0,0.783392924563478,1
0,0.006077878660200355,0
0,0.274441057024004,0
0,0.0420807596935868,0
0,0.7061295566025089,1
0,0.7113299455244884,1
0,0.015476034454528395,0
0,0.06678657585855441,0
0,0.04958539826200604,0
0,0.2364475151010365,0
0,0.13728236683591205,0
0,0.36145637207082865,0
0,0.04696557131135668,0
0,0.0019982602278106948,0
0,0.3253023931498028,0
0,0.028263169732308607,0
0,0.0031247860244358657,0
0,0.08395133230665609,0
0,0.1873693698413881,0
0,0.08560809969151434,0
0,0.0682677590402767,0
0,0.12090255509258326,0
0,0.11045312375626476,0
0,0.2764792713720932,0
0,0.8256559261120036,1
0,0.11985120344909565,0
0,0.08660169857425766,0
0,0.05364538488982489,0
0,0.21965588370643074,0
0,0.08835995048797511,0
0,0.054023705907007565,0
0,0.10679697421620421,0
0,0.4615300857043105,0
0,0.44230926399614484,0
0,0.17675778669929704,0
0,0.5174234841207772,1
0,0.3826206640682408,0
0,0.04898483512571501,0
0,0.07887987847607007,0
0,0.3125873840416292,0
0,0.043380231011571437,0
0,0.27169381119057695,0
0,0.07754476488419784,0
0,0.0397969394750108,0
0,0.2905843690874053,0
0,0.3177092826880666,0
0,0.06174587046064401,0
0,0.397296461128875,0
0,0.10050932296890233,0
0,0.0182270823684243,0
0,0.1056620918051089,0
0,0.05167385902620758,0
0,0.5274695192423929,1
0,0.20970879358275182,0
0,0.01539899127291621,0
0,0.1722625384885945,0
0,0.43825506250621254,0
0,0.02528878997237843,0
0,0.6955903519786641,1
0,0.06375617733497178,0
0,0.09499642624615287,0
0,0.04513854550988597,0
0,0.37072261923996436,0
0,0.16674816074680723,0
0,0.055475748876115664,0
0,0.015376683237381873,0
0,0.12058761258747427,0
0,0.44780897598778313,0
0,0.32205330882584454,0
0,0.818565747215458,1
0,0.06983844199239161,0
0,0.0722559042713427,0
0,0.0039902721238816155,0
0,0.2733565823147757,0
0,0.21219046163411673,0
0,0.09400345451953407,0
0,0.04979424847612344,0
0,0.88646073063883,1
0,0.05027870479978969,0
0,0.32226423481647964,0
0,0.4376929516607757,0
0,0.11145884502815469,0
0,0.0876235319801731,0
0,0.06439199970328995,0
0,0.13925115366757024,0
0,0.15737790889778724,0
0,0.13720164326623605,0
0,0.03367967093159081,0
0,0.33482882623668697,0
0,0.27841753654421014,0
0,0.10281639444313283,0
0,0.3447555135536801,0
0,0.22775245711884737,0
0,0.15827431745953144,0
0,0.057378237315938926,0
0,0.12932462552501164,0
0,0.07406307654477111,0
0,0.010066850436130153,0
0,0.1819344680176273,0
0,0.1873723475067897,0
0,0.0048794710286013,0
0,0.059390414751797814,0
0,0.912075566796055,1
0,0.0724003660279874,0
0,0.06421138422726544,0
0,0.08878346680363083,0
0,0.034537732694878316,0
0,0.07652365688964177,0
0,0.19433422981159224,0
0,0.1152507392793261,0
0,0.021701118793041353,0
0,0.04851104011373275,0
0,0.0023678383650939977,0
0,0.4524101618673343,0
0,0.07705909098022251,0
0,0.4236189126047609,0
0,0.21113023527253705,0
0,0.33874585632419885,0
0,0.029470348786627694,0
0,0.31133115301734327,0
0,0.07953864297069317,0
0,0.007388894389431828,0
0,0.04559953578069383,0
0,0.07727685508395658,0
0,0.8838736830007304,1
0,0.03849478877015848,0
0,0.03690268486909113,0
0,0.09115692483027073,0
0,0.11501830894219518,0
0,0.06940741664406512,0
0,0.10720693770233222,0
0,0.05152855225727621,0
0,0.07990818692835769,0
0,0.04742325530771121,0
0,0.11647391069458088,0
0,0.12561726607526424,0
0,0.156523253097169,0
0,0.1733530684034356,0
0,0.14994875633815194,0
0,0.2043440120465959,0
0,0.8063714656127248,1
0,0.21460203274883657,0
0,0.028284299712286673,0
0,0.3389724466711293,0
0,0.017964285791013706,0
0,0.011159899510716437,0
0,0.08529643221391278,0
0,0.10880654670798612,0
0,0.582925017139966,1
0,0.04471075058058197,0
0,0.008158650999982458,0
0,0.00417718990594707,0
0,0.015245312350020487,0
0,0.11762033743544911,0
0,0.014295445049564821,0
0,0.07578952558967636,0
0,0.06127902307368114,0
0,0.11933413672520284,0
0,0.6886138601420961,1
0,0.1289933811559096,0
0,0.1041753503194365,0
0,0.1831148814168337,0
0,0.04845584680871349,0
0,0.017156627929388515,0
0,0.015181453936362945,0
0,0.016828533654540977,0
0,0.3194377050400039,0
0,0.019382045491276586,0
0,0.08912102910218028,0
0,0.2514602464796741,0
0,0.04337917323285436,0
0,0.1259173084849069,0
0,0.24321110454774705,0
0,0.22396272991502553,0
0,0.6622066793665619,1
0,0.12226380983511367,0
0,0.043428247019159774,0
0,0.26105976984092805,0
0,0.21459942837087564,0
0,0.5183439465101467,1
0,0.36804758686182615,0
0,0.11364678502808095,0
0,0.06254186775777043,0
0,0.22057161751924023,0
0,0.051864499007395794,0
0,0.1697980696671418,0
0,0.2568342720271391,0
0,0.0717224247886478,0
0,0.11112175581354954,0
0,0.16112988728023647,0
0,0.07752138884828877,0
0,0.3873129180657516,0
0,0.019483132897497632,0
0,0.2753434209039938,0
0,0.17383372938463565,0
0,0.2011850847198819,0
0,0.08387761528742106,0
0,0.28142190579220444,0
0,0.6837874856504905,1
0,0.3654377665955238,0
0,0.11552066242536696,0
0,0.7436152881667468,1
0,0.16907423416299086,0
0,0.07720016778183277,0
0,0.06151988370600186,0
0,0.2550946630897947,0
0,0.012796082133656048,0
0,0.008859948930847706,0
0,0.007693175983057236,0
0,0.021827283194756058,0
0,0.07048024940397929,0
0,0.562063464067725,1
0,0.014181886785252161,0
0,0.05934572749130322,0
0,0.07239706772848449,0
0,0.053159599959679706,0
0,0.15366062410248169,0
0,0.0033176356433602815,0
0,0.117219119035986,0
0,0.1534283159153354,0
0,0.044594597505549505,0
0,0.2677874815563591,0
0,0.1117933971863821,0
0,0.21326135369273772,0
0,0.040746007235390326,0
0,0.44880603271403197,0
0,0.05551102402258705,0
0,0.06958692368268268,0
0,0.10328126613673112,0
0,0.028872707331563444,0
0,0.03811907557822462,0
0,0.3264065473467765,0
0,0.05843603067875763,0
0,0.08666348532812447,0
0,0.035426485263226594,0
0,0.10683495235147854,0
0,0.7364069275675382,1
0,0.44411804034937424,0
0,0.23669015111545685,0
0,0.3381180695649375,0
0,0.1969051421633368,0
0,0.12977445958669273,0
0,0.07562854007742309,0
0,0.08256234777488418,0
0,0.02975272314729099,0
0,0.03990618762852923,0
0,0.3017652713487277,0
0,0.023784810686168046,0
0,0.04290282572553601,0
0,0.34122942071014073,0
0,0.015645309799250454,0
0,0.15538825977580276,0
0,0.01105059251532098,0
0,0.08115807191762084,0
0,0.6546771158339552,1
0,0.14194721799901955,0
0,0.08782530177889804,0
0,0.04716360473207706,0
0,0.030372872252132498,0
0,0.3486468534655153,0
0,0.058175220237014456,0
0,0.36479895630176995,0
0,0.09312874960207744,0
0,0.031565665163262216,0
0,0.11308377553818778,0
0,0.023009913133846253,0
0,0.42626754100736375,0
0,0.05591438759456618,0
0,0.06646153248749223,0
0,0.05709239477579751,0
0,0.26686072033767533,0
0,0.08121288578948332,0
0,0.20305692539631698,0
0,0.2712261633995644,0
0,0.03136496351360719,0
0,0.04636539318580543,0
0,0.09693450381042591,0
0,0.023453981270177875,0
0,0.0656026780704799,0
0,0.19251737055687948,0
0,0.052089048559329235,0
0,0.06872471253363317,0
0,0.019361542001174313,0
0,0.7535228545840403,1
0,0.0877960610533889,0
0,0.02382054034394429,0
0,0.03765262105137149,0
0,0.34308638068036634,0
0,0.057839809080028365,0
0,0.009433696821507603,0
0,0.3547607844806957,0
0,0.3603544121532914,0
0,0.0944752542529967,0
0,0.05100111783267241,0
0,0.017522549955373293,0
0,0.1445350194950483,0
0,0.05793494526167902,0
0,0.12238862725121084,0
0,0.054475085445578275,0
0,0.7144679806378016,1
0,0.3295291223180603,0
0,0.06805060486520216,0
0,0.40900277830461546,0
0,0.0015545109453170478,0
0,0.08838368422277645,0
0,0.14228717597584045,0
0,0.04727847491573705,0
0,0.006171776817738169,0
0,0.40978219303403496,0
0,0.09361408929274764,0
0,0.08435082779947857,0
0,0.122354424700468,0
0,0.0441178200854772,0
0,0.052046971956847245,0
0,0.16630186117844115,0
0,0.03634620574867775,0
0,0.31745003156287294,0
0,0.031123368617798006,0
0,0.007843857424333973,0
0,0.05337202238890849,0
0,0.1319711012869394,0
0,0.12533261241281984,0
0,0.05962597575838062,0
0,0.13253612356233527,0
0,0.012576632806414351,0
0,0.4963785919812935,1
0,0.017381130914120014,0
0,0.02049427352680833,0
0,0.04435065680224704,0
0,0.3439565782096192,0
0,0.20555749810412824,0
0,0.1495852434495441,0
0,0.1338752254801666,0
0,0.13292589626278067,0
0,0.04666939258838672,0
0,0.5455841147142215,1
0,0.07718427541900737,0
0,0.27274765716174143,0
0,0.02674605399334935,0
0,0.030184252106613782,0
0,0.18603890929229172,0
0,0.03741507527767507,0
0,0.06681462571535865,0
0,0.36813370018977,0
0,0.10356445330971266,0
0,0.23983804604008263,0
0,0.08596279996444985,0
0,0.19284122351442295,0
0,0.013780828437247077,0
0,0.005408853062204382,0
0,0.5692498583651662,1
0,0.009779145622352079,0
0,0.1400497758437558,0
0,0.3195843547085874,0
0,0.13848934322045225,0
0,0.41496850189219747,0
0,0.29668257749685406,0
0,0.04503682519287542,0
0,0.02808288362285486,0
0,0.10722146214733964,0
0,0.21855998358485615,0
0,0.3932416322519861,0
0,0.8760941924211626,1
0,0.1742335146623753,0
0,0.6458541221588932,1
0,0.11509837014585551,0
0,0.021867855987695684,0
0,0.4248887194809172,0
0,0.5408856287064802,1
0,0.02907430258139082,0
0,0.03592370737937084,0
0,0.12702750773131974,0
0,0.24373591819827212,0
0,0.07432359170117715,0
0,0.1860610902801227,0
0,0.05572479390449179,0
0,0.015588876683274086,0
0,0.11857913166225746,0
0,0.40622717497259814,0
0,0.22203194686877412,0
0,0.041569989625893713,0
0,0.000540197579639569,0
0,0.9331785629633867,1
0,0.06646753948052439,0
0,0.33499719573879055,0
0,0.0006588874903564945,0
0,0.06593947933168544,0
0,0.8549947658246757,1
0,0.020934700512613823,0
0,0.07052467686715454,0
0,0.0466088233680974,0
0,0.12677528759854576,0
0,0.039130876820403344,0
0,0.33935421075534866,0
0,0.8210009941636413,1
0,0.5736973342339944,1
0,0.5409677720780137,1
0,0.21165091965443802,0
0,0.01517626149228488,0
0,0.03199750703761904,0
0,0.012345859565927866,0
0,0.4068932248339119,0
0,0.11833637912343133,0
0,0.002590787471356991,0
0,0.012258341135712692,0
0,0.4286793651547128,0
0,0.3366411993452204,0
0,0.8642102458589073,1
0,0.3693155903703378,0
0,0.5261657180469572,1
0,0.6384246809844372,1
0,0.137299159963223,0
0,0.43988761249986186,0
0,0.008482322132168908,0
0,0.09551212125654801,0
0,0.4066899051686862,0
0,0.007294437111050366,0
0,0.07175292594496388,0
0,0.06661771620950903,0
0,0.12101673490923938,0
0,0.428362978076163,0
0,0.1736925068090599,0
0,0.2339857662482947,0
0,0.036832649414919615,0
0,0.4313937742284217,0
0,0.014913455399482552,0
0,0.11780697684958841,0
0,0.0036199405940577477,0
0,0.6488825608398509,1
0,0.08261316768849547,0
0,0.2285975000384321,0
0,0.24864426951065088,0
0,0.9172707603525717,1
0,0.05015835826787969,0
0,0.03171689465081075,0
0,0.2133277702348514,0
0,0.0848218956989523,0
0,0.06160080945956561,0
0,0.1581577794167649,0
0,0.3793704842087981,0
0,0.3677157478764724,0
0,0.06025183124803493,0
0,0.5616939921792922,1
0,0.03810861606991969,0
0,0.009198610874957255,0
0,0.06915970827333007,0
0,0.12292329507511685,0
0,0.5491413882350761,1
0,0.008893187911181787,0
0,0.0861201224740335,0
0,0.03898935189217629,0
0,0.1338219384536186,0
0,0.8641366221582788,1
0,0.41101429899714564,0
0,0.07758445495581716,0
0,0.006129603080641519,0
0,0.05312427827751007,0
0,0.0221305847239505,0
0,0.749768694228691,1
0,0.25747907784391866,0
0,0.01889789910626071,0
0,0.035478346134421745,0
0,0.029090866098085016,0
0,0.013747173761387102,0
0,0.250470406726599,0
0,0.2782155960411414,0
0,0.03923711938918166,0
0,0.11461369715630543,0
0,0.26041600945095483,0
0,0.3262015924124864,0
0,0.03170689920329598,0
0,0.041531433810778055,0
0,0.18001575353162452,0
0,0.05876263355945709,0
0,0.1999249126987524,0
0,0.15603464674625123,0
0,0.15254647074870425,0
0,0.029734970038166286,0
0,0.03315005525512346,0
0,0.052968271853833196,0
0,0.019048980152992057,0
0,0.06953461033092208,0
0,0.0975555570554958,0
0,0.44756131691940615,0
0,0.057270242434034606,0
0,0.10984681185507716,0
0,0.04441252758293052,0
0,0.053454469012905396,0
0,0.11656575720732325,0
0,0.17667431527681007,0
0,0.04774780592420987,0
0,0.013286177434710474,0
0,0.04727805490166202,0
0,0.530887355289358,1
0,0.06967022804314589,0
0,0.1457602451151977,0
0,0.021114796087786575,0
0,0.12196407476816744,0
0,0.20787046065082698,0
0,0.7476413098835708,1
0,0.08680609169696571,0
0,0.17468851530369964,0
0,0.016592147175384826,0
0,0.007585017738341959,0
0,0.1496065845478069,0
0,0.21404094665048234,0
0,0.07594140552380392,0
0,0.34381459206659726,0
0,0.010066927875081084,0
0,0.14292590058802784,0
0,0.6590766205671389,1
0,0.04310574016750533,0
0,0.07946330834841153,0
0,0.1757143125960441,0
0,0.3024503677448598,0
0,0.0708535897512902,0
0,0.2333734998715415,0
0,0.1697866038783826,0
0,0.7379830606552991,1
0,0.041002757368016104,0
0,0.14504118709960853,0
0,0.14168851054293874,0
0,0.09081142766271867,0
0,0.19926335478695284,0
0,0.0020689187805678203,0
0,0.7312970075317701,1
0,0.12507747197676797,0
0,0.014111374718950097,0
0,0.04120552779936463,0
0,0.030210597537374605,0
0,0.16162507928831107,0
0,0.20016989700037485,0
0,0.1508573995099708,0
0,0.022832774956563207,0
0,0.07163691507756698,0
0,0.9271056957497973,1
0,0.05319511608098885,0
0,0.16340056819216356,0
0,0.15416316865532523,0
0,0.114182692401108,0
0,0.11691573662419132,0
0,0.8290809898059386,1
0,0.28173334417693735,0
0,0.25675427942122975,0
0,0.4014154017843288,0
0,0.04126977287480208,0
0,0.19392970513823465,0
0,0.12327978727740171,0
0,0.7562765740398969,1
0,0.431269226660734,0
0,0.592421237647389,1
0,0.08523652780898115,0
0,0.6782778213923563,1
0,0.044300521038852424,0
0,0.02170611894974389,0
0,0.07134218731431359,0
0,0.08465073529199912,0
0,0.09763376285142328,0
0,0.00123353628326297,0
0,0.010846398917965325,0
0,0.04680540104844872,0
0,0.03641573687422434,0
0,0.07200635744199815,0
0,0.026408616116777646,0
0,0.07549189711531683,0
0,0.1070397980595336,0
0,0.4387948184758922,0
0,0.44926060342184465,0
0,0.053919215632539874,0
0,0.08272255635684479,0
0,0.7360098276829304,1
0,0.5787978593906615,1
0,0.07235509790642229,0
0,0.8483178330728559,1
0,0.020195056676166466,0
0,0.2845153094462494,0
0,0.004958260500961929,0
0,0.18562747930099752,0
0,0.061554431998655214,0
0,0.11327708939584794,0
0,0.010034903541089405,0
0,0.32010332726706286,0
0,0.7839665886507936,1
0,0.2817947777798442,0
0,0.6656705855407975,1
0,0.0660308306571685,0
0,0.026419164833798785,0
0,0.03875794379822013,0
0,0.055020305662053286,0
0,0.2640805169908664,0
0,0.10322370386437812,0
0,0.10979178162302264,0
0,0.28442237224188016,0
0,0.19562987699738227,0
0,0.06786081491346416,0
0,0.508721060242003,1
0,0.3555809165828468,0
0,0.08958429762590693,0
0,0.18876315675818572,0
0,0.20426329869476517,0
0,0.07119794228526158,0
0,0.31490962672991535,0
0,0.07340479096939864,0
0,0.2927777602097484,0
0,0.27073750211471265,0
0,0.3744847254410386,0
0,0.3141429299543883,0
0,0.019324272198484625,0
0,0.7382219428626694,1
0,0.08149520646539264,0
0,0.5810931428697609,1
0,0.9355253281242203,1
0,0.9604562820206866,1
0,0.5437370030599425,1
0,0.14617201067965896,0
0,0.09568095871025621,0
0,0.007964131033686516,0
0,0.029275080931816057,0
0,0.029291947126100695,0
0,0.6038021427666511,1
0,0.051117295986619106,0
0,0.279774317616426,0
0,0.12500234203470204,0
0,0.1164096730224333,0
0,0.17534653979113704,0
0,0.010398141782340851,0
0,0.25929386093962176,0
0,0.547887684573808,1
0,0.4010672016345017,0
0,0.08589830832710349,0
0,0.11724642530637155,0
0,0.04244466289777329,0
0,0.11311922175535834,0
0,0.149427654688913,0
0,0.08788890360221135,0
0,0.46987457257266796,0
0,0.38096519804738244,0
0,0.2438137611595367,0
0,0.2916881170944118,0
0,0.1189480165228296,0
0,0.022170744820014167,0
0,0.43240861520774554,0
0,0.31746276047974414,0
0,0.31939905826178855,0
0,0.5877534423756446,1
0,0.058361048066177874,0
0,0.058459268533891634,0
0,0.03105378753852052,0
0,0.0004936187919877427,0
0,0.017353682016363663,0
0,0.1750545824293092,0
0,0.029296063468955472,0
0,0.42140209059685385,0
0,0.024866601530066156,0
0,0.2358618265881566,0
0,0.1632323554641088,0
0,0.12431063164785804,0
0,0.0617876571622606,0
0,0.4669827409103915,0
0,0.3073316054376668,0
0,0.5061609436272276,1
0,0.13278556626407925,0
0,0.07085035557060022,0
0,0.8634766106101094,1
0,0.7707227536761809,1
0,0.2159724291197992,0
0,0.08420440717764548,0
0,0.30030892403013626,0
0,0.04389953696652443,0
0,0.9202564871345363,1
0,0.07568555460884402,0
0,0.30097702582560437,0
0,0.1043937352507189,0
0,0.018697635553528043,0
0,0.04688534965053415,0
0,0.09538775807754105,0
0,0.9794428423824421,1
0,0.042988455047395374,0
0,0.027717136933075738,0
0,0.17809367892452047,0
0,0.1319995311145969,0
0,0.926262278336582,1
0,0.1576259544208863,0
0,0.039057598910931336,0
0,0.05613784332429926,0
0,0.8165792905314881,1
0,0.28465139909993054,0
0,0.007714544469865662,0
0,0.24534926497047985,0
0,0.6487324863048013,1
0,0.04294878411655607,0
0,0.5475074873710161,1
0,0.05262158142040882,0
0,0.05527921048362563,0
0,0.5947387238525556,1
0,0.8703514275445647,1
0,0.29035923993178625,0
0,0.23806553092924132,0
0,0.7192405308243399,1
0,0.229695407772186,0
0,0.9841956317547912,1
0,0.008382674701493656,0
0,0.04996479912283549,0
0,0.4626489053014005,0
0,0.2088512970343218,0
0,0.013818318975663248,0
0,0.0687881484317403,0
0,0.9639788715150761,1
0,0.21571683026044175,0
0,0.1538107260295352,0
0,0.32514088257871576,0
0,0.08175388324162694,0
0,0.02875356307134877,0
0,0.2713336534889154,0
0,0.233555744390947,0
0,0.12234893894250978,0
0,0.047312973096236416,0
0,0.9011992087213266,1
0,0.04060258791936149,0
0,0.09964485233669762,0
0,0.4079376904313665,0
0,0.039974710500987776,0
0,0.23589654330988935,0
0,0.8759981547136186,1
0,0.08269948523303776,0
0,0.11274412275678372,0
0,0.056405529350801176,0
0,0.09132964006707693,0
0,0.04208490896113152,0
0,0.13737478855253865,0
0,0.7772651427080752,1
0,0.469699987027029,0
0,0.39403271504978116,0
0,0.20823059361124102,0
0,0.211984837927107,0
0,0.9399088575148902,1
0,0.005316202142820262,0
0,0.06205651254903433,0
0,0.006237065642961728,0
0,0.27314889719712887,0
0,0.12451247473132418,0
0,0.2538440146486937,0
0,0.27637564239901463,0
0,0.0237932653525603,0
0,0.0017039140084417171,0
0,0.04199445220475297,0
0,0.0018603291229254393,0
0,0.008264405328649721,0
0,0.04790363934209054,0
0,0.23763703487909094,0
0,0.2892247601771399,0
0,0.024532245687897497,0
0,0.025552533575697048,0
0,0.10518265352945058,0
0,0.0839691582408065,0
0,0.05254563581482503,0
0,0.07955588512203443,0
0,0.18118089162830314,0
0,0.04597229002647466,0
0,0.16039447112045033,0
0,0.23075856099218037,0
0,0.23566859668550766,0
0,0.1504971395521909,0
0,0.5935181845406815,1
0,0.025847946894704793,0
0,0.16737409515751997,0
0,0.02095466148709674,0
0,0.037997740698888435,0
0,0.4190407973672715,0
0,0.0673617305308441,0
0,0.044248195431227294,0
0,0.20971297173435532,0
0,0.017199661437935356,0
0,0.3717826086766642,0
0,0.015929996377142368,0
0,0.05228152615854501,0
0,0.044061996094164675,0
0,0.00925200839812081,0
0,0.04945263152225479,0
0,0.042758846361223,0
0,0.08652963377530085,0
0,0.031399669598302184,0
0,0.1326926124415869,0
0,0.24486675810236277,0
0,0.006114528092304071,0
0,0.488823699704163,0
0,0.21254715230168705,0
0,0.15369913781364966,0
0,0.05331263785898492,0
0,0.03511400813733086,0
0,0.9025476674200397,1
0,0.01716636243132894,0
0,0.041139090423151406,0
0,0.026840511994046544,0
0,0.9632437566932566,1
0,0.39510959522433137,0
0,0.0318778915811938,0
0,0.836941170095309,1
0,0.011069732668912353,0
0,0.07442595690398154,0
0,0.10796315166937201,0
0,0.6638250930228174,1
0,0.04314590330923489,0
0,0.7615874017717513,1
0,0.0027928537647889324,0
0,0.9458068365125919,1
0,0.13114275293554875,0
0,0.2122918512109993,0
0,0.009887974130072181,0
0,0.012683895326480158,0
0,0.0474219492410392,0
0,0.02058129716747785,0
0,0.4808168919379735,0
0,0.3451476489767505,0
0,0.15068336567611398,0
0,0.0995117127187488,0
0,0.09817502843063618,0
0,0.10210820835889398,0
0,0.48516130387883843,0
0,0.27881455176151015,0
0,0.07427753882368375,0
0,0.006877821140692419,0
0,0.6814967878805234,1
0,0.2288922517650968,0
0,0.470190352299816,0
0,0.06641622433883859,0
0,0.1161657952317794,0
0,0.3899283717618183,0
0,0.03231811704694878,0
0,0.020728093612831518,0
0,0.12447503363551612,0
0,0.029638613387879188,0
0,0.03766078050378504,0
0,0.6250665564930945,1
0,0.02924843595292011,0
0,0.01254396847535835,0
0,0.11253973928966686,0
0,0.06070739453050928,0
0,0.7256466719775275,1
0,0.28192880418147365,0
0,0.31267382147794337,0
0,0.68469772952467,1
0,0.3113987195035632,0
0,0.03144019606057987,0
0,0.028621476697134655,0
0,0.38533589283468406,0
0,0.03413751479364371,0
0,0.04898996630104797,0
0,0.16187242689245745,0
0,0.01142653653595859,0
0,0.4830449571997647,0
0,0.1798512534792107,0
0,0.006603225489570185,0
0,0.8150997286099058,1
0,0.19020344217292073,0
0,0.08451836917317533,0
0,0.11532241033017264,0
0,0.08302671271268978,0
0,0.007078548463343582,0
0,0.799394671666613,1
0,0.02231335643211272,0
0,0.14199755166299596,0
0,0.39740099855996974,0
0,0.048736418034025106,0
0,0.2033665881601498,0
0,0.12883962417395853,0
0,0.02752808189595237,0
0,0.04360627391929495,0
0,0.9766331316110693,1
0,0.3810780674245165,0
0,0.2317089822629493,0
0,0.11219719264490677,0
0,0.6390913975171816,1
0,0.1382596746198844,0
0,0.4764568026963937,0
0,0.4409964325009352,0
0,0.055352312651259665,0
0,0.04395018610009528,0
0,0.014549923628979508,0
0,0.1713536369204562,0
0,0.34521074583428446,0
0,0.17922967922952482,0
0,0.07503148630476453,0
0,0.3954702119861948,0
0,0.007686523281295848,0
0,0.31540559034842824,0
0,0.07340543004577199,0
0,0.24255249470525078,0
0,0.0610349862901395,0
0,0.22843323644847086,0
0,0.15486870692442178,0
0,0.12471588331864512,0
0,0.03329797028583926,0
0,0.22621715560632752,0
0,0.1996223060426662,0
0,0.8100798043133928,1
0,0.23010089628811228,0
0,0.03152736036084886,0
0,0.091884026393129,0
0,0.004655497207088808,0
0,0.38777446172858077,0
0,0.1517180351985177,0
0,0.04567949021040644,0
0,0.48848940578153877,0
0,0.9081260657753663,1
0,0.31067067942603066,0
0,0.3943785048452497,0
0,0.06479540800068576,0
0,0.28257783186811153,0
0,0.09028165926289308,0
0,0.033863174542489445,0
0,0.03628881562045235,0
0,0.19233429072807756,0
0,0.20618199543290705,0
0,0.2723733983354061,0
0,0.18608281366085716,0
0,0.35472648567151965,0
0,0.08943380258381371,0
0,0.04078730417403461,0
0,0.17078205025462642,0
0,0.012765734705955255,0
0,0.04144055856482259,0
0,0.06503487796567017,0
0,0.328410176663637,0
0,0.23330478588890488,0
0,0.2356010475745007,0
0,0.03298071051354075,0
0,0.1620042813473596,0
0,0.024487286535676923,0
0,0.8586201877705005,1
0,0.09588835933720342,0
0,0.3394766245615164,0
0,0.1497879962868639,0
0,0.9894467877379853,1
0,0.06188527763438617,0
0,0.2961999692429651,0
0,0.1805708909671266,0
0,0.01480597362284704,0
0,0.03141352009543453,0
0,0.03307239464035412,0
0,0.4537443802102504,0
0,0.08353809494560471,0
0,0.011822021823627168,0
0,0.5492332271337623,1
0,0.027180807254670775,0
0,0.559701243587859,1
0,0.06688881646155237,0
0,0.4945537855200263,1
0,0.6349121733478457,1
0,0.36242650992132786,0
0,0.010330928070578135,0
0,0.28628164391894495,0
0,0.025932487626738315,0
0,0.09988033639939213,0
0,0.3075875422785765,0
0,0.05797289091421933,0
0,0.03727796963372504,0
0,0.20868687612401216,0
0,0.16065710518714604,0
0,0.3214001517688622,0
0,0.13040555174540872,0
0,0.013386970882774048,0
0,0.040669901188202746,0
0,0.08191237649972773,0
0,0.2810834722342802,0
0,0.27423886834083727,0
0,0.8801196012179288,1
0,0.18320745922052536,0
0,0.9238799235363034,1
0,0.03184601107776522,0
0,0.36475662247167806,0
0,0.01050844134892485,0
0,0.522841156485903,1
0,0.19977826578743343,0
0,0.05834768446634834,0
0,0.22804895304309655,0
0,0.5999151225627777,1
0,0.02259833907923728,0
0,0.37515130770707095,0
0,0.023722786544961183,0
0,0.8338420624469695,1
0,0.21323754885916935,0
0,0.03858994951484367,0
0,0.4014112196038079,0
0,0.1249265243493083,0
0,0.1716786616699083,0
0,0.40755852556186944,0
0,0.06369988998271182,0
0,0.46629631376850944,0
0,0.028429905408052045,0
0,0.18627185005503408,0
0,0.005957523244821936,0
0,0.12130014962268783,0
0,0.1758418629930134,0
0,0.5857922581168864,1
0,0.11239893066764527,0
0,0.07944088452074768,0
0,0.308582657662316,0
0,0.011292849233121356,0
0,0.022835173805702602,0
0,0.08237029548478153,0
0,0.24220422192619318,0
0,0.4392486823010896,0
0,0.009711708477063787,0
0,0.6390862314770127,1
0,0.009861676927492461,0
0,0.0077809253614185,0
0,0.3094204935539505,0
0,0.5287926899458067,1
0,0.012522513332011181,0
0,0.03881880382171243,0
0,0.04959941327096084,0
0,0.9606291647788522,1
0,0.039354475343982724,0
0,0.04112820629610149,0
0,0.3441846905297309,0
0,0.20665935180879638,0
0,0.0734837436332688,0
0,0.09659439069765487,0
0,0.9830143145044059,1
0,0.2512792334907945,0
0,0.4446555638442651,0
0,0.18966170890255704,0
0,0.015216317672261122,0
0,0.042480828755369106,0
0,0.07321975534584058,0
0,0.04118234410305628,0
0,0.10429089455215075,0
0,0.6038276376764538,1
0,0.15783973745668725,0
0,0.011656104097349435,0
0,0.02699553387890342,0
0,0.5565701650999323,1
0,0.006592727748156088,0
0,0.0880769505408373,0
0,0.1194346835040341,0
0,0.05735071376773395,0
0,0.24400031708119319,0
0,0.028955359334218247,0
0,0.6293832482921815,1
0,0.017345560312561688,0
0,0.10790645607358523,0
0,0.06672650540599637,0
0,0.202302471720087,0
0,0.02785478847808155,0
0,0.0723035120093342,0
0,0.2545145903848701,0
0,0.12954097589876895,0
0,0.33016347113821515,0
0,0.08285909330001077,0
0,0.49086613016284275,0
0,0.6529583473748743,1
0,0.0036648281658323094,0
0,0.32258010729915576,0
0,0.7819858833132146,1
0,0.3288722840139752,0
0,0.11378425976789044,0
0,0.014932683891109716,0
0,0.2817653318300471,0
0,0.03291505275872039,0
0,0.0012653310061104444,0
0,0.05181744666537136,0
0,0.6912256958704196,1
0,0.04406786114682779,0
0,0.03242995697907895,0
0,0.03526752870154269,0
0,0.15050314718258212,0
0,0.031188922854458623,0
0,0.051964225188642806,0
0,0.8178229011288848,1
0,0.5009655643407952,1
0,0.32494107618736146,0
0,0.19539218057438065,0
0,0.13831301986935898,0
0,0.3267217634157515,0
0,0.15615206527275877,0
0,0.08829453695560496,0
0,0.30646299652095566,0
0,0.24739579903318368,0
0,0.0690578995838416,0
0,0.1357631511575616,0
0,0.018843379539035757,0
0,0.2111408335666891,0
0,0.016127300692126798,0
0,0.6212423485989215,1
0,0.11102198186781283,0
0,0.008509089536865222,0
0,0.26967522058693744,0
0,0.03679867819693397,0
0,0.11169321822584541,0
0,0.02173583806099415,0
0,0.04494841365562295,0
0,0.07924539617865774,0
0,0.1606179456423431,0
0,0.10722891973459502,0
0,0.27599571186628263,0
0,0.07365430676152807,0
0,0.48244195684828123,0
0,0.3949684756271266,0
0,0.49299263277187266,1
0,0.5279640871334119,1
0,0.023400093852200824,0
0,0.14809463042765084,0
0,0.019436878913509217,0
0,0.14065804490605222,0
0,0.4343062085988049,0
0,0.024878661154424442,0
0,0.15557591464736292,0
0,0.05599880501717145,0
0,0.025322430020178623,0
0,0.021356337307526764,0
0,0.05265298428264239,0
0,0.06055974063179606,0
0,0.33497919934490017,0
0,0.1697731953819974,0
0,0.10292647740792749,0
0,0.5194667160186205,1
0,0.14526618780318687,0
0,0.2693641003700046,0
0,0.015841209225349134,0
0,0.9612029776019339,1
0,0.03991420242587471,0
0,0.0789571216384445,0
0,0.1422344202665578,0
0,0.6915833562647328,1
0,0.1188272111327983,0
0,0.24617977174601985,0
0,0.03180649356357402,0
0,0.1458719503601167,0
0,0.38569738150076177,0
0,0.1522469037940773,0
0,0.08142344439267094,0
0,0.3416734376158822,0
0,0.6641498957420886,1
0,0.17660812128477604,0
0,0.618631357071569,1
0,0.013447622333288372,0
0,0.2610579107470966,0
0,0.056851697836610746,0
0,0.4747588316728603,0
0,0.02521886394639139,0
0,0.008875553483999361,0
0,0.23033745430379496,0
0,0.1551370159094212,0
0,0.02076899258980526,0
0,0.06878143702983791,0
0,0.46558066195109965,0
0,0.1617609202272347,0
0,0.0040045776376523515,0
0,0.398083892824408,0
0,0.06773907293823826,0
0,0.03653410539912283,0
0,0.44073537686668923,0
0,0.14925190468328722,0
0,0.23653809066572143,0
0,0.2367578101116094,0
0,0.5781997945323284,1
0,0.0011856823938946814,0
0,0.1604668894671452,0
0,0.3084706542287684,0
0,0.022320782871694058,0
0,0.2102955006148473,0
0,0.20885617417514393,0
0,0.06101421551145093,0
0,0.026379519439539586,0
0,0.10417515982602668,0
0,0.008033178812956836,0
0,0.10186760968318473,0
0,0.07903697991988218,0
0,0.9157250107106125,1
0,0.6593983857738478,1
0,0.1456108239121956,0
0,0.015847034547102023,0
0,0.06978158378611785,0
0,0.06327559347751749,0
0,0.8404021066125782,1
0,0.10566609221473726,0
0,0.12611109746657578,0
0,0.9607537252079068,1
0,0.14055689977786834,0
0,0.12178511368293723,0
0,0.11040141840242626,0
0,0.19995496890158126,0
0,0.8739043805209146,1
0,0.5340261073721522,1
0,0.22128660452154483,0
0,0.07890088090790075,0
0,0.1601626172646424,0
0,0.04044334903842462,0
0,0.11396341387188459,0
0,0.18740261124594432,0
0,0.05866063573591026,0
0,0.09315330081674889,0
0,0.2257120664040965,0
0,0.17353497008214488,0
0,0.29307140086005995,0
0,0.15482185518603048,0
0,0.36299432988127484,0
0,0.10824941400693495,0
0,0.006348301615397498,0
0,0.1843644335153846,0
0,0.1715379458960681,0
0,0.11197044239547263,0
0,0.03961732886688548,0
0,0.6263874875734373,1
0,0.2986143235696512,0
0,0.45409330412610155,0
0,0.12656577299172614,0
0,0.8023855451046973,1
0,0.118577245664278,0
0,0.039214637854592976,0
0,0.4370754819393336,0
0,0.663090534159051,1
0,0.09242043064597047,0
0,0.018209814929815805,0
0,0.20770262185868255,0
0,0.10114509814926924,0
0,0.25512830658982166,0
0,0.05262445672255701,0
0,0.22640292519549787,0
0,0.04055478973637086,0
0,0.3262084167260582,0
0,0.07710847670557393,0
0,0.08958094671818247,0
0,0.07875125093523999,0
0,0.9765570598842742,1
0,0.637851719169347,1
0,0.07453795043331135,0
0,0.9194773442375724,1
0,0.08421950897215737,0
0,0.32276608114263716,0
0,0.2633517664965314,0
0,0.4785559493183874,0
0,0.09088155157539077,0
0,0.04260828891547036,0
0,0.1821746808158106,0
0,0.17500097271868287,0
0,0.0396679023746084,0
0,0.10110403938313117,0
0,0.10603947522795339,0
0,0.16301635128891703,0
0,0.249588295227611,0
0,0.037678155080481994,0
0,0.08607966688085876,0
0,0.10274894740973135,0
0,0.045995494128011176,0
0,0.28900762790101175,0
0,0.08798477417492863,0
0,0.04833727580689668,0
0,0.02846414367626244,0
0,0.190578729116213,0
0,0.060213378065031686,0
0,0.016672436522600094,0
0,0.12878978806774305,0
0,0.046490992956863056,0
0,0.43743801597973886,0
0,0.15728513562988197,0
0,0.09919246451466153,0
0,0.3001085178588109,0
0,0.03186804402210133,0
0,0.058979552344046365,0
0,0.18038628058724757,0
0,0.20119842891436324,0
0,0.29390087694435296,0
0,0.9684483334323777,1
0,0.18756126324005434,0
0,0.11793431857564869,0
0,0.05395835554271061,0
0,0.33131891688940945,0
0,0.06118527329901306,0
0,0.19141259547601136,0
0,0.19234746307245923,0
0,0.05249228820498145,0
0,0.4480616645809698,0
0,0.1846800167179551,0
0,0.03290230402843559,0
0,0.0071420883959193255,0
0,0.21158367186982008,0
0,0.0013802702903419402,0
0,0.21116113520113028,0
0,0.06368877258828483,0
0,0.24458626382389237,0
0,0.037626902940502735,0
0,0.7541463487525443,1
0,0.252320652048803,0
0,0.09092061560689292,0
0,0.1642255241869431,0
0,0.8461066809369868,1
0,0.2972146954522182,0
0,0.15552041270987402,0
0,0.09178331584568082,0
0,0.14209723749332714,0
0,0.3887645683211174,0
0,0.0963847579710404,0
0,0.16883621585453398,0
0,0.010046113525451594,0
0,0.21555578518957405,0
0,0.02949502159562652,0
0,0.12356030555478854,0
0,0.13410044527251846,0
0,0.2838462394922039,0
0,0.013176831720719368,0
0,0.3129938441312287,0
0,0.6334844366916615,1
0,0.1429731413172223,0
0,0.007557805797584557,0
0,0.15186147781870707,0
0,0.002774541151391838,0
0,0.9194730089968226,1
0,0.6918863365837441,1
0,0.01623501380893738,0
0,0.008818375718319468,0
0,0.0213560797480061,0
0,0.052626422933332764,0
0,0.06216889813919785,0
0,0.3260147371142892,0
0,0.033305073758748256,0
0,0.06237663791771524,0
0,0.11600147243821096,0
0,0.2747725891419064,0
0,0.9453100013783718,1
0,0.09911743250953306,0
0,0.07418294792082385,0
0,0.5144569401722255,1
0,0.04615244510142939,0
0,0.005164392149172167,0
0,0.08491321037553551,0
0,0.060031432396636344,0
0,0.024872274483958803,0
0,0.6461116194365784,1
0,0.2116473104231023,0
0,0.433616318242956,0
0,0.49238042463865017,1
0,0.11534126315663074,0
0,0.2700682744744148,0
0,0.16568174875218072,0
0,0.016371033493085267,0
0,0.7552494691497966,1
0,0.27985444222188566,0
0,0.11460890017954425,0
0,0.013759769900911765,0
0,0.01888388844330765,0
0,0.7925392578478258,1
0,0.650806130495729,1
0,0.4191641758908781,0
0,0.06161053751788236,0
0,0.038108453996658985,0
0,0.051909765950070214,0
0,0.021116529773951568,0
0,0.03953442479872734,0
0,0.5422571450914822,1
0,0.35870505686905024,0
0,0.07589656331422713,0
0,0.18660494269220387,0
0,0.203272349914778,0
0,0.009934507504481434,0
0,0.018900669468721727,0
0,0.6045400851971514,1
0,0.12093857783959797,0
0,0.043041181736542235,0
0,0.4987189346289679,1
0,0.046476414426647045,0
0,0.006186965024803102,0
0,0.10682620268020826,0
0,0.00608439586092655,0
0,0.9828303210167871,1
0,0.09679969333160819,0
0,0.29671023041097605,0
0,0.3491862289728307,0
0,0.21235528590430525,0
0,0.4123622826828411,0
0,0.03736630263460614,0
0,0.0466720565094443,0
0,0.10863260985371322,0
0,0.030035702835760042,0
0,0.8084958113358873,1
0,0.04873251117064979,0
0,0.343098959494475,0
0,0.024320264471435947,0
0,0.269140264944732,0
0,0.5340210516151672,1
0,0.03178211200546209,0
0,0.2997124251969766,0
0,0.17730790860289986,0
0,0.1945833373503162,0
0,0.04608988826397761,0
0,0.00939979343992206,0
0,0.7346024882550743,1
0,0.25133956552294834,0
0,0.35866984658260226,0
0,0.1432916559820658,0
0,0.21774585827796591,0
0,0.31589444063901434,0
0,0.4429795624943179,0
0,0.021597403361113966,0
0,0.06835185541162966,0
0,0.030272087220686826,0
0,0.024557466513768316,0
0,0.5684201978627924,1
0,0.15484453198376227,0
0,0.2232797154679944,0
0,0.00850041769674692,0
0,0.3034721348142316,0
0,0.009764146308962787,0
0,0.017709815398495796,0
0,0.3900369719312665,0
0,0.15115392228686972,0
0,0.03171311926358698,0
0,0.11904125862686145,0
0,0.013767971233400692,0
0,0.040730424573894315,0
0,0.04040648209060925,0
0,0.29772697207001647,0
0,0.030821265031511495,0
0,0.023114299739888423,0
0,0.15961327462303787,0
0,0.1424574863043768,0
0,0.28398036750946865,0
0,0.12496369704654958,0
0,0.14978823781673786,0
0,0.13313337670631792,0
0,0.013651692112455916,0
0,0.0806104379895207,0
0,0.11122555279228215,0
0,0.05056105191208926,0
0,0.023290633420584666,0
0,0.13810886617163867,0
0,0.020204697797777657,0
0,0.06764523676345616,0
0,0.015996638418802632,0
0,0.5269750518828847,1
0,0.09288137102185191,0
0,0.25933176516606804,0
0,0.8225668783349476,1
0,0.012713667600660162,0
0,0.07017128750265146,0
0,0.09657543856011923,0
0,0.037213502113544954,0
0,0.03820557995192847,0
0,0.29406949175676156,0
0,0.23685413880475323,0
0,0.011861887660233512,0
0,0.045666145633665486,0
0,0.06392185785316834,0
0,0.010866516778860703,0
0,0.4556673514175986,0
0,0.2511021961796315,0
0,0.009287775654747542,0
0,0.05459468270483801,0
0,0.12772085560787383,0
0,0.7714862809666168,1
0,0.10637334779512407,0
0,0.13784463588182927,0
0,0.01637048226929188,0
0,0.2109913450341758,0
0,0.005247111597174796,0
0,0.033597572549944145,0
0,0.1817401671580878,0
0,0.7682561882014064,1
0,0.09812147093962792,0
0,0.2591213064883924,0
0,0.02409092951026154,0
0,0.2571027014712138,0
0,0.08370160108172907,0
0,0.01621259183590861,0
0,0.21710688415977025,0
0,0.01814487820354661,0
0,0.04392930480276952,0
0,0.07613160431849575,0
0,0.015627527534876895,0
0,0.09596082664059727,0
0,0.034898002160710234,0
0,0.28349744147739936,0
0,0.1544050273715326,0
0,0.034775758504468346,0
0,0.1611051555151175,0
0,0.7623097569081115,1
0,0.057364795790159746,0
0,0.08948642012793252,0
0,0.4218350425100727,0
0,0.01268628761127562,0
0,0.11498877484531522,0
0,0.017610446559666728,0
0,0.02819631897413639,0
0,0.032625629497385907,0
0,0.24642686028592628,0
0,0.2650512524345359,0
0,0.002534148510600509,0
0,0.03113278206794137,0
0,0.03217025480008218,0
0,0.1971388834472565,0
0,0.14305935486927135,0
0,0.09611281071528306,0
0,0.012211501273011346,0
0,0.3640210980651077,0
0,0.20475972921348456,0
0,0.004407381823194805,0
0,0.0701414072114108,0
0,0.025275120281465106,0
0,0.12697352203665488,0
0,0.12764034270809302,0
0,0.021937999824429615,0
0,0.0393877891339176,0
0,0.7243053671411432,1
0,0.3792844766215991,0
0,0.07243702055541476,0
0,0.006009582507232075,0
0,0.5099463714546765,1
0,0.046635336826600884,0
0,0.3331180191958696,0
0,0.3657431735528609,0
0,0.12312708976261495,0
0,0.06068481656479503,0
0,0.0025802976959420957,0
0,0.04193499784892905,0
0,0.22336417204991552,0
0,0.12091193891278709,0
0,0.038373697716577386,0
0,0.08813601621270471,0
0,0.33638963556968526,0
0,0.05675976495231552,0
0,0.019735979165474534,0
0,0.11342023714684578,0
0,0.27420348693608143,0
0,0.008842020850838957,0
0,0.08030759309409488,0
0,0.29817415692353066,0
0,0.6632686351731963,1
0,0.4200638834430986,0
0,0.3458724731760874,0
0,0.038786632082516086,0
0,0.11312813045681515,0
0,0.16966781119215843,0
0,0.016902702430417502,0
0,0.1403736666563902,0
0,0.5515483899920883,1
0,0.19611137578678445,0
0,0.13014947874561683,0
0,0.00040900523634549314,0
0,0.7906530550447421,1
0,0.054477911441923994,0
0,0.2001725455079566,0
0,0.163500552322083,0
0,0.35081079097131473,0
0,0.10222539220385478,0
0,0.0883364296183894,0
0,0.3042899680204182,0
0,0.09158474976968005,0
0,0.8388262710395787,1
0,0.035970680348178984,0
0,0.19196420211185383,0
0,0.14361782007018442,0
0,0.9514814811191,1
0,0.2673744688227712,0
0,0.07049768974089796,0
0,0.2895245657661493,0
0,0.15674427762983262,0
0,0.029181251583006745,0
0,0.09218859135913875,0
0,0.01706642729034771,0
0,0.058463828195526826,0
0,0.04049852763170274,0
0,0.7989836033599164,1
0,0.7251142177541477,1
0,0.035282536320919426,0
0,0.12108875592542764,0
0,0.031973231892368885,0
0,0.1064898518412396,0
0,0.13981960879747782,0
0,0.5940212913147247,1
0,0.0652599362378067,0
0,0.16123306707292323,0
0,0.06959954165204323,0
0,0.02704437206340522,0
0,0.05369909203358481,0
0,0.1176811949345402,0
0,0.35442165062408376,0
0,0.8914071984340326,1
0,0.20062678823074323,0
0,0.1567081104129303,0
0,0.1792645856704566,0
0,0.11048532246547699,0
0,0.8642680482888094,1
0,0.08403333813377517,0
0,0.14950420229128739,0
0,0.8073898683003676,1
0,0.13890047318795706,0
0,0.4519823746865103,0
0,0.012204338571333124,0
0,0.10073563995324494,0
0,0.07337188423102645,0
0,0.21604880874480958,0
0,0.5123769482695135,1
0,0.09498411679617973,0
0,0.13929717684599485,0
0,0.3369150033841428,0
0,0.21283741682053287,0
0,0.8597800781850529,1
0,0.06515757147935175,0
0,0.4943320413878573,1
0,0.7938018046996492,1
0,0.07801068468109085,0
0,0.16265189874315486,0
0,0.04507856141303709,0
0,0.5127170357810066,1
0,0.01502276238852864,0
0,0.03585386901279239,0
0,0.11846743631942408,0
0,0.19818308343303495,0
0,0.0653020105387487,0
0,0.060307143546344165,0
0,0.10687621262790042,0
0,0.28937555394356745,0
0,0.4105164730197395,0
0,0.03577739736377737,0
0,0.4391995625185584,0
0,0.0725321028427658,0
0,0.05554103952466987,0
0,0.07033253854392511,0
0,0.18907032154469025,0
0,0.009132158641396796,0
0,0.006342532277687821,0
0,0.22682584766965405,0
0,0.01824901042241837,0
0,0.03338280559335801,0
0,0.05331433492843987,0
0,0.21824903779509058,0
0,0.3974955403779949,0
0,0.010049487234922144,0
0,0.09126294704829835,0
0,0.4058211123276177,0
0,0.013244302161048138,0
0,0.36371938082875965,0
0,0.08154444653761408,0
0,0.541276434352702,1
0,0.015272635327165964,0
0,0.039789869715918295,0
0,0.2123869806603028,0
0,0.08233160967427866,0
0,0.10250578958399868,0
0,0.5681045393842292,1
0,0.0032783670100238168,0
0,0.15432182070413775,0
0,0.17854261050712006,0
0,0.061115450422014404,0
0,0.042328878474114824,0
0,0.3988132589698121,0
0,0.05918452612258515,0
0,0.030027976822073928,0
0,0.1328161286466426,0
0,0.15282516076556532,0
0,0.4449669641923648,0
0,0.03708397319472068,0
0,0.20733534884806532,0
0,0.20284463438158887,0
0,0.08859424053311797,0
0,0.27110718463718736,0
0,0.09066574834753915,0
0,0.6325355745929214,1
0,0.4599323396624602,0
0,0.041583076564779026,0
0,0.0007362504621410483,0
0,0.1976950855559381,0
0,0.37375556696173,0
0,0.8276221306306201,1
0,0.008109805295366054,0
0,0.03679523199046067,0
0,0.05002835202544274,0
0,0.08533552474189662,0
0,0.03133414498323084,0
0,0.03846343028340503,0
0,0.008046497469413518,0
0,0.057251218745092085,0
0,0.13810504299128173,0
0,0.225295801708782,0
0,0.33395952733772033,0
0,0.045899240504469196,0
0,0.8271143663284571,1
0,0.7332995069460221,1
0,0.06373395463113073,0
0,0.7056525936916879,1
0,0.014248129032291655,0
0,0.046484254183529604,0
0,0.05785170893519791,0
0,0.046290533487322635,0
0,0.1590587685153236,0
0,0.0015142146990367623,0
0,0.11086860985125663,0
0,0.7945383828895558,1
0,0.057996839319958964,0
0,0.5486603715021037,1
0,0.006304738488998848,0
0,0.16837512254220807,0
0,0.0661664603982217,0
0,0.2863729174949922,0
0,0.011048660897728014,0
0,0.24358108629809455,0
0,0.060894561080764124,0
0,0.5174992429531111,1
0,0.05113403474557528,0
0,0.014562695754958326,0
0,0.25350377714147254,0
0,0.3466032906954001,0
0,0.11015642806920177,0
0,0.2935820856912419,0
0,0.08143696458384862,0
0,0.22606354372015006,0
0,0.7555915545636852,1
0,0.1211289033599352,0
0,0.5845848172370612,1
0,0.17992627446776577,0
0,0.029575032671728164,0
0,0.21544700219653856,0
0,0.00807742534816902,0
0,0.16167198417326584,0
0,0.03421937666880575,0
0,0.12919707270564712,0
0,0.09901039944842499,0
0,0.022773080865217406,0
0,0.19818671987699535,0
0,0.2236050640498771,0
0,0.13715449558822668,0
0,0.29923739924092185,0
0,0.26822948240256794,0
0,0.1510513813846733,0
0,0.7143634066138252,1
0,0.0049887294333575164,0
0,0.0052823555041994034,0
0,0.2694061961484928,0
0,0.32741929997730246,0
0,0.030748610302062822,0
0,0.6327552154787411,1
0,0.7111100917017211,1
0,0.054123022407323924,0
0,0.08961249631037385,0
0,0.06387418740324384,0
0,0.652140000809202,1
0,0.3117952671481904,0
0,0.03797977915270556,0
0,0.017349022168803324,0
0,0.10130717836290637,0
0,0.3404850934726866,0
0,0.4027346850669761,0
0,0.29641312308742196,0
0,0.017384425280858092,0
0,0.25185346283553844,0
0,0.13804016515926426,0
0,0.09965789184874584,0
0,0.06811965632481966,0
0,0.583368795100339,1
0,0.23172700987106987,0
0,0.09287157302737958,0
0,0.24480086460257594,0
0,0.2656256835997419,0
0,0.946856519476315,1
0,0.5616176414152951,1
0,0.019049411765389535,0
0,0.09143381968377849,0
0,0.16928434376512072,0
0,0.02862671134844659,0
0,0.012229827446005936,0
0,0.31663569150501003,0
0,0.9749823036855658,1
0,0.04636876899930023,0
0,0.5255776888314935,1
0,0.43479250180882767,0
0,0.11840030110918147,0
0,0.13029480143122882,0
0,0.01397595878561744,0
0,0.8964572258623935,1
0,0.010059229083494449,0
0,0.29081527659188894,0
0,0.08939399899783043,0
0,0.03204250132895922,0
0,0.4895953677941908,0
0,0.005834147362109087,0
0,0.005971960509264821,0
0,0.10583575402136375,0
0,0.28843585743731925,0
0,0.022397960646816015,0
0,0.014858870999756735,0
0,0.10118931922040565,0
0,0.9551097361575691,1
0,0.4819660462703052,0
0,0.04556330037925054,0
0,0.008263437789508783,0
0,0.8934163013997388,1
0,0.08062037617526419,0
0,0.21380786855025663,0
0,0.10849653220548008,0
0,0.242604897044525,0
0,0.11082339864883689,0
0,0.22658272025204665,0
0,0.32914754604430035,0
0,0.012855725380669765,0
0,0.026944291790956226,0
0,0.32471058961071203,0
0,0.8201313483020686,1
0,0.008976368299673947,0
0,0.15093568292933962,0
0,0.07466159668755058,0
0,0.020683211678603187,0
0,0.018808850425245414,0
0,0.47733557472063715,0
0,0.5245043585162448,1
0,0.1314919403304078,0
0,0.1630100285474872,0
0,0.005039721792737107,0
0,0.5879564791173154,1
0,0.03531502430587672,0
0,0.08324202151696217,0
0,0.06330442719489031,0
0,0.16493039111705732,0
0,0.0697613244635168,0
0,0.0999970806432505,0
0,0.9152927913617407,1
0,0.6664235864861547,1
0,0.13880357112163047,0
0,0.09281574577760142,0
0,0.9224042605244376,1
0,0.2064539702774112,0
0,0.12772607388006021,0
0,0.07998665636132501,0
0,0.13453432650559694,0
0,0.04838585964311795,0
0,0.12505812409624315,0
0,0.13003503318355067,0
0,0.3343267127325821,0
0,0.9096053217430611,1
0,0.15581917929754058,0
0,0.08764054076901545,0
0,0.3282521824316713,0
0,0.06874416168668038,0
0,0.08073329334010941,0
0,0.09376036882331554,0
0,0.036807996109901084,0
0,0.19077137808448713,0
0,0.029246604189662864,0
0,0.0791466099907887,0
0,0.2387848918356173,0
0,0.03784929665270866,0
0,0.32237301407361335,0
0,0.4425094846915174,0
0,0.6006066353749028,1
0,0.09606888661671485,0
0,0.5070948768573486,1
0,0.06705503496206211,0
0,0.3831587584525358,0
0,0.10699161418439622,0
0,0.10888916333481409,0
0,0.05495567187733509,0
0,0.21841825591387645,0
0,0.023168957757018854,0
0,0.04524500103779785,0
0,0.28261235502812115,0
0,0.017475296349287482,0
0,0.036501406713461054,0
0,0.20715528313086048,0
0,0.7635030522317148,1
0,0.15999229091176312,0
0,0.6985543818866657,1
0,0.05764436332694257,0
0,0.12281516472631568,0
0,0.2749048515301877,0
0,0.41647582154662705,0
0,0.03951326992227017,0
0,0.026577743317079325,0
0,0.7975159948436168,1
0,0.42639485773179714,0
0,0.12817652272392993,0
0,0.895635022443768,1
0,0.3545756948523503,0
0,0.1008266184376053,0
0,0.039588653026210466,0
0,0.07794628003986925,0
0,0.07312591943022258,0
0,0.372544020502497,0
0,0.2539967008682967,0
0,0.27215950290898666,0
0,0.08013654298881108,0
0,0.02342870083352822,0
0,0.08595136158199954,0
0,0.9980114077089304,1
0,0.12211489487511523,0
0,0.28195402175176276,0
0,0.1869484356608336,0
0,0.04915484463250372,0
0,0.04709009989145417,0
0,0.2615555052393895,0
0,0.11256332487351772,0
0,0.5195412587773207,1
0,0.7139811870441187,1
0,0.0847705296253539,0
0,0.7794063263165446,1
0,0.1621348010413322,0
0,0.07709467490119182,0
0,0.4345949067080001,0
0,0.025730886815386232,0
0,0.018226122359968115,0
0,0.2816690747058057,0
0,0.020195220512982486,0
0,0.7508279437471918,1
0,0.0460463752834686,0
0,0.27248240197279644,0
0,0.08760087653909321,0
0,0.558041413554189,1
0,0.012950839322565398,0
0,0.8671892466841912,1
0,0.21492873363247303,0
0,0.35214269781687746,0
0,0.003250426340176059,0
0,0.9620608175071154,1
0,0.05844782743755037,0
0,0.24648803017559576,0
0,0.23328000853378367,0
0,0.08508915494144333,0
0,0.9080610838394656,1
0,0.05111474274412869,0
0,0.24826112890610466,0
0,0.040111776931455456,0
0,0.0027829717558725884,0
0,0.21464560372461955,0
0,0.23332274635041814,0
0,0.009171389411747206,0
0,0.10210049264320728,0
0,0.0290083008908321,0
0,0.03722623947382446,0
0,0.005518160251651874,0
0,0.034854142750113885,0
0,0.8191543019985896,1
0,0.4083632382675099,0
0,0.3798811044899287,0
0,0.11108016142443909,0
0,0.06784270667633405,0
0,0.1548327883660122,0
0,0.059821705707395076,0
0,0.02749386645546155,0
0,0.017770109345464406,0
0,0.2073403078907212,0
0,0.18192388008602256,0
0,0.222880138558794,0
0,0.3374596761264328,0
0,0.05630949726707954,0
0,0.024256351541710484,0
0,0.42603255404907897,0
0,0.5979126022053683,1
0,0.0055591812412729095,0
0,0.05782830951461757,0
0,0.019862595345064932,0
0,0.02179927288479022,0
0,0.050811893606957086,0
0,0.4954939193510023,1
0,0.09882894375074407,0
0,0.6064459672516007,1
0,0.1223013775120339,0
0,0.07268330519765388,0
0,0.2043669430062756,0
0,0.1692836847507116,0
0,0.033955570892928645,0
0,0.03151299741495416,0
0,0.22597810120553796,0
0,0.05454595646073784,0
0,0.0206410497973968,0
0,0.2005946966717722,0
0,0.1770178511044386,0
0,0.11451667205284549,0
0,0.3929501087900895,0
0,0.038023000462276905,0
0,0.3176353596767789,0
0,0.2922716961251781,0
0,0.024978291496763342,0
0,0.19979769355399926,0
0,0.021240441146870976,0
0,0.04173593412350043,0
0,0.3183711551398463,0
0,0.11381029138723138,0
0,0.007082791301809277,0
0,0.06093273174147155,0
0,0.013368657683073968,0
0,0.025922245654935668,0
0,0.28853546139075914,0
0,0.43498167520273434,0
0,0.16827390903415643,0
0,0.07048234103751927,0
0,0.010882083197324208,0
0,0.05422934104573372,0
0,0.10419709118877168,0
0,0.4957342755937486,1
0,0.18367034432878485,0
0,0.11246156076892516,0
0,0.01667816979301058,0
0,0.23278047772770669,0
0,0.027797868292961544,0
0,0.3062899774071281,0
0,0.5318104571918687,1
0,0.3708606464065483,0
0,0.23004722671583075,0
0,0.4073911555801609,0
0,0.357197835602952,0
0,0.9100941845720802,1
0,0.011360520993871782,0
0,0.3664492341724876,0
0,0.08849588400895865,0
0,0.01351827153249209,0
0,0.012056863992928874,0
0,0.039033368640463396,0
0,0.0019444557396204548,0
0,0.41393771177076133,0
0,0.1584089744492367,0
0,0.01243681144956377,0
0,0.07364663816964227,0
0,0.7759563327350388,1
0,0.014687073578805922,0
0,0.26248726380491894,0
0,0.03205380332957853,0
0,0.04891036506582651,0
0,0.13990369821832535,0
0,0.01443812390514546,0
0,0.10562527749290274,0
0,0.0594602144437812,0
0,0.09938481593249644,0
0,0.35605163464287265,0
0,0.07322942649412521,0
0,0.16624504644620566,0
0,0.13211293752032785,0
0,0.7153038988253206,1
0,0.1591333000313773,0
0,0.005023089684203557,0
0,0.10291241183697716,0
0,0.045827279674639364,0
0,0.14888768240804787,0
0,0.041226343823189196,0
0,0.9293558502653436,1
0,0.23444195307986046,0
0,0.009751797311996,0
0,0.1769988377991555,0
0,0.1044342597289114,0
0,0.19710915416264896,0
0,0.043440948321559904,0
0,0.5547290724299431,1
0,0.485077251734646,0
0,0.12922741658996217,0
0,0.0709244754492644,0
0,0.5274738103058488,1
0,0.019993932037226325,0
0,0.4069662852245485,0
0,0.673579622542162,1
0,0.449463827071722,0
0,0.20374262893693187,0
0,0.16355690625604413,0
0,0.05185380070469797,0
0,0.08839635491291058,0
0,0.05253291996957258,0
0,0.41613510468778697,0
0,0.08674120437259548,0
0,0.17529373364751202,0
0,0.10805376348048787,0
0,0.15625624196630006,0
0,0.27883461806948623,0
0,0.039554150125341164,0
0,0.19412925612121473,0
0,0.5190581498621571,1
0,0.43663470329073967,0
0,0.1943103638669977,0
0,0.1387266393969598,0
0,0.007336331903905979,0
0,0.08757133382554778,0
0,0.15953475282394386,0
0,0.08700595916007023,0
0,0.4547426877380116,0
0,0.025451157943715604,0
0,0.05698678547638487,0
0,0.6014763231620139,1
0,0.053664259667543256,0
0,0.9791033113391211,1
0,0.3504278128353912,0
0,0.604818542984155,1
0,0.3233158081351966,0
0,0.07595662947249292,0
0,0.12432968882622042,0
0,0.6010639914281461,1
0,0.831624708615126,1
0,0.12636538131742867,0
0,0.08859004083566385,0
0,0.20329186196004223,0
0,0.010864027643905714,0
0,0.06385747032890896,0
0,0.01878730466337664,0
0,0.9755723814182747,1
0,0.02734772326190737,0
0,0.05510348504094605,0
0,0.1636433723775435,0
0,0.042135056239544014,0
0,0.21276345724893747,0
0,0.08333192325114742,0
0,0.07466815274489434,0
0,0.04378793222584176,0
0,0.01869758269204293,0
0,0.8283137196313525,1
0,0.006701092922198509,0
0,0.3898819674922113,0
0,0.061085785082991347,0
0,0.4212350690119195,0
0,0.09703776068752322,0
0,0.029971323285067776,0
0,0.0686663748556951,0
0,0.1965997146209918,0
0,0.4418055537136992,0
0,0.11029184714657243,0
0,0.11376690622422386,0
0,0.03825555976776693,0
0,0.14016176328233632,0
0,0.06045156822571332,0
0,0.05117904383471863,0
0,0.04849586468236034,0
0,0.30292979398084235,0
0,0.04838882860508866,0
0,0.07028250619112128,0
0,0.03852352114916304,0
0,0.012699471645572197,0
0,0.15929676073758633,0
0,0.09398771256296937,0
0,0.04115076100137628,0
0,0.0921136371346827,0
0,0.5479059907140924,1
0,0.23492756243531654,0
0,0.1416993276724306,0
0,0.13294724939063593,0
0,0.01728599515996705,0
0,0.07336404301455286,0
0,0.585611132419046,1
0,0.022562622483805684,0
0,0.0754109317929618,0
0,0.8920107296257173,1
0,0.16037237300395907,0
0,0.16827570068270878,0
0,0.12065305452027705,0
0,0.38231490773203564,0
0,0.023216515165216473,0
0,0.42058020822717207,0
0,0.3055563339001508,0
0,0.7677371039811864,1
0,0.02973602759123756,0
0,0.023876992968545722,0
0,0.11441175651544021,0
0,0.010924657044469332,0
0,0.05083286570012628,0
0,0.1135595825320354,0
0,0.12357573621616932,0
0,0.09957463752411662,0
0,0.10388839346449186,0
0,0.037726232016372256,0
0,0.026284217231581922,0
0,0.08081991761136913,0
0,0.14700841219902142,0
0,0.9423865893654584,1
0,0.15650658919592406,0
0,0.7260095907097855,1
0,0.03596945029197216,0
0,0.032369633921927474,0
0,0.0514579820144629,0
0,0.04888501175322697,0
0,0.012871979826410291,0
0,0.06289920760784222,0
0,0.09935348838669907,0
0,0.17411629514098118,0
0,0.057904589433261947,0
0,0.04434886573275479,0
0,0.08123342605646577,0
0,0.04415664709467868,0
0,0.03994734430419871,0
0,0.2193394371386684,0
0,0.2711213579323681,0
0,0.5622199484194191,1
0,0.05342076145329864,0
0,0.11521166082406949,0
0,0.06001098513677556,0
0,0.11856868195428444,0
0,0.13056540997811017,0
0,0.6937057737749478,1
0,0.08854765613475028,0
0,0.15322469481405054,0
0,0.009936605942505007,0
0,0.07533726249202133,0
0,0.2767179559516994,0
0,0.31862158367218607,0
0,0.034257116855645094,0
0,0.03135874299070022,0
0,0.4127409953218845,0
0,0.4025362080697276,0
0,0.2278501662415961,0
0,0.15900590128666575,0
0,0.02811805540336624,0
0,0.03576255600904873,0
0,0.010706956246612137,0
0,0.41070864809943997,0
0,0.11486482681358676,0
0,0.06422553579843329,0
0,0.3808161043295746,0
0,0.06568656677864462,0
0,0.27698667856707165,0
0,0.27221317906269876,0
0,0.05146460094214311,0
0,0.026929812686468668,0
0,0.35187882073045296,0
0,0.6758639843563111,1
0,0.10959726719976642,0
0,0.08726513313402921,0
0,0.07577486182475515,0
0,0.11753963237022703,0
0,0.004087652219284886,0
0,0.007614762919311576,0
0,0.20676027040109501,0
0,0.09848408365762688,0
0,0.044871527684834905,0
0,0.06214382550382489,0
0,0.020902093764092043,0
0,0.0755864288626316,0
0,0.09413693062430821,0
0,0.01236066261605449,0
0,0.0705926828158738,0
0,0.06468259328799651,0
0,0.0511881477043273,0
0,0.8685925980620808,1
0,0.2564643006775941,0
0,0.2506946415168256,0
0,0.07018410453568885,0
0,0.02548867401455491,0
0,0.04208968900489815,0
0,0.24029398394272183,0
0,0.02425487549587354,0
0,0.15884824617434753,0
0,0.17370024831377695,0
0,0.051597489848483225,0
0,0.14481719478716676,0
0,0.025927284729836686,0
0,0.20833152917266012,0
0,0.013779667480659933,0
0,0.4452607391834682,0
0,0.19685342302783865,0
0,0.06567566835750643,0
0,0.08491503632714177,0
0,0.22306652356112658,0
0,0.7006383090339988,1
0,0.11006676828465432,0
0,0.051372389734880966,0
0,0.13771784261670544,0
0,0.13534741177158183,0
0,0.12509233501449046,0
0,0.03176917468842414,0
0,0.34338129895225644,0
0,0.036142151588498185,0
0,0.015945293624345894,0
0,0.46509506831430586,0
0,0.04625684508177171,0
0,0.11510934464192048,0
0,0.004589956015938093,0
0,0.02503848914078438,0
0,0.06044852500649348,0
0,0.1786890803368232,0
0,0.5971429099172517,1
0,0.5896306118437401,1
0,0.015366133958493709,0
0,0.012047085564277572,0
0,0.2082303481694617,0
0,0.11646002172819125,0
0,0.45067621574971545,0
0,0.18484469594777392,0
0,0.4101942204397304,0
0,0.044188830641258336,0
0,0.1829918058326003,0
0,0.020259661015185594,0
0,0.00766006867640365,0
0,0.5632470570327355,1
0,0.05843736521802065,0
0,0.10523858761021405,0
0,0.4266605411740585,0
0,0.09766924395245703,0
0,0.09617503374018342,0
0,0.07345459290065921,0
0,0.804678424916607,1
0,0.42850529444165697,0
0,0.14217809423494823,0
0,0.14718541138853508,0
0,0.10602796299194363,0
0,0.19786696385803407,0
0,0.012704995591486237,0
0,0.03735081995406599,0
0,0.08241604752657572,0
0,0.37073282924010226,0
0,0.38761299064208576,0
0,0.3840736161233433,0
0,0.06983321791281383,0
0,0.46726675340932516,0
0,0.06951650058078017,0
0,0.7784603940266609,1
0,0.09941199545888685,0
0,0.4218215885204691,0
0,0.3683824657669261,0
0,0.17688342412240302,0
0,0.008528597942316881,0
0,0.11949788263420077,0
0,0.326645406681461,0
0,0.46909454633028286,0
0,0.022798151725948197,0
0,0.6619541601207106,1
0,0.06600060906734023,0
0,0.04475772187702454,0
0,0.08202822067682729,0
0,0.024690180986978203,0
0,0.01225440369147363,0
0,0.019193696024669922,0
0,0.2505561090162424,0
0,0.1624247359613056,0
0,0.21127340800810823,0
0,0.0312809702785947,0
0,0.09228703263678585,0
0,0.16026914019278266,0
0,0.013923342142981281,0
0,0.2555751533079997,0
0,0.21641743328303412,0
0,0.3536760617908264,0
0,0.5290995846274443,1
0,0.28370036792714887,0
0,0.8597837828719194,1
0,0.295872126221709,0
0,0.12834919329605124,0
0,0.07275875604184437,0
0,0.0003322838448931605,0
0,0.029048938965458872,0
0,0.738199205844112,1
0,0.19028729596589922,0
0,0.020401483677095964,0
0,0.13081579568703516,0
0,0.032853070522952575,0
0,0.11852898364795117,0
0,0.7171633489366758,1
0,0.04963062018599378,0
0,0.17072856748101167,0
0,0.45806408092566875,0
0,0.087169844300781,0
0,0.06668707948010627,0
0,0.04517333213250979,0
0,0.02699434667088826,0
0,0.1252482936168169,0
0,0.3590989001433222,0
0,0.5918328785338836,1
0,0.38464262646141195,0
0,0.6080981969240584,1
0,0.361826067571619,0
0,0.07345571788935253,0
0,0.5741167824454123,1
0,0.14955008238692047,0
0,0.024086796915809384,0
0,0.7811696345076407,1
0,0.3104940655952078,0
0,0.028156504575268297,0
0,0.054456909203685996,0
0,0.13431702560899683,0
0,0.3927784608913967,0
0,0.39555350116437327,0
0,0.007008348904075174,0
0,0.28053110578044316,0
0,0.5525121833013852,1
0,0.20130936171300198,0
0,0.052702742704995,0
0,0.19617321440114568,0
0,0.02631565936628774,0
0,0.01786645775020323,0
0,0.3851341076796815,0
0,0.8128536667280966,1
0,0.01402515512868208,0
0,0.03207754805223326,0
0,0.6005859505654579,1
0,0.3476517845970902,0
0,0.41372516360419054,0
0,0.6183448356319646,1
0,0.6954364877703594,1
0,0.1874949044504348,0
0,0.4989783445077699,1
0,0.23967969863855051,0
0,0.0869697008146562,0
0,0.07587559923702429,0
0,0.2689032512916524,0
0,0.10990238472309138,0
0,0.08199154262835137,0
0,0.14293835512789538,0
0,0.016239260159554438,0
0,0.13690487893036932,0
0,0.12411435786201722,0
0,0.016184719228942934,0
0,0.12287795520870683,0
0,0.008614910124254596,0
0,0.06196338787322547,0
0,0.060563287613170494,0
0,0.12892428999823263,0
0,0.14702044492295308,0
0,0.05502836159994051,0
0,0.12451742306680541,0
0,0.15958321890243182,0
0,0.12562599257671667,0
0,0.04837564560097352,0
0,0.13662128763066414,0
0,0.03604433929224487,0
0,0.07727397745727155,0
0,0.043952776887628796,0
0,0.11414767936427087,0
0,0.033027039821047266,0
0,0.01201377938693092,0
0,0.11531765760146023,0
0,0.0013514422927560546,0
0,0.15984977108118614,0
0,0.19801839806940003,0
0,0.15576136181732086,0
0,0.15851049106837448,0
0,0.14759775440559353,0
0,0.0001812479283399672,0
0,0.08459938868165257,0
0,0.46073676426522864,0
0,0.35032249874297283,0
0,0.02917819967963203,0
0,0.7152496261878402,1
0,0.12070685784415855,0
0,0.14720451150557848,0
0,0.09448933863114861,0
0,0.03413450249065964,0
0,0.19798269650011624,0
0,0.11310460661374928,0
0,0.04869404816722589,0
0,0.062113404258587926,0
0,0.16022675664081173,0
0,0.20370943687735343,0
0,0.11796514535738328,0
0,0.09040245266871945,0
0,0.3039232732655727,0
0,0.02262897204928762,0
0,0.5551928002238505,1
0,0.036739588243036615,0
0,0.09078729391144513,0
0,0.20561262257266183,0
0,0.016753226759013886,0
0,0.6314356591439049,1
0,0.1243022688863035,0
0,0.029697420900194442,0
0,0.270481594413689,0
0,0.012219730291447947,0
0,0.07236056650273752,0
0,0.013602717538656158,0
0,0.017081140776701722,0
0,0.07853774383310907,0
0,0.45912032182499024,0
0,0.04167174503083835,0
0,0.25165446248385015,0
0,0.007332105574471082,0
0,0.2653438022034333,0
0,0.0041847252877403734,0
0,0.6105091156096343,1
0,0.031376016530624704,0
0,0.4852250429641081,0
0,0.20504331917619545,0
0,0.10736549746209191,0
0,0.21681106375169043,0
0,0.24902462747894302,0
0,0.43219739072212915,0
0,0.019889758108746453,0
0,0.1869774551178123,0
0,0.0018872741536188613,0
0,0.010559058659864175,0
0,0.03591713948875551,0
0,0.027070660186820413,0
0,0.7199598088255486,1
0,0.12217692934931225,0
0,0.19696744723313642,0
0,0.5443359056336604,1
0,0.09565204247484906,0
0,0.07758491842672992,0
0,0.013115691706478222,0
0,0.9220302689476925,1
0,0.07437806881975784,0
0,0.8074026812302483,1
0,0.03454012683098501,0
0,0.15920806881624008,0
0,0.12226928463889239,0
0,0.2528716599614596,0
0,0.23255831221826687,0
0,0.28682751606465073,0
0,0.004313550692287102,0
0,0.06236696295238244,0
0,0.16542215046316472,0
0,0.004625192497241935,0
0,0.02313609363129051,0
0,0.09083875225147374,0
0,0.05955450299043136,0
0,0.0521994083729815,0
0,0.48227786196104516,0
0,0.4439097354688454,0
0,0.17064292574904613,0
0,0.025309217614407548,0
0,0.2687501997329472,0
0,0.013277908428852158,0
0,0.033014055333974134,0
0,0.09722981539740382,0
0,0.007836829529411322,0
0,0.0017324340575082093,0
0,0.04359186578200698,0
0,0.4234462210857753,0
0,0.8899641203639659,1
0,0.16345824537856463,0
0,0.36679486778601256,0
0,0.010008190654251065,0
0,0.01164324032191881,0
0,0.07321302825433675,0
0,0.053185494722662575,0
0,0.16299105255545507,0
0,0.04518296571631665,0
0,0.006937939667102258,0
0,0.3081534569224874,0
0,0.019470390174236664,0
0,0.42192959854009604,0
0,0.07383358880827956,0
0,0.07628945938739289,0
0,0.004522046063049813,0
0,0.48282872405676214,0
0,0.6855675587389506,1
0,0.4749554434907564,0
0,0.03276845495908201,0
0,0.0273651833153109,0
0,0.5147707427004492,1
0,0.030799313786632594,0
0,0.09675807767255003,0
0,0.20550481003697596,0
0,0.4718145272412063,0
0,0.1399403829794798,0
0,0.5575407502658034,1
0,0.130722393946228,0
0,0.3119472750158341,0
0,0.6272546063022385,1
0,0.021676489975241582,0
0,0.03590552874027405,0
0,0.2746069914508593,0
0,0.7145931771371228,1
0,0.06272623817530518,0
0,0.18764526148669483,0
0,0.0864603113326695,0
0,0.6539614880290495,1
0,0.08825737615547427,0
0,0.657440650039409,1
0,0.09312543140162587,0
0,0.14657576106411582,0
0,0.47016805000894174,0
0,0.014557590889391311,0
0,0.0408916127726832,0
0,0.13785014301257073,0
0,0.17488768039787242,0
0,0.11700741283015793,0
0,0.07842919098138167,0
0,0.08848339703979297,0
0,0.020226902702500743,0
0,0.08539286872286854,0
0,0.12045810799981432,0
0,0.19900201545902155,0
0,0.9148097811826126,1
0,0.07448741973509782,0
0,0.12535472681857532,0
0,0.07640513057323273,0
0,0.09372833422776225,0
0,0.10074353474084148,0
0,0.4294576699923904,0
0,0.32641210322473185,0
0,0.7283901174205496,1
0,0.005596299571193417,0
0,0.025041778030627872,0
0,0.04187622621044322,0
0,0.4439190448315511,0
0,0.08271168181976853,0
0,0.20367006189437334,0
0,0.028031498064531025,0
0,0.15166197886507432,0
0,0.34438013918314225,0
0,0.13328750608275583,0
0,0.10139948085016721,0
0,0.11936934533899554,0
0,0.24860683996423688,0
0,0.031996703031490464,0
0,0.061451164380632056,0
0,0.08436779580505924,0
0,0.20976218133394015,0
0,0.007927865889786624,0
0,0.09310306043667013,0
0,0.33261075779731514,0
0,0.17993266469199792,0
0,0.025084407317158768,0
0,0.6672695157144898,1
0,0.030022785183930013,0
0,0.0846354454182868,0
0,0.06477238697692339,0
0,0.35068002384782015,0
0,0.5963564163151295,1
0,0.26712163196623506,0
0,0.008925511897818391,0
0,0.004973032224435917,0
0,0.009108830175310181,0
0,0.25962610857953805,0
0,0.020277495044359786,0
0,0.831086720151329,1
0,0.1492527311110096,0
0,0.08497133528040662,0
0,0.031023575757813115,0
0,0.3962735665085099,0
0,0.022215494005920013,0
0,0.1484406659728782,0
0,0.17744532705670304,0
0,0.9655910654384054,1
0,0.09049089175344519,0
0,0.02483233582689536,0
0,0.014471055512995703,0
0,0.07746949469621413,0
0,0.044462381153984695,0
0,0.08682805277066277,0
0,0.33898392604701744,0
0,0.17006888739217696,0
0,0.919692752022445,1
0,0.09580393008087731,0
0,0.30905335895133074,0
0,0.36281801059654545,0
0,0.3664219075640132,0
0,0.009082987770252654,0
0,0.024602102319254495,0
0,0.019261114951965638,0
0,0.20309631958617205,0
0,0.041913480400642425,0
0,0.03032175429105998,0
0,0.18478174170122486,0
0,0.2749795182739997,0
0,0.056431318207027195,0
0,0.02163102053062093,0
0,0.08587277593378524,0
0,0.11974146924445032,0
0,0.03952929512130096,0
0,0.03535393844516725,0
0,0.01877716025488872,0
0,0.0200632769303471,0
0,0.3335262569475691,0
0,0.6219208034888142,1
0,0.4337951467464498,0
0,0.03961216792021996,0
0,0.047426851336817524,0
0,0.14921905648729808,0
0,0.4123974417289159,0
0,0.22368478208336942,0
0,0.372545253565497,0
0,0.03357483806656238,0
0,0.23646213596166238,0
0,0.1802171422548347,0
0,0.2574416573957867,0
0,0.06843194292689461,0
0,0.17721817157454062,0
0,0.7228617218383105,1
0,0.279300851692373,0
0,0.003294128741222331,0
0,0.19725012152292967,0
0,0.21300135107222543,0
0,0.26216328014310425,0
0,0.08119872748827772,0
0,0.14688949890821823,0
0,0.12250400049088489,0
0,0.13738900945028956,0
0,0.20330486192589783,0
0,0.04229665009945134,0
0,0.14284286492130327,0
0,0.9751756453966978,1
0,0.23610040121439793,0
0,0.035218115266948354,0
0,0.06964595014381095,0
0,0.3012635406597953,0
0,0.6747945116875339,1
0,0.2208805614275544,0
0,0.09547318251076503,0
0,0.01563311764270642,0
0,0.20242901454444773,0
0,0.0858316732604605,0
0,0.8787664923540303,1
0,0.21485535825514168,0
0,0.5804338552162656,1
0,0.02351798712841903,0
0,0.010410865899226313,0
0,0.1823724488355417,0
0,0.3066595508141552,0
0,0.03938562738488101,0
0,0.6263675741572327,1
0,0.026019400996569953,0
0,0.3450062050656297,0
0,0.09355555620873897,0
0,0.05897240921468949,0
0,0.5904388212758961,1
0,0.07498430018606136,0
0,0.03522065239829017,0
0,0.28458651944853874,0
0,0.8249842946003534,1
0,0.09512070654362027,0
0,0.5151164710533095,1
0,0.27316346187047236,0
0,0.023469558189028468,0
0,0.3674301812417096,0
0,0.0013225408804646746,0
0,0.20220776248839922,0
0,0.8434845266669488,1
0,0.036042679666625214,0
0,0.4672628380886732,0
0,0.07578743250135256,0
0,0.14256177612285612,0
0,0.26505258690837247,0
0,0.1685170290472659,0
0,0.17890634157491037,0
0,0.10938495505616838,0
0,0.03002320534005248,0
0,0.009423384596981915,0
0,0.03975731331123997,0
0,0.05896027684524837,0
0,0.7302923748299264,1
0,0.02165715403025601,0
0,0.03370414870570602,0
0,0.10224949682964761,0
0,0.5241526634506216,1
0,0.08404818921259792,0
0,0.9324801218242494,1
0,0.04199684671247438,0
0,0.030348997422692498,0
0,0.08493450744172182,0
0,0.14800752567412975,0
0,0.04630508499887,0
0,0.03164782377213568,0
0,0.014832193524803076,0
0,0.4654119035995105,0
0,0.06714456800740087,0
0,0.07947076235453877,0
0,0.0014466346373781826,0
0,0.023220450318662583,0
0,0.6583032331478665,1
0,0.06819042864272543,0
0,0.02019507486530452,0
0,0.17629870444889126,0
0,0.10335859093450322,0
0,0.013131374878971465,0
0,0.1127308450104727,0
0,0.03174456938763684,0
0,0.6166585563009626,1
0,0.5566419867306077,1
0,0.03953914391215074,0
0,0.38755810712125943,0
0,0.26453157276703576,0
0,0.6496532820012823,1
0,0.23849512786521723,0
0,0.022300618876328542,0
0,0.08086564762012972,0
0,0.8698126629146178,1
0,0.3619143891536422,0
0,0.15053465239708702,0
0,0.5460224306002852,1
0,0.046268441192357936,0
0,0.5877377018059757,1
0,0.24057351438065164,0
0,0.291618302000831,0
0,0.009884112190260272,0
0,0.05707814026539148,0
0,0.7718793807490331,1
0,0.9065636984260366,1
0,0.0974330497871326,0
0,0.08211916893027733,0
0,0.05131258912447432,0
0,0.844724324145062,1
0,0.055745224123688944,0
0,0.1831381200375695,0
0,0.30172593145430826,0
0,0.02122883938502695,0
0,0.11430360669747056,0
0,0.0805621449677485,0
0,0.09167352676231226,0
0,0.05817001241176085,0
0,0.05023381406486656,0
0,0.25429610811673503,0
0,0.2741922897606249,0
0,0.9182213094113546,1
0,0.1057855009504434,0
0,0.06802114447396035,0
0,0.022286704546494798,0
0,0.14410049134621747,0
0,0.09321457587849157,0
0,0.13365283994113503,0
0,0.10287798405070804,0
0,0.4625798146573143,0
0,0.00015503693102012867,0
0,0.008813439197110808,0
0,0.9434031101402777,1
0,0.7177185280389882,1
0,0.19540082623531743,0
0,0.2088931728174692,0
0,0.4757524716832864,0
0,0.2523129376240583,0
0,0.06688231270517614,0
0,0.24215958095457335,0
0,0.23986727765349367,0
0,0.17093632615293058,0
0,0.017938720134360864,0
0,0.09096246644886007,0
0,0.10843498509816735,0
0,0.031392372170057165,0
0,0.024969107428953207,0
0,0.020903723618454162,0
0,0.04834260358888747,0
0,0.1809178480283201,0
0,0.7430634987118894,1
0,0.16496228159554244,0
0,0.12797481988563925,0
0,0.055469385741181085,0
0,0.087754282799423,0
0,0.19776605037739162,0
0,0.00563016295484079,0
0,0.19511485459296915,0
0,0.26645174865245547,0
0,0.5057167724159446,1
0,0.04364445859931047,0
0,0.09460199483770719,0
0,0.045745898351130534,0
0,0.08053758371736716,0
0,0.34185522063281654,0
0,0.6655661821233015,1
0,0.041542646316218325,0
0,0.17657477767933716,0
0,0.006773516987602966,0
0,0.09178406112901738,0
0,0.005083321007604247,0
0,0.2344127664473579,0
0,0.3588351952504613,0
0,0.028655841540661347,0
0,0.8478487648848192,1
0,0.2508788759604729,0
0,0.12448321078994462,0
0,0.06921334705792596,0
0,0.05187028675301189,0
0,0.2755458590534028,0
0,0.5736428379122718,1
0,0.5664208145137426,1
0,0.013020632610810884,0
0,0.14196136098525539,0
0,0.008040501416157801,0
0,0.1121154085212949,0
0,0.41108517059561905,0
0,0.5748175037269949,1
0,0.20803940987771147,0
0,0.24725920476069416,0
0,0.01956277588593251,0
0,0.05987379013798202,0
0,0.7102783590308008,1
0,0.7531351790683195,1
0,0.10326206593791055,0
0,0.17230496852642577,0
0,0.6959769857925989,1
0,0.009503773084047713,0
0,0.21601697861607833,0
0,0.04380260118012748,0
0,0.1680732328139025,0
0,0.8178296318571808,1
0,0.03873174945694218,0
0,0.11368020511359969,0
0,0.9427133209208197,1
0,0.08143391238766733,0
0,0.2770828653599875,0
0,0.47269563826265515,0
0,0.17885675386537409,0
0,0.022231754716892295,0
0,0.5051425854247616,1
0,0.05254729904055766,0
0,0.31813455769263305,0
0,0.8918909137055516,1
0,0.04766804195957961,0
0,0.6973598185877641,1
0,0.020220400394052464,0
0,0.6799066506210792,1
0,0.5288555503523069,1
0,0.9510286368863169,1
0,0.007000077283311399,0
0,0.1882968619154404,0
0,0.5927029991604522,1
0,0.024420808435155462,0
0,0.1215533609765692,0
0,0.129364253985762,0
0,0.10316806648353663,0
0,0.37191621960183063,0
0,0.052571734445579395,0
0,0.01799739799881798,0
0,0.12126326060427124,0
0,0.5788842760752628,1
0,0.08475178292380231,0
0,0.5463441207359283,1
0,0.19546627541779557,0
0,0.1725131882409222,0
0,0.013571092186544887,0
0,0.22557043977101784,0
0,0.006042279295346076,0
0,0.043316149266544576,0
0,0.0511648385141771,0
0,0.245572366952525,0
0,0.21339550276450517,0
0,0.08207274132375456,0
0,0.009751645902881316,0
0,0.12694215572385426,0
0,0.04256645748299794,0
0,0.016150928217264618,0
0,0.24189598211135593,0
0,0.0747000567469331,0
0,0.07102206664473125,0
0,0.24319411637429036,0
0,0.8938307086327053,1
0,0.104345227175941,0
0,0.038556277132201514,0
0,0.05575661551098405,0
0,0.24508634428070336,0
0,0.046389485298967574,0
0,0.26914840240507665,0
0,0.08632641600660465,0
0,0.0787974034453608,0
0,0.5237585342305237,1
0,0.0247931699277514,0
0,0.11374176426659864,0
0,0.3997079733047312,0
0,0.06100371803862093,0
0,0.09045764708003448,0
0,0.5672824006499534,1
0,0.018585786217092313,0
0,0.20821389076051594,0
0,0.01914500627011203,0
0,0.7541674177011056,1
0,0.25596690514269166,0
0,0.013362944158378673,0
0,0.06333986907888288,0
0,0.04440905326523356,0
0,0.5868748685664006,1
0,0.04848797743496158,0
0,0.8026155180158316,1
0,0.33026128035757546,0
0,0.7925644981204878,1
0,0.22842581712595492,0
0,0.07361307191630034,0
0,0.31244285861521354,0
0,0.11879113086129275,0
0,0.10930938325699878,0
0,0.3485366930559773,0
0,0.04356311676683554,0
0,0.04352937310677844,0
0,0.12569937399984027,0
0,0.19904125111517637,0
0,0.027259162761416825,0
0,0.068307101015789,0
0,0.3292456553620258,0
0,0.057885632557362385,0
0,0.010319941452302897,0
0,0.8636473529592765,1
0,0.5645410119891067,1
0,0.09323804480439492,0
0,0.04653632053658058,0
0,0.17518595470628942,0
0,0.006902513782097588,0
0,0.03143948349217408,0
0,0.1949050523138643,0
0,0.1718446064191266,0
0,0.04275754170509362,0
0,0.9475364652677389,1
0,0.4186468391530132,0
0,0.6209764122761662,1
0,0.236462998628797,0
0,0.3382877117795458,0
0,0.07424044733564407,0
0,0.177075030946068,0
0,0.01750888210645916,0
0,0.28389319439621347,0
0,0.19374093360192965,0
0,0.1125070358619033,0
0,0.004590210999769746,0
0,0.047339129451753954,0
0,0.1755131846195131,0
0,0.9416829125508166,1
0,0.06378856244667709,0
0,0.8024325476274399,1
0,0.05116319467812,0
0,0.1214373010096006,0
0,0.08804299563687386,0
0,0.18935472566207706,0
0,0.0047281756233066,0
0,0.21295828929486751,0
0,0.31623069565491224,0
0,0.04924092394880802,0
0,0.316769794519652,0
0,0.13819184882028349,0
0,0.506456709646603,1
0,0.05599057899393395,0
0,0.10868306324857853,0
0,0.08004935501607356,0
0,0.7824074771582544,1
0,0.0763727401742259,0
0,0.1748875854017108,0
0,0.19567281159717095,0
0,0.1894075079661958,0
0,0.37452856507550414,0
0,0.45116281888923715,0
0,0.02425484899393175,0
0,0.02318129733930117,0
0,0.0022998278871450917,0
0,0.4849018899320146,0
0,0.3142890791824341,0
0,0.1095423132270521,0
0,0.08220710006281277,0
0,0.31062098878357874,0
0,0.12115993336198311,0
0,0.08629141462987606,0
0,0.03262657835513249,0
0,0.23629030808280413,0
0,0.12817329945276265,0
0,0.04299991943689855,0
0,0.5047331650151249,1
0,0.022858830388484474,0
0,0.07222028106898887,0
0,0.24606325202126358,0
0,0.4916139461693992,1
0,0.12816757253065106,0
0,0.19253961595571792,0
0,0.28184526947656346,0
0,0.025442835552096005,0
0,0.19825524923691,0
0,0.036079592106199175,0
0,0.04800895232120856,0
0,0.005316794679967514,0
0,0.1423779124894545,0
0,0.03832254008801003,0
0,0.11797541843078127,0
0,0.4073099457166928,0
0,0.05658470460452285,0
0,0.08183048950420871,0
0,0.41691033674521916,0
0,0.1475970880804425,0
0,0.05590360457553887,0
0,0.33003717313662334,0
0,0.041253905489368387,0
0,0.06069351746620267,0
0,0.2850488987790135,0
0,0.8375003863940353,1
0,0.01977681252144896,0
0,0.4742580401135399,0
0,0.673184585378516,1
0,0.23741244804518344,0
0,0.08892750845532979,0
0,0.07029760009679696,0
0,0.032937750440498445,0
0,0.03133344129957208,0
0,0.0745037051278015,0
0,0.5177603193378445,1
0,0.06168356002537274,0
0,0.8073736062263666,1
0,0.2889118493809747,0
0,0.3343614969862872,0
0,0.1721910495582129,0
0,0.009401061761529089,0
0,0.8884728033778974,1
0,0.16877018925692797,0
0,0.022222249166698436,0
0,0.3704741928807365,0
0,0.22531202359379315,0
0,0.13686266325430796,0
0,0.4707345367262616,0
0,0.25613417425699586,0
0,0.026309277293398745,0
0,0.15648859934308326,0
0,0.19754965630354132,0
0,0.2618585568158008,0
0,0.0839702631887412,0
0,0.004878751418140563,0
0,0.007052888674938594,0
0,0.11246506715008074,0
0,0.6715849751672246,1
0,0.28638486911118693,0
0,0.7455031705033364,1
0,0.7649390214306243,1
0,0.49797774182139914,1
0,0.08686391941509702,0
0,0.21143497584549284,0
0,0.07509861756957897,0
0,0.12530425297036246,0
0,0.12333413660004254,0
0,0.0037905232972632427,0
0,0.05145067916557554,0
0,0.019510972154453774,0
0,0.47134857529656204,0
0,0.030360472653949394,0
0,0.21461893737605792,0
0,0.01017328181635355,0
0,0.04625633041619811,0
0,0.4533683360784508,0
0,0.10629763717665958,0
0,0.1543862944911906,0
0,0.12140495305491542,0
0,0.41597766306282313,0
0,0.10050725327740634,0
0,0.6499120714575117,1
0,0.01479930174163514,0
0,0.10792145761945038,0
0,0.14990105175114984,0
0,0.10347389216085515,0
0,0.46998069113840424,0
0,0.05781408480065755,0
0,0.10029079721602902,0
0,0.08520758320544765,0
0,0.06870423312637404,0
0,0.06610588033946692,0
0,0.9842697006636226,1
0,0.08174824262627714,0
0,0.3782859387196393,0
0,0.14499261038865108,0
0,0.06988435467173965,0
0,0.5595943281827749,1
0,0.3966085221178005,0
0,0.2861355696128274,0
0,0.023738281424563093,0
0,0.2402305150249089,0
0,0.14439681224312984,0
0,0.7335625530294853,1
0,0.12870316901444576,0
0,0.04472496231989674,0
0,0.3541625578068202,0
0,0.14226419901816723,0
0,0.06530150174067728,0
0,0.2420550400216041,0
0,0.0317651255268393,0
0,0.27376819215447146,0
0,0.011889143948665946,0
0,0.4074512352572828,0
0,0.12912819752564897,0
0,0.19549784243515564,0
0,0.07717626237465194,0
0,0.21263407343231258,0
0,0.1773623301527584,0
0,0.047115680689215116,0
0,0.059317612889439285,0
0,0.05764260729209237,0
0,0.19404964991034582,0
0,0.23247101616831528,0
0,0.2566419843042843,0
0,0.09852272510045974,0
0,0.6744546806749813,1
0,0.8998890166089998,1
0,0.8763752185786714,1
0,0.07246855140602135,0
0,0.01778096305856187,0
0,0.054993732449578676,0
0,0.26089967963293814,0
0,0.2538165772932167,0
0,0.35188450141102273,0
0,0.21548974352615483,0
0,0.04723045282478813,0
0,0.14876156514829905,0
0,0.20560926530023704,0
0,0.2521359861549525,0
0,0.012665018990412774,0
0,0.5153494781227037,1
0,0.3679010758836459,0
0,0.09216727363592564,0
0,0.04601817878735086,0
0,0.31919636605350676,0
0,0.9020471598240646,1
0,0.18428208186597755,0
0,0.0658529860030848,0
0,0.08620089684336243,0
0,0.019714708196164565,0
0,0.1530630835322505,0
0,0.03581211107852179,0
0,0.044922640071325265,0
0,0.14789959817099968,0
0,0.022712626670175602,0
0,0.09354714355406007,0
0,0.12346284517424758,0
0,0.014901104522850345,0
0,0.5246765949944631,1
0,0.13499117105418967,0
0,0.02654804591563894,0
0,0.08351236181412537,0
0,0.005657089954315376,0
0,0.04543044160391188,0
0,0.5495311746791693,1
0,0.02031667891935551,0
0,0.4880212029624742,0
0,0.03716007057163057,0
0,0.08982942951235902,0
0,0.021692022094050273,0
0,0.019250999596231385,0
0,0.32670020921585025,0
0,0.028321594859104748,0
0,0.6411799464068069,1
0,0.16893132651697518,0
0,0.3560543274949693,0
0,0.48718164016513116,0
0,0.3640859188075089,0
0,0.027352283092637434,0
0,0.017522382726885985,0
0,0.30008493118642265,0
0,0.16812048399169316,0
0,0.07078250350788884,0
0,0.5036783139456551,1
0,0.036292041430860414,0
0,0.3303793674238418,0
0,0.27320862332203993,0
0,0.8279051255819205,1
0,0.5868114976291664,1
0,0.0751316390415053,0
0,0.3004891130676974,0
0,0.11569112389680494,0
0,0.0035397104647244045,0
0,0.32651365778569,0
0,0.07494895998149342,0
0,0.1148520985739235,0
0,0.041402490645401885,0
0,0.20207575196322833,0
0,0.024170900792636188,0
0,0.011755593143641536,0
0,0.03731208314893803,0
0,0.047848203646810056,0
0,0.21161762783796478,0
0,0.03677834222622609,0
0,0.9816944300797898,1
0,0.525887625129604,1
0,0.42747757937907194,0
0,0.2821164854398776,0
0,0.21227168759145187,0
0,0.08311746337088015,0
0,0.7129598800029431,1
0,0.10340442778476,0
0,0.028071413862777395,0
0,0.247782973480066,0
0,0.044102301968037334,0
0,0.2107870635848697,0
0,0.02089746746589198,0
0,0.6236348433509736,1
0,0.05552110261837247,0
0,0.013546821664639793,0
0,0.06740405742256868,0
0,0.04799942741264223,0
0,0.4106991364811393,0
0,0.1691276468504512,0
0,0.045614789660189066,0
0,0.014231638286033133,0
0,0.03537446477517606,0
0,0.013658860826660502,0
0,0.009759960278863831,0
0,0.08190437003512231,0
0,0.06201420603527474,0
0,0.7367229922111632,1
0,0.5254386918753918,1
0,0.10774609418584623,0
0,0.10499175134507367,0
0,0.04703054505967936,0
0,0.029441104586479375,0
0,0.2531174932697757,0
0,0.6513260609223129,1
0,0.010711917505596177,0
0,0.16940178159591837,0
0,0.4671550266510083,0
0,0.3591354286969802,0
0,0.7120962514479888,1
0,0.11266220091189301,0
0,0.18477507935421147,0
0,0.06329685402360655,0
0,0.3413740276086451,0
0,0.04110673256349259,0
0,0.015897427339627936,0
0,0.13621891745357592,0
0,0.2056875813034181,0
0,0.22574698449562589,0
0,0.14340826515867292,0
0,0.12729368506872507,0
0,0.17355039775512265,0
0,0.32003356504481123,0
0,0.13147633084149352,0
0,0.11141191214907954,0
0,0.03163304488028145,0
0,0.15596095002701976,0
0,0.26624214587084805,0
0,0.011735598221586194,0
0,0.12597956192410015,0
0,0.2069472044216049,0
0,0.3134089574165176,0
0,0.07681003479510955,0
0,0.3345747422659854,0
0,0.16658983636469304,0
0,0.18884351555559714,0
0,0.20244230190875448,0
0,0.9074481292674751,1
0,0.04940818385375,0
0,0.0074145760048829465,0
0,0.5834112291669175,1
0,0.5993686580421582,1
0,0.04098058394563681,0
0,0.021886154814736228,0
0,0.18489479387183305,0
0,0.031168816849356233,0
0,0.03599310662726203,0
0,0.12441952924034301,0
0,0.027176438025535925,0
0,0.05250673985683203,0
0,0.003638430841149688,0
0,0.47493629351036715,0
0,0.13445579757072823,0
0,0.01651003499331683,0
0,0.033208084039589005,0
0,0.0847897569644252,0
0,0.33013793224547316,0
0,0.028234434722570055,0
0,0.1942208583214362,0
0,0.9503813143276069,1
0,0.15261244787696226,0
0,0.08015318409058524,0
0,0.0048629304138890755,0
0,0.05342750212238617,0
0,0.0676888757071451,0
0,0.13194452148909777,0
0,0.011080504515498956,0
0,0.2277404405365793,0
0,0.15961645135321958,0
0,0.20891640552988397,0
0,0.03380112693236534,0
0,0.036059265129538595,0
0,0.110777770560864,0
0,0.2850793418032349,0
0,0.01596255893018903,0
0,0.1789093303582624,0
0,0.07340271701243312,0
0,0.27762987697994645,0
0,0.3419923777487458,0
0,0.2310198140448119,0
0,0.033833577116337374,0
0,0.4048706894930029,0
0,0.20144346382463293,0
0,0.3594535000549863,0
0,0.012480959949424879,0
0,0.4349232413382879,0
0,0.19591658873946474,0
0,0.15285894815592724,0
0,0.007133626959778522,0
0,0.3430241182944578,0
0,0.03145694990257583,0
0,0.17632005488972108,0
0,0.1984075217476556,0
0,0.09525627433344336,0
0,0.032813555730753924,0
0,0.07066998549007941,0
0,0.1251767690835593,0
0,0.20886853089887597,0
0,0.04986255915401458,0
0,0.3383694989011518,0
0,0.01618471580696522,0
0,0.022421664834410462,0
0,0.05853277614179723,0
0,0.07044685745162935,0
0,0.13092519207483921,0
0,0.3012554037095083,0
0,0.35854181235383437,0
0,0.1102451953993134,0
0,0.7983374305128603,1
0,0.029042871728966805,0
0,0.02931593955446104,0
0,0.11782764535523005,0
0,0.24435296982954385,0
0,0.24722071167182744,0
0,0.9558069510644259,1
0,0.23031918312835456,0
0,0.021464901263691973,0
0,0.0811947862619936,0
0,0.12892547033348076,0
0,0.8725499519393023,1
0,0.3631666037498984,0
0,0.09076434936332367,0
0,0.007469501143039818,0
0,0.3001957248837319,0
0,0.10193464509668745,0
0,0.04629204041466749,0
0,0.24155365988822572,0
0,0.35099373714024584,0
0,0.0020977305074230137,0
0,0.4579203897960335,0
0,0.1465043490944776,0
0,0.25092682468531474,0
0,0.01558472009086655,0
0,0.007188854488996217,0
0,0.07182259203586816,0
0,0.6447927787727158,1
0,0.1627358783672472,0
0,0.17643772480885228,0
0,0.5943224302122757,1
0,0.04778639441471174,0
0,0.08956747907644114,0
0,0.16336270194703992,0
0,0.27497833822244483,0
0,0.36721965139501356,0
0,0.18211128651736225,0
0,0.26168540483880337,0
0,0.29058345589624834,0
0,0.05945591311222474,0
0,0.06383729923301018,0
0,0.0479925010065642,0
0,0.1694683584218705,0
0,0.26653565270172136,0
0,0.18685786588634462,0
0,0.011369823499349655,0
0,0.04668668706938618,0
0,0.06575418822538168,0
0,0.05145809541115947,0
0,0.07880305332732278,0
0,0.04680588584062077,0
0,0.2346966379955167,0
0,0.6702330918584203,1
0,0.5137730873834889,1
0,0.0652736711600598,0
0,0.37708053705118566,0
0,0.08017038759429079,0
0,0.7235696303217195,1
0,0.22276202497249178,0
0,0.3501141010044882,0
0,0.013592444705652408,0
0,0.05439525636438749,0
0,0.2104646754428824,0
0,0.12716590608301534,0
0,0.01985625470625399,0
0,0.10006798895382644,0
0,0.8209877501027794,1
0,0.3795732371793389,0
0,0.17061188208718878,0
0,0.024214059056785826,0
0,0.2133523196210148,0
0,0.1333496061021228,0
0,0.11332309843598486,0
0,0.1368609080632147,0
0,0.06591463650045068,0
0,0.2477592023694221,0
0,0.0054495257684549206,0
0,0.07112955194253409,0
0,0.03128666678609381,0
0,0.09554275549287612,0
0,0.06510920307160835,0
0,0.2807320055732773,0
0,0.005599870757650889,0
0,0.07797225873666697,0
0,0.19043201007769744,0
0,0.7415025294766815,1
0,0.07808244349548767,0
0,0.04184606890768307,0
0,0.5243743264763876,1
0,0.04233198209123238,0
0,0.022680135488768835,0
0,0.11038827132590329,0
0,0.00778904308350203,0
0,0.01569373555792139,0
0,0.38805450617041515,0
0,0.7137349930775093,1
0,0.6164288102232343,1
0,0.6567994494180766,1
0,0.09095585274297523,0
0,0.18586127407775083,0
0,0.22012689545599826,0
0,0.03261873193369693,0
0,0.05633276062226265,0
0,0.016167037065016526,0
0,0.3995716878661274,0
0,0.024424306485460498,0
0,0.17888478903889607,0
0,0.2629742618725602,0
0,0.1487433998434682,0
0,0.14952307047171826,0
0,0.134064005860218,0
0,0.9537109751865939,1
0,0.5619737412718608,1
0,0.12020728888740985,0
0,0.18551202608217782,0
0,0.8956991626551742,1
0,0.02911868519181683,0
0,0.008461211879056636,0
0,0.02172141127473428,0
0,0.011656088984659007,0
0,0.19075206919303125,0
0,0.2589102602644281,0
0,0.20508121628503287,0
0,0.11094217067932328,0
0,0.04563334784427625,0
0,0.1995040081798467,0
0,0.12202926062676282,0
0,0.14440800303555146,0
0,0.4022393204933224,0
0,0.02035879573099127,0
0,0.0020149675935632046,0
0,0.078234375007093,0
0,0.7223289372969582,1
0,0.10934251258279974,0
0,0.34763653209219025,0
0,0.0009685974903763998,0
0,0.07495591877557789,0
0,0.35009389841085786,0
0,0.008178433916238053,0
0,0.041878781504794176,0
0,0.0054448920562001485,0
0,0.2248021075670674,0
0,0.15203432441185888,0
0,0.09749621525172676,0
0,0.7064393897386864,1
0,0.17166719843309533,0
0,0.025451883013615083,0
0,0.3988841207545372,0
0,0.33944671966622014,0
0,0.1525091349707423,0
0,0.26438103523196627,0
0,0.0290702342973268,0
0,0.012018635331405273,0
0,0.0730451689389145,0
0,0.26492819857698335,0
0,0.3722401231619333,0
0,0.03176583472732136,0
0,0.6135713772912827,1
0,0.02499265878568099,0
0,0.05925098776406079,0
0,0.04920135826322196,0
0,0.41164622074047325,0
0,0.38109460462298467,0
0,0.03672993202789754,0
0,0.07802853383602021,0
0,0.20433321362977908,0
0,0.3014294524983457,0
0,0.2983286877175374,0
0,0.13600863699114496,0
0,0.06314824489780686,0
0,0.9791202982693886,1
0,0.014673135557815837,0
0,0.28269621189824706,0
0,0.0487261056614472,0
0,0.10538016636370773,0
0,0.5656626101736643,1
0,0.6460883943578537,1
0,0.3516991841862484,0
0,0.3388146013333873,0
0,0.11899055521303827,0
0,0.21153361490606606,0
0,0.15508566607211438,0
0,0.19540063980978514,0
0,0.002089011248707083,0
0,0.025903850292614616,0
0,0.050707682128988935,0
0,0.0172580901909085,0
0,0.13649733280882684,0
0,0.013273668740136961,0
0,0.014623369309113272,0
0,0.15914347326273562,0
0,0.0783323687376957,0
0,0.014384392007652088,0
0,0.31142953579712535,0
0,0.5154512808311393,1
0,0.2619984573148366,0
0,0.1384439848104586,0
0,0.27454565865470293,0
0,0.04079884217548261,0
0,0.1147912120182478,0
0,0.19430450539566635,0
0,0.10190790705241812,0
0,0.2638135770264221,0
0,0.7252696176291282,1
0,0.05041788755938163,0
0,0.14465316638452008,0
0,0.0665681634899803,0
0,0.31834245375653486,0
0,0.07331410398781574,0
0,0.13759261111837592,0
0,0.8065709766533666,1
0,0.17005580624282207,0
0,0.06050997650942184,0
0,0.3777410934657962,0
0,0.2909648933129307,0
0,0.4074916966671637,0
0,0.6183000326740927,1
0,0.599800416183876,1
0,0.07922070475959037,0
0,0.057780942627083824,0
0,0.11842425483226235,0
0,0.0370046875023917,0
0,0.19327927142493295,0
0,0.17978409743826596,0
0,0.41769684967829407,0
0,0.6923560702261474,1
0,0.31462670461425857,0
0,0.9991907627375065,1
0,0.19404884430125188,0
0,0.06406084013832816,0
0,0.3827322076553865,0
0,0.5875170413138481,1
0,0.4980444013670492,1
0,0.051336294166232865,0
0,0.08646207366458536,0
0,0.18181134915860947,0
0,0.026139087855016622,0
0,0.6065291761112048,1
0,0.5700720590332559,1
0,0.021547743419237587,0
0,0.23058226678073881,0
0,0.04882405808692791,0
0,0.25283415555581146,0
0,0.07969325283191404,0
0,0.41736509379212616,0
0,0.47104931604907047,0
0,0.25752616424707464,0
0,0.02140658434323187,0
0,0.35582952740809626,0
0,0.053030223717920245,0
0,0.014755797516977864,0
0,0.21370418090266788,0
0,0.05698309566188092,0
0,0.33507432463805603,0
0,0.01667074653060179,0
0,0.04741328444830718,0
0,0.286804617331974,0
0,0.25300423317399445,0
0,0.21685314647789708,0
0,0.0638634259209322,0
0,0.02696635112356787,0
0,0.24514845935376556,0
0,0.057186444637500805,0
0,0.07363320950864188,0
0,0.04863351869107687,0
0,0.31738679298312755,0
0,0.5225361531276638,1
0,0.1576798715950835,0
0,0.10645296241713302,0
0,0.03735205633656914,0
0,0.48395664013631035,0
0,0.2717487590428185,0
0,0.5212935153133272,1
0,0.6789020479497005,1
0,0.0314763776871546,0
0,0.4493291262394076,0
0,0.35736044466490124,0
0,0.011318587624668718,0
0,0.08775905764100782,0
0,0.06220174298205387,0
0,0.36956357486442987,0
0,0.13144710766975912,0
0,0.08920303241491838,0
0,0.011196113804437966,0
0,0.29434304548962825,0
0,0.23144532389065198,0
0,0.11116397447748416,0
0,0.05918613273733174,0
0,0.4475424087382075,0
0,0.4173241636499661,0
0,0.9114042532556587,1
0,0.18258103482964613,0
0,0.14704093924377115,0
0,0.06039013815252779,0
0,0.08170055691754508,0
0,0.04993654993252785,0
0,0.6983788296171567,1
0,0.10923326221210006,0
0,0.21965746846603335,0
0,0.28714135538881536,0
0,0.04250216904903714,0
0,0.0037550329559168974,0
0,0.15693221058625503,0
0,0.1315770501465453,0
0,0.005661412863433763,0
0,0.36048878055437883,0
0,0.6039680106733288,1
0,0.06658098774338049,0
0,0.010639156492611445,0
0,0.014521631046100918,0
0,0.03035965317560149,0
0,0.3444228051643919,0
0,0.3125007617056661,0
0,0.12161682180720323,0
0,0.36754997063471784,0
0,0.7074041161552566,1
0,0.08738656462901312,0
0,0.06469569610970087,0
0,0.12924515288703078,0
0,0.3092283934907997,0
0,0.00729544766157487,0
0,0.035671585909188626,0
0,0.12808621388565686,0
0,0.2911153814696254,0
0,0.20949949298528997,0
0,0.1505131331857599,0
0,0.25028428271566977,0
0,0.11034924421545463,0
0,0.45188522818393984,0
0,0.23837402024600732,0
0,0.004867172454255778,0
0,0.14853407671515384,0
0,0.19215508878253582,0
0,0.045629204711297326,0
0,0.06494696357122774,0
0,0.06217175052211889,0
0,0.049149283615820875,0
0,0.07396367124334466,0
0,0.27488807857442765,0
0,0.010038727763937218,0
0,0.016128433701894776,0
0,0.034094296850602786,0
0,0.7259845067460236,1
0,0.07530266423546035,0
0,0.020851829538909607,0
0,0.06445271446618582,0
0,0.029486341374873794,0
0,0.06588334833254304,0
0,0.019248434288345107,0
0,0.03187978217983826,0
0,0.024220423467023012,0
0,0.15575994172083324,0
0,0.01447598861449884,0
0,0.6087744759645013,1
0,0.2584121743411499,0
0,0.2009678344078225,0
0,0.38710461397473755,0
0,0.02717182803011256,0
0,0.290753183623871,0
0,0.4805406764294067,0
0,0.12743006804233437,0
0,0.5798702471258719,1
0,0.01801010484832983,0
0,0.0647018013455134,0
0,0.06683562381996457,0
0,0.06803808759735888,0
0,0.14376407935667845,0
0,0.11922482391071176,0
0,0.04323270662868968,0
0,0.5181847419870464,1
0,0.07950223464791022,0
0,0.3252754852008906,0
0,0.14487123815000877,0
0,0.15656551418401654,0
0,0.01841222067655814,0
0,0.10008961557062844,0
0,0.44359952137276704,0
0,0.2546646262652942,0
0,0.0007265792992620317,0
0,0.04857300436577554,0
0,0.6579789893653457,1
0,0.5194669017773275,1
0,0.3343543716407479,0
0,0.06025422775881822,0
0,0.02633641614946531,0
0,0.7388310070804472,1
0,0.15488870928843565,0
0,0.04660172743524227,0
0,0.4694535676708908,0
0,0.20888363172925523,0
0,0.0008309160307972297,0
0,0.0685848002605566,0
0,0.5734944174092576,1
0,0.058720415224673465,0
0,0.29607761288890977,0
0,0.10463162204404027,0
0,0.15619515974083803,0
0,0.7138995841546507,1
0,0.31976500178790485,0
0,0.2821114571254271,0
0,0.0857522813790002,0
0,0.022439530323931912,0
0,0.021785468924653054,0
0,0.045067384657227795,0
0,0.2072456317346455,0
0,0.3028910934419988,0
0,0.06686240953779908,0
0,0.44297711473921814,0
0,0.19598929845596905,0
0,0.261600872977073,0
0,0.19879750287129536,0
0,0.04968361775625345,0
0,0.10434844962407717,0
0,0.09598456419024708,0
0,0.013210967034056765,0
0,0.008490069857625909,0
0,0.04288502523700781,0
0,0.04082615516859824,0
0,0.0672230101033448,0
0,0.15672016231003394,0
0,0.05457000877586241,0
0,0.1552149547804098,0
0,0.49530652473190084,1
0,0.44031822165965767,0
0,0.029370363852335095,0
0,0.8088664502271979,1
0,0.11451898903445729,0
0,0.6973683792604557,1
0,0.04062790765368147,0
0,0.6890743451005785,1
0,0.07213492540892608,0
0,0.021814229462236656,0
0,0.14121816949783994,0
0,0.18690642539673,0
0,0.3248514231360815,0
0,0.005306268256177383,0
0,0.22354052946436279,0
0,0.0201295332390368,0
0,0.07003717401933035,0
0,0.014998957077033657,0
0,0.17951019373811933,0
0,0.037561221824878546,0
0,0.010845861044682863,0
0,0.13514667037083536,0
0,0.013287704955571644,0
0,0.36457922906027707,0
0,0.02176833710005494,0
0,0.1862604610564661,0
0,0.4319718127186678,0
0,0.014448257730056318,0
0,0.09124953557080948,0
0,0.07421682474561497,0
0,0.05510854460165593,0
0,0.1933136553739949,0
0,0.0012469750040719405,0
0,0.9952813752397632,1
0,0.04445505863893978,0
0,0.2621309962685072,0
0,0.2883876833788569,0
0,0.17127093820361933,0
0,0.2758897381778643,0
0,0.011589827105167847,0
0,0.18893584623359894,0
0,0.03625098824449286,0
0,0.4047214707811649,0
0,0.1798714438258712,0
0,0.10380267976470699,0
0,0.3254835105863087,0
0,0.14785304648150407,0
0,0.002741946135865203,0
0,0.08789130305699389,0
0,0.6764375236638511,1
0,0.12311406179367898,0
0,0.026273143456444173,0
0,0.5157471824177413,1
0,0.3522272103968259,0
0,0.0765604243769022,0
0,0.03452830088914689,0
0,0.7836023185185857,1
0,0.7572153353536428,1
0,0.5089747320685506,1
0,0.04965546187067607,0
0,0.25028439764472865,0
0,0.9640267978913378,1
0,0.1579435784520908,0
0,0.04820373828218855,0
0,0.2442213177828292,0
0,0.15726808518082805,0
0,0.01637523711842178,0
0,0.24190065350521578,0
0,0.10839970942852678,0
0,0.11077758373667065,0
0,0.049481410564761505,0
0,0.3656641707923937,0
0,0.39552496296680695,0
0,0.7043846715983366,1
0,0.038825765257019425,0
0,0.017608625901071796,0
0,0.012933530940384333,0
0,0.019461884349332118,0
0,0.4433054979261636,0
0,0.06818313877017013,0
0,0.08245475112979228,0
0,0.04240139251484939,0
0,0.19910234182075867,0
0,0.40478745923830034,0
0,0.07212141019703767,0
0,0.10268588583324771,0
0,0.38817721977884295,0
0,0.07016908635119633,0
0,0.6234449515887702,1
0,0.03485182354694901,0
0,0.45829979822719513,0
0,0.002802251514463084,0
0,0.09100727551971226,0
0,0.05342644944953888,0
0,0.04923877590433622,0
0,0.07399358863132612,0
0,0.06364290187569631,0
0,0.5149072119880566,1
0,0.015808138794525018,0
0,0.259260986976192,0
0,0.232659537147542,0
0,0.05686465694417597,0
0,0.06529999195792413,0
0,0.06645382583214408,0
0,0.3353920837513553,0
0,0.4831751162967001,0
0,0.011926033900177985,0
0,0.13116675781137754,0
0,0.8382812869178731,1
0,0.28088028094883105,0
0,0.17910819367890496,0
0,0.014130111819215075,0
0,0.12443501524096114,0
0,0.4184699960870656,0
0,0.1442715418336341,0
0,0.003143748470655335,0
0,0.1926939614901502,0
0,0.019509582813810156,0
0,0.055992276030196395,0
0,0.01161862148145271,0
0,0.016262219302547065,0
0,0.14383875193984333,0
0,0.018279806364580358,0
0,0.9479225693919435,1
0,0.7071170259085363,1
0,0.04607427553950857,0
0,0.27910983660558764,0
0,0.07478679641987565,0
0,0.02734873439540897,0
0,0.07134244020861219,0
0,0.9900706798415815,1
0,0.04748595455105113,0
0,0.20500906982910552,0
0,0.08057334142222017,0
0,0.10154818888174416,0
0,0.07113778886417883,0
0,0.6431123500382413,1
0,0.05187941001871613,0
0,0.3635355071923418,0
0,0.8049051521311694,1
0,0.1251446176401436,0
0,0.03552472093197676,0
0,0.11204783041277293,0
0,0.0681418090078115,0
0,0.07964440761394193,0
0,0.42923485132923217,0
0,0.28037849913808904,0
0,0.0764068237462249,0
0,0.1179216371226505,0
0,0.3677181601879411,0
0,0.30870758488063976,0
0,0.21284579608723053,0
0,0.0032362019804150943,0
0,0.13359429895371058,0
0,0.12164299912030119,0
0,0.0582502390477273,0
0,0.4948929902200217,1
0,0.027214936677497588,0
0,0.10226005817912623,0
0,0.5783432656510783,1
0,0.28389695221006317,0
0,0.014897327693213733,0
0,0.4561702584536913,0
0,0.23624911567148943,0
0,0.4681968267628202,0
0,0.6634655459945531,1
0,0.20156001339419036,0
0,0.027381272028031135,0
0,0.057117884696006635,0
0,0.03668637749921378,0
0,0.038028675056722236,0
0,0.229915640074241,0
0,0.9649669875337762,1
0,0.03166353059328648,0
0,0.09759186425334049,0
0,0.12913559547504755,0
0,0.08989847158049713,0
0,0.4865223840901465,0
0,0.5746350509993575,1
0,0.10927439405242043,0
0,0.07450589299924246,0
0,0.9504321112014131,1
0,0.16102545640697646,0
0,0.03655078964740795,0
0,0.11862238224959969,0
0,0.14104340201096469,0
0,0.007631852647888976,0
0,0.13734547327452948,0
0,0.12473292751227917,0
0,0.18065728531006012,0
0,0.10442303464839889,0
0,0.2545817612345202,0
0,0.09238948969431436,0
0,0.22178310542741525,0
0,0.00030910265856640205,0
0,0.1559976728632676,0
0,0.047556295020745834,0
0,0.09052338601492366,0
0,0.03934903767640326,0
0,0.05318016516523922,0
0,0.061706293173876506,0
0,0.06852311145329967,0
0,0.10032254383042893,0
0,0.01767332405754195,0
0,0.18423324080795792,0
0,0.04888480657152142,0
0,0.02872068047204888,0
0,0.37268048369553897,0
0,0.10743892777945827,0
0,0.4001143565231347,0
0,0.7420554727255181,1
0,0.00283023635085811,0
0,0.33848377488860704,0
0,0.05408909913090301,0
0,0.15011001956218792,0
0,0.0022918804481357608,0
0,0.4157398111665041,0
0,0.039635079352426744,0
0,0.024162343278402647,0
0,0.09188436983984724,0
0,0.10203466513971433,0
0,0.2849585402033432,0
0,0.582041621808814,1
0,0.06251784624897096,0
0,0.5171906563515479,1
0,0.9875814139730725,1
0,0.019196144462548467,0
0,0.07718497481561763,0
0,0.20530147022394019,0
0,0.12094383446466898,0
0,0.19116720494137163,0
0,0.011204942135896206,0
0,0.04051580016935991,0
0,0.08769538607808265,0
0,0.5274427174959165,1
0,0.30542989088920336,0
0,0.0557669032916043,0
0,0.07954125259045161,0
0,0.05140096737725624,0
0,0.12053960502415978,0
0,0.6001747278951434,1
0,0.061720625102004614,0
0,0.02108133692864733,0
0,0.10809463474706336,0
0,0.01756796264259016,0
0,0.37065343674374723,0
0,0.5216848754355164,1
0,0.1471828810259698,0
0,0.045530571444427625,0
0,0.017177671758298617,0
0,0.8703021420098607,1
0,0.018328467562053658,0
0,0.007149776716457773,0
0,0.2905698793600653,0
0,0.5897111049919416,1
0,0.00547552891876042,0
0,0.7779709177647189,1
0,0.2043014831667904,0
0,0.14921981496862974,0
0,0.23493516264987666,0
0,0.6887914841546894,1
0,0.021221638320204055,0
0,0.19605354072579959,0
0,0.02203305399763141,0
0,0.42892856669238183,0
0,0.06459849927772211,0
0,0.005824834635750367,0
0,0.14821226771850105,0
0,0.030508739794170632,0
0,0.01925871225442424,0
0,0.015565514575491973,0
0,0.06608347022285876,0
0,0.029562969230913314,0
0,0.03732342370120443,0
0,0.5550960504300368,1
0,0.447869596922747,0
0,0.4548511932813599,0
0,0.12805916752999202,0
0,0.2082905357841741,0
0,0.21255497529343595,0
0,0.04506987559431289,0
0,0.03128159325779404,0
0,0.5087668855448975,1
0,0.41161435567968524,0
0,0.032015868964989515,0
0,0.019390973694691758,0
0,0.047997446825342245,0
0,0.07551050383187193,0
0,0.019978619828099196,0
0,0.01721714021864741,0
0,0.1797819905214572,0
0,0.08808211619993304,0
0,0.01477199693902791,0
0,0.03834300879389761,0
0,0.47008769637737247,0
0,0.26276840443092986,0
0,0.2378479267838407,0
0,0.04908413977184896,0
0,0.09358025647648294,0
0,0.12850066127476722,0
0,0.7008776871584754,1
0,0.05319260360062885,0
0,0.05466064845637622,0
0,0.7453962290511433,1
0,0.9563061523733759,1
0,0.013723101675272126,0
0,0.1555036534950803,0
0,0.04778282926819428,0
0,0.14463665727823313,0
0,0.12025065759945859,0
0,0.17930713541978074,0
0,0.04177005385964611,0
0,0.030449726432586775,0
0,0.4029204012094816,0
0,0.21341473652700174,0
0,0.972037474219846,1
0,0.10402215058694826,0
0,0.19161833840818338,0
0,0.627293632919658,1
0,0.10182124092676724,0
0,0.013912033939027417,0
0,0.13827669758641506,0
0,0.0015401128994037506,0
0,0.22628179853462735,0
0,0.23802844827737377,0
0,0.11885535257406965,0
0,0.6187679404678049,1
0,0.2120688425320376,0
0,0.3927131935767366,0
0,0.10266275752137634,0
0,0.010364964590910882,0
0,0.156222648873113,0
0,0.039061188543470814,0
0,0.16047313412408212,0
0,0.9648191106157785,1
0,0.09436278210558878,0
0,0.1755296564265401,0
0,0.18775060709681943,0
0,0.010571862892780188,0
0,0.1269064688034253,0
0,0.033842063696639633,0
0,0.48906386179145894,0
0,0.06723277574658351,0
0,0.604465015195991,1
0,0.0037230451994533244,0
0,0.381252007725588,0
0,0.15813500290579632,0
0,0.559989935053235,1
0,0.7343359986643672,1
0,0.8708698646138935,1
0,0.6873713633762999,1
0,0.12019869438426911,0
0,0.8266388973617992,1
0,0.2038102547225358,0
0,0.003827053962588256,0
0,0.060492937364278514,0
0,0.0113392418057007,0
0,0.012916372696113137,0
0,0.1082956345455052,0
0,0.11955820467878074,0
0,0.2935737958926818,0
0,0.8035549166855822,1
0,0.10139740323217232,0
0,0.9591120479262486,1
0,0.2297677151949213,0
0,0.5911774114250451,1
0,0.023166874545272217,0
0,0.4407891549260417,0
0,0.031233981171359178,0
0,0.9068343135202916,1
0,0.0057574841683626825,0
0,0.007343398166643073,0
0,0.11823519818760354,0
0,0.08596242311328556,0
0,0.1999259805619763,0
0,0.06867257956276286,0
0,0.03800027672774066,0
0,0.20787516501343112,0
0,0.24562923403579495,0
0,0.5054545296559438,1
0,0.14322904579028764,0
0,0.07939082201341452,0
0,0.2969856634156592,0
0,0.2174196017537982,0
0,0.0488599191217014,0
0,0.03342101627217325,0
0,0.174031685401449,0
0,0.12342936141010251,0
0,0.08735915163409333,0
0,0.28700295233632184,0
0,0.13719943423921527,0
0,0.12168491788993395,0
0,0.0166531942912024,0
0,0.09902661299288347,0
0,0.15906163163276596,0
0,0.012222076458788771,0
0,0.07948769084880022,0
0,0.3405255750304651,0
0,0.13949646996752038,0
0,0.09996030911940341,0
0,0.29212138485951605,0
0,0.7581469141021938,1
0,0.029636755486591383,0
0,0.14070675965192328,0
0,0.07099229584771975,0
0,0.4267371798645729,0
0,0.3934822132358821,0
0,0.07020550034436891,0
0,0.09299267775115413,0
0,0.026586669175497454,0
0,0.05706969167715261,0
0,0.12590115279507688,0
0,0.03527451786326259,0
0,0.2216639803600202,0
0,0.30891478544666107,0
0,0.712103736669876,1
0,0.06299963755084473,0
0,0.6497726978486235,1
0,0.17045604346486773,0
0,0.1018933607588144,0
0,0.1776521884189243,0
0,0.3434547999027416,0
0,0.27830791349321515,0
0,0.0389467595562063,0
0,0.7582263646853404,1
0,0.01176806036148805,0
0,0.03182475082250377,0
0,0.4154204727875155,0
0,0.733775848124731,1
0,0.17612592347687278,0
0,0.32177012889260553,0
0,0.3266501820405159,0
0,0.004613728400976897,0
0,0.18399526795052062,0
0,0.6042747824120303,1
0,0.4200339167594801,0
0,0.36121240901247986,0
0,0.041859058675189846,0
0,0.06252853880736396,0
0,0.006316850404529937,0
0,0.21301657862008874,0
0,0.04217623969519203,0
0,0.13833665539092171,0
0,0.3428369093700076,0
0,0.05541797377503744,0
0,0.009949027529368333,0
0,0.35143008887043453,0
0,0.08449696999741758,0
0,0.14168334729526114,0
0,0.15791130848661233,0
0,0.3308257457845479,0
0,0.48130523946276466,0
0,0.3851775859971765,0
0,0.06409120269435452,0
0,0.02763632389218953,0
0,0.5220357463705,1
0,0.02152526644126926,0
0,0.2862653376365921,0
0,0.24707085355073602,0
0,0.01229818625064186,0
0,0.02136895318697299,0
0,0.5924810568951039,1
0,0.01144281025444836,0
0,0.17512398833894935,0
0,0.2211168640818408,0
0,0.06304559810187527,0
0,0.5389125072381823,1
0,0.7089694971576349,1
0,0.028986543046530963,0
0,0.15440520131830412,0
0,0.29954731066297785,0
0,0.49559060703112734,1
0,0.0016224313165057202,0
0,0.15242835687451978,0
0,0.13300920137953232,0
0,0.18670430799847157,0
0,0.12885508994206857,0
0,0.6920225648036087,1
0,0.05146733741829699,0
0,0.09579495066602749,0
0,0.1790876343795529,0
0,0.3413836259056386,0
0,0.07563547894772639,0
0,0.15826130781335035,0
0,0.17465813365922128,0
0,0.024737357894369955,0
0,0.4467798935622333,0
0,0.3167512539882998,0
0,0.008291303903541419,0
0,0.022753757817859058,0
0,0.4740655324313434,0
0,0.127980335912731,0
0,0.039920578880908136,0
0,0.006908385023738911,0
0,0.21939096268199962,0
0,0.1806941365519069,0
0,0.28291289320537344,0
0,0.5628284505709126,1
0,0.4102117657507267,0
0,0.009563512478106452,0
0,0.005397430670468382,0
0,0.006135493297832864,0
0,0.0655408549598367,0
0,0.5239607307844736,1
0,0.044065131390300105,0
0,0.014043534924266018,0
0,0.05075294847166386,0
0,0.40695443260791186,0
0,0.09298327611311674,0
0,0.08695874404112257,0
0,0.04394927424018774,0
0,0.052698936285822964,0
0,0.5379280407802315,1
0,0.1771482205281893,0
0,0.48234564483265147,0
0,0.7109180277524625,1
0,0.1141633730346649,0
0,0.15191990537960104,0
0,0.2733597344903841,0
0,0.017497214766917263,0
0,0.08502711734060588,0
0,0.005666402286349988,0
0,0.05903248367520096,0
0,0.047235504062826825,0
0,0.975348965756657,1
0,0.03738046951291516,0
0,0.03269966789388387,0
0,0.04185447786599465,0
0,0.041223594034876236,0
0,0.07039482695585136,0
0,0.20439180166073928,0
0,0.09874438311534893,0
0,0.10661870116568317,0
0,0.1441621142752129,0
0,0.24026739805579084,0
0,0.5071694629253523,1
0,0.060587153488201706,0
0,0.3282118620350166,0
0,0.038019232968017284,0
0,0.40387945539043535,0
0,0.04927986317456352,0
0,0.17766907559934017,0
0,0.24656332823042834,0
0,0.3271318752728189,0
0,0.04494569906985036,0
0,0.07044400027777359,0
0,0.059759281393918985,0
0,0.5249059810213219,1
0,0.1436398034020398,0
0,0.39849432853032285,0
0,0.17025102765643885,0
0,0.5302045416418811,1
0,0.11630589342990098,0
0,0.09411822356190962,0
0,0.702284821066288,1
0,0.011466565083583605,0
0,0.14244935544629095,0
0,0.06762607687954193,0
0,0.508577859968926,1
0,0.017005126647171107,0
0,0.004248801474953951,0
0,0.13317204864022947,0
0,0.1355391727162008,0
0,0.25655253814831147,0
0,0.2853205822460462,0
0,0.06388250785037915,0
0,0.1295437527988148,0
0,0.16283520983628708,0
0,0.04564162053481211,0
0,0.7152044029889204,1
0,0.21089826183312615,0
0,0.031017250228456125,0
0,0.11730799831059767,0
0,0.02351372138472494,0
0,0.03741056665361999,0
0,0.5291351787428026,1
0,0.010444472705842802,0
0,0.02574652393178335,0
0,0.28951744266307666,0
0,0.4443192699986882,0
0,0.3989889985873675,0
0,0.19078142924839592,0
0,0.0070693560178975165,0
0,0.046961818786887745,0
0,0.026637680472144952,0
0,0.044770700438236576,0
0,0.03296969849214456,0
0,0.2995108325238917,0
0,0.3363221989724039,0
0,0.7940152901187115,1
0,0.11649738676133266,0
0,0.22137779167792582,0
0,0.05148825754581508,0
0,0.30215589502242884,0
0,0.14088094146641508,0
0,0.560855314492468,1
0,0.027760843020122536,0
0,0.03654225747021409,0
0,0.012969683631844676,0
0,0.6410954911352383,1
0,0.024609702703628562,0
0,0.4518562768107621,0
0,0.13023548866660886,0
0,0.9512906856930101,1
0,0.15181736941842972,0
0,0.0029970456059844946,0
0,0.06190910477814441,0
0,0.09153033766115375,0
0,0.11760941763652448,0
0,0.0584140443662467,0
0,0.043139555703923464,0
0,0.01584117564833778,0
0,0.09122548998538524,0
0,0.079215436150734,0
0,0.04304688433030721,0
0,0.0007822099450885893,0
0,0.33854345463384683,0
0,0.045768170740252904,0
0,0.35352596803553665,0
0,0.0030775154604363916,0
0,0.018000560452696237,0
0,0.007685465069705812,0
0,0.9792763040717383,1
0,0.567217167967817,1
0,0.0045322287313553,0
0,0.10063257771273577,0
0,0.12439362054950188,0
0,0.14776304258734735,0
0,0.1362312369271823,0
0,0.015690565292590167,0
0,0.10698421860669825,0
0,0.0521972505152454,0
0,0.051328757967692255,0
0,0.1085465167310953,0
0,0.031167980996676316,0
0,0.3391844328842164,0
0,0.0490719035566116,0
0,0.09175585484197055,0
0,0.011758361529309777,0
0,0.49126825295231225,0
0,0.5229124336834489,1
0,0.26059454778430674,0
0,0.016222874975512034,0
0,0.4919140034918719,1
0,0.25866924810080333,0
0,0.27919717252833914,0
0,0.17357585027441516,0
0,0.17030511915799787,0
0,0.12284013556820951,0
0,0.2505949101970492,0
0,0.021449296202875074,0
0,0.259512478988841,0
0,0.1011565801874727,0
0,0.4978193289496505,1
0,0.03888855068110668,0
0,0.22284676043898874,0
0,0.4218151307025033,0
0,0.2809620287565936,0
0,0.006515996674788753,0
0,0.4539752755052451,0
0,0.0914727106043536,0
0,0.32424234637056476,0
0,0.03587626119698878,0
0,0.061221501210109136,0
0,0.5448610724063141,1
0,0.11916989282737146,0
0,0.057237449834088766,0
0,0.209806849481388,0
0,0.8092901572696034,1
0,0.09498198727096559,0
0,0.24075426111389048,0
0,0.4823625371136071,0
0,0.07977919245166225,0
0,0.17076883204589435,0
0,0.19922762175229777,0
0,0.2017569633609964,0
0,0.7503494895774053,1
0,0.6632100704460114,1
0,0.0036220709489382065,0
0,0.11899044494763114,0
0,0.015531987518447142,0
0,0.17433968518653561,0
0,0.004728602285825314,0
0,0.03311328113954946,0
0,0.20507801405112489,0
0,0.7333662379206872,1
0,0.1651933491397727,0
0,0.49771685712541136,1
0,0.04959581098229932,0
0,0.07040193550678298,0
0,0.15125839591100104,0
0,0.08693470471547313,0
0,0.16239007156899685,0
0,0.5086665629951418,1
0,0.12759989401346708,0
0,0.1428930234983456,0
0,0.5237886272374704,1
0,0.023729127353606327,0
0,0.1247547732068199,0
0,0.9456354274608015,1
0,0.0223626451637062,0
0,0.22552705528319386,0
0,0.35023058047941547,0
0,0.030678611127295436,0
0,0.07588481283989768,0
0,0.04441727923831512,0
0,0.06396146929615781,0
0,0.9106921996295169,1
0,0.18190847225227932,0
0,0.08596482209823704,0
0,0.08365459677931526,0
0,0.47842583329830174,0
0,0.3447139237795719,0
0,0.030396654054328093,0
0,0.32077587920209044,0
0,0.2132971646522921,0
0,0.09889156793821846,0
0,0.31740611276930436,0
0,0.036022588894006384,0
0,0.011809319849057502,0
0,0.13440080893881726,0
0,0.014120227217961471,0
0,0.19530497264921984,0
0,0.06049983669057021,0
0,0.043194075043065064,0
0,0.01389858137758322,0
0,0.15096507186167404,0
0,0.6997467851854738,1
0,0.020725197329920533,0
0,0.1449073276664837,0
0,0.3608566499660836,0
0,0.0718461395814093,0
0,0.11166867880796405,0
0,0.06349238363686896,0
0,0.12947161424080453,0
0,0.19845159679837512,0
0,0.21087894695899648,0
0,0.17925953942638412,0
0,0.5682615666760954,1
0,0.13583587031746747,0
0,0.03319285981159909,0
0,0.1995146898012539,0
0,0.12240265308710965,0
0,0.4681700992835854,0
0,0.2569567381405221,0
0,0.9196622309717812,1
0,0.06798094320756692,0
0,0.07740057895029517,0
0,0.12831060407235903,0
0,0.40717658771793896,0
0,0.3371064659656819,0
0,0.3978928438946478,0
0,0.10258944690674418,0
0,0.18374216282379605,0
0,0.030521688784971916,0
0,0.24118359091965455,0
0,0.022606074524957012,0
0,0.32987658907263356,0
0,0.10715363966276333,0
0,0.08604492644270809,0
0,0.10350858250257618,0
0,0.45145075083336783,0
0,0.09451774793790692,0
0,0.17470610392019983,0
0,0.31215956622895136,0
0,0.04267682258614877,0
0,0.07776413932276495,0
0,0.5374024040014469,1
0,0.23046114789642053,0
0,0.05416068780342741,0
0,0.09512745194831089,0
0,0.185552819513056,0
0,0.16273595846953062,0
0,0.10590693920738337,0
0,0.19076093873381245,0
0,0.8902560173326608,1
0,0.24835284044069436,0
0,0.22460764066739694,0
0,0.09375574440695009,0
0,0.7261553270694787,1
0,0.07128029825435242,0
0,0.0642978655293937,0
0,0.00813142169633832,0
0,0.4164907968901791,0
0,0.21038803882583243,0
0,0.39096428458714305,0
0,0.03123731797211755,0
0,0.4907662216092373,0
0,0.2084713983100452,0
0,0.3634147000907203,0
0,0.08451587068565139,0
0,0.1149996275087824,0
0,0.08319818734363062,0
0,0.1646686159685019,0
0,0.06513786529056613,0
0,0.7506052695033087,1
0,0.009548725577009356,0
0,0.3740930732603481,0
0,0.7152286147561182,1
0,0.02529656003610194,0
0,0.24899902635570859,0
0,0.25437149358025046,0
0,0.24050709294673212,0
0,0.0010549263674802468,0
0,0.13923679425661703,0
0,0.10682816512677623,0
0,0.010607749753641326,0
0,0.3384663780983767,0
0,0.04579958010370848,0
0,0.18233112771813362,0
0,0.27654330159501517,0
0,0.5907816182756999,1
0,0.05451260596868772,0
0,0.007127938993613845,0
0,0.10863681641497569,0
0,0.25709669706586785,0
0,0.026946285745672705,0
0,0.03374256614502747,0
0,0.2601169008712449,0
0,0.5477019733997688,1
0,0.19260276303927762,0
0,0.0913604524994338,0
0,0.03084639011930797,0
0,0.03514511765287975,0
0,0.04899507498802074,0
0,0.14365429671333105,0
0,0.01903870037516701,0
0,0.07833465736353547,0
0,0.20535302233225997,0
0,0.09523612964276242,0
0,0.4899166966215636,0
0,0.9775770715456287,1
0,0.01530803143754462,0
0,0.0623942744383415,0
0,0.11430560791590111,0
0,0.277125853425037,0
0,0.031016045708812053,0
0,0.025165765807311426,0
0,0.056872352489340826,0
0,0.05857102943537469,0
0,0.22890979686988613,0
0,0.18450683996939157,0
0,0.12405141015868468,0
0,0.05665868570353341,0
0,0.22802549999276775,0
0,0.17530147755324266,0
0,0.41148284941273694,0
0,0.018419342590170647,0
0,0.11078975969099024,0
0,0.06588188575798415,0
0,0.20128960583942487,0
0,0.8778831059867319,1
0,0.1540635896566678,0
0,0.006211167963409905,0
0,0.11989525354567648,0
0,0.38924993224839166,0
0,0.11452189941940302,0
0,0.01879563018817229,0
0,0.8980385711536849,1
0,0.2624412563310986,0
0,0.6225263885729342,1
0,0.04005218704578728,0
0,0.30434401139328604,0
0,0.0955673797127115,0
0,0.06006217605030207,0
0,0.06859477382312058,0
0,0.27996386793800476,0
0,0.06731215013598191,0
0,0.1573133377833755,0
0,0.05887317262221165,0
0,0.09240359575494023,0
0,0.550982834996188,1
0,0.14150750699831283,0
0,0.35452915318007405,0
0,0.037620424736846694,0
0,0.26981615156024247,0
0,0.25883272056397083,0
0,0.5735528779131194,1
0,0.06260035046775342,0
0,0.0384820195710137,0
0,0.02482643745884427,0
0,0.14609616478853224,0
0,0.005152390047267354,0
0,0.0003151640449420607,0
0,0.6145603267654964,1
0,0.4207703078618983,0
0,0.023002758105272365,0
0,0.3953238087342134,0
0,0.08778031997284744,0
0,0.2912554440461189,0
0,0.3304897056697149,0
0,0.004514356603349964,0
0,0.02294780720131752,0
0,0.8248967070099875,1
0,0.09676600829047433,0
0,0.5449627196137392,1
0,0.186005495782191,0
0,0.1078695117007052,0
0,0.3817509492590206,0
0,0.031239187026908633,0
0,0.08572472183520582,0
0,0.0789856756399021,0
0,0.3486176888424119,0
0,0.10682618822849205,0
0,0.037965238863744304,0
0,0.10593050005752487,0
0,0.1260779422150332,0
0,0.303842187187625,0
0,0.03735796491864656,0
0,0.09387036688845224,0
0,0.055799258286983636,0
0,0.10965073435921138,0
0,0.03312110828792614,0
0,0.2347925973890378,0
0,0.2509441171640138,0
0,0.5074728258216697,1
0,0.014407873771677557,0
0,0.309636243780013,0
0,0.0038990841062075286,0
0,0.22497654630733976,0
0,0.02314177151028719,0
0,0.002540851122777939,0
0,0.22882318982244312,0
0,0.03293968247032307,0
0,0.018697879300868803,0
0,0.07739982775768842,0
0,0.014478390749076517,0
0,0.03678678133681071,0
0,0.1808545019823931,0
0,0.05197821455909349,0
0,0.06946701998295632,0
0,0.3205972395270604,0
0,0.11339862606734889,0
0,0.3118375976777775,0
0,0.004145793981345965,0
0,0.08239121200582564,0
0,0.04197031703350111,0
0,0.005731440192303142,0
0,0.054162626489958454,0
0,0.07881382526673261,0
0,0.007226614948485722,0
0,0.403757995407326,0
0,0.12293662001356268,0
0,0.0851705106578477,0
0,0.14267292163553652,0
0,0.5674271409386328,1
0,0.01432802742767624,0
0,0.29991166313515927,0
0,0.03783887763217853,0
0,0.38723560865023476,0
0,0.07852418427850805,0
0,0.002967093920778665,0
0,0.11088047907344287,0
0,0.9102662199808305,1
0,0.2697393218793394,0
0,0.19386478034859603,0
0,0.04607058094548598,0
0,0.009073359147170069,0
0,0.05571345870910967,0
0,0.3750621359144351,0
0,0.06567549843490708,0
0,0.2949857353959116,0
0,0.4137920852035954,0
0,0.016825344986143933,0
0,0.03335546739660918,0
0,0.25493012659766734,0
0,0.01557333046399849,0
0,0.19641366098938223,0
0,0.34611164117749865,0
0,0.466266343770612,0
0,0.21191321926128512,0
0,0.1361699238982961,0
0,0.014090826004207654,0
0,0.09495280479585844,0
0,0.19719225445003966,0
0,0.23310925840501162,0
0,0.06912269847462364,0
0,0.008493019518025368,0
0,0.25555925030661736,0
0,0.1106820450033959,0
0,0.29984173904649036,0
0,0.009319912082665843,0
0,0.28803489007165217,0
0,0.02921042183548582,0
0,0.08800478157014005,0
0,0.5351011543633386,1
0,0.09536960507273091,0
0,0.07201524199403607,0
0,0.12229931576601234,0
0,0.08971592813692378,0
0,0.04176909976712667,0
0,0.03870508808636422,0
0,0.16763068382479504,0
0,0.18186473165222664,0
0,0.0184030021470217,0
0,0.6896367521946044,1
0,0.4294270809842939,0
0,0.14907328199024153,0
0,0.023820822599992846,0
0,0.12772866795422622,0
0,0.005458229807126244,0
0,0.17541144796757793,0
0,0.04521220782575293,0
0,0.46272915693370964,0
0,0.5976677158282498,1
0,0.06561986219456008,0
0,0.011765512592956275,0
0,0.0053471515285991094,0
0,0.0654588995242461,0
0,0.30344208501082504,0
0,0.17142540786287397,0
0,0.07174149800405143,0
0,0.015279685255716394,0
0,0.009241478870610425,0
0,0.17234307382135286,0
0,0.06840383147079326,0
0,0.35944926629570645,0
0,0.7495542547569795,1
0,0.14215369833578978,0
0,0.4811132621790348,0
0,0.4935962452209794,1
0,0.16228668359180384,0
0,0.19468629440125917,0
0,0.3251756016383949,0
0,0.5566115060352796,1
0,0.06367473531687516,0
0,0.022075566189495025,0
0,0.684389127214697,1
0,0.3604714988374088,0
0,0.12420590093705375,0
0,0.27936682980940625,0
0,0.5060438294966649,1
0,0.3395948370108024,0
0,0.026724396489882327,0
0,0.2254005858277851,0
0,0.08127294950171339,0
0,0.5840450995918156,1
0,0.0062556380372899255,0
0,0.5515630562708502,1
0,0.3114940331257571,0
0,0.02242752568431214,0
0,0.07194316633951986,0
0,0.028722424091818487,0
0,0.03401789626996941,0
0,0.053487017098335206,0
0,0.1485807002297154,0
0,0.03495573537416552,0
0,0.01885674967113864,0
0,0.902330262690546,1
0,0.016727688409429092,0
0,0.19996685047717955,0
0,0.3256064699360933,0
0,0.08795484436304021,0
0,0.019282771184887998,0
0,0.130248290180246,0
0,0.00467662926586621,0
0,0.11983885202508525,0
0,0.5241372998272317,1
0,0.027858054365131692,0
0,0.7504238058328145,1
0,0.5515470954543041,1
0,0.07388401392757193,0
0,0.2827566676517879,0
0,0.30630612311588273,0
0,0.034015616197601836,0
0,0.03865608345935111,0
0,0.011404256140647329,0
0,0.04613252843406582,0
0,0.02927386377420956,0
0,0.2226195968759757,0
0,0.5218018271270815,1
0,0.303742708320662,0
0,0.007508408771654728,0
0,0.02747390641549727,0
0,0.14545681153550288,0
0,0.16754920973132797,0
0,0.003726223911146031,0
0,0.07654089948968336,0
0,0.14224528862812236,0
0,0.05749639573586507,0
0,0.014192266080950833,0
0,0.08219130872009216,0
0,0.04689466658357289,0
0,0.023061804631965152,0
0,0.14801715521869288,0
0,0.04632450131895458,0
0,0.03543036719016945,0
0,0.07747554629441634,0
0,0.27596020626944284,0
0,0.08307017572359246,0
0,0.1650315077705415,0
0,0.02424279934837265,0
0,0.11980142850853864,0
0,0.5358714936001177,1
0,0.0764399252567191,0
0,0.15155214810707474,0
0,0.43413500710847924,0
0,0.15688869994653387,0
0,0.02064662460596979,0
0,0.10582117411449983,0
0,0.2743971371624085,0
0,0.11579268784879046,0
0,0.5500602702232757,1
0,0.24907595283726036,0
0,0.05433617461551992,0
0,0.03425819821533209,0
0,0.002096853435447506,0
0,0.6784638242478264,1
0,0.7139702581800411,1
0,0.3857854242370892,0
0,0.10767556627593362,0
0,0.2028049580571283,0
0,0.2231206172057825,0
0,0.05327255192231929,0
0,0.6176622831474029,1
0,0.19223195633824877,0
0,0.24461161865184314,0
0,0.29619720205766,0
0,0.04855666656939785,0
0,0.06745331931425749,0
0,0.02077895408284465,0
0,0.13599427649958407,0
0,0.15104497150448262,0
0,0.05510682535978808,0
0,0.3428414980845651,0
0,0.03803464037906931,0
0,0.09916965035588807,0
0,0.04214586843536938,0
0,0.2495676559248931,0
0,0.5144706418313882,1
0,0.02626707626903968,0
0,0.04892944022996605,0
0,0.1131452672070583,0
0,0.1601797861026711,0
0,0.14273264923631618,0
0,0.13544845654794768,0
0,0.0517767146422382,0
0,0.0827215333696785,0
0,0.39184923134714983,0
0,0.5811227804935125,1
0,0.03289452616505276,0
0,0.24657930942045042,0
0,0.00955518077902571,0
0,0.023218352544842214,0
0,0.2923860679893928,0
0,0.268097093394914,0
0,0.07674365392369145,0
0,0.20069634138595505,0
0,0.04689504683529498,0
0,0.015336005644357496,0
0,0.013408430540575689,0
0,0.1420988352773304,0
0,0.12076997549460429,0
0,0.02935842350438954,0
0,0.17772876056400144,0
0,0.040794044421886035,0
0,0.03230522122561847,0
0,0.075435634262962,0
0,0.09029886945685907,0
0,0.23810490894310793,0
0,0.09375172691933292,0
0,0.2396864574402593,0
0,0.2790346648904155,0
0,0.011526825030947025,0
0,0.01765798877087387,0
0,0.2678465869572167,0
0,0.22634655115097427,0
0,0.16643652983039567,0
0,0.07133086403064255,0
0,0.0776770966012622,0
0,0.2314498483098257,0
0,0.06868837311548505,0
0,0.18930965190908133,0
0,0.02208794687452012,0
0,0.06863837795926311,0
0,0.08397225402008501,0
0,0.016251169136234162,0
0,0.10312913979415728,0
0,0.32318923182741444,0
0,0.30941108208468626,0
0,0.20886854550643305,0
0,0.11208991380151483,0
0,0.04949138576115973,0
0,0.3861586938311059,0
0,0.05984178064616805,0
0,0.01497781947122117,0
0,0.18622241964950909,0
0,0.02649792769852873,0
0,0.06654191286959564,0
0,0.05769387747037835,0
0,0.1305119646608326,0
0,0.14595825616623098,0
0,0.14060630845224373,0
0,0.648347512526402,1
0,0.08908706638021256,0
0,0.4065764978880833,0
0,0.6839343502748808,1
0,0.3222094521543945,0
0,0.49158349865662576,1
0,0.2429098681779661,0
0,0.2173488243893417,0
0,0.12963677814447913,0
0,0.3184294020013202,0
0,0.18863358536274005,0
0,0.7906306091264753,1
0,0.47176961477111484,0
0,0.0030050378017583562,0
0,0.31725069595918715,0
0,0.008082348190939902,0
0,0.18662585717669775,0
0,0.012875909204820644,0
0,0.07008777263600041,0
0,0.421233193636482,0
0,0.052967494232719625,0
0,0.3846442797973415,0
0,0.12588004068135597,0
0,0.16957982196727264,0
0,0.12704174877301733,0
0,0.12392907266038658,0
0,0.030012224670830437,0
0,0.05086466841485003,0
0,0.08038085313491017,0
0,0.09876582766999727,0
0,0.005235949368166127,0
0,0.5520306673078782,1
0,0.060825547633688554,0
0,0.13404639953455508,0
0,0.0576199652461653,0
0,0.001932426373858353,0
0,0.15541791433541152,0
0,0.3905646479795422,0
0,0.06015610720370536,0
0,0.14081324924464514,0
0,0.06835561845415264,0
0,0.4033453856880986,0
0,0.577820571376704,1
0,0.5055858949925348,1
0,0.35066484385156527,0
0,0.05642006688191095,0
0,0.5851232883356152,1
0,0.09694110102147693,0
0,0.2086253699771619,0
0,0.1665925516118389,0
0,0.20676719066650803,0
0,0.2047614684508965,0
0,0.006650716548456861,0
0,0.16562460934451836,0
0,0.6677127803329292,1
0,0.059031269531950294,0
0,0.15252899529461042,0
0,0.2103511578350579,0
0,0.14100110677381233,0
0,0.07358539329728322,0
0,0.01121071394693325,0
0,0.12391318711572695,0
0,0.8539166969447626,1
0,0.09630504063964564,0
0,0.6104591984619832,1
0,0.3573797351474907,0
0,0.05309942349817849,0
0,0.370497597725563,0
0,0.28631864218865277,0
0,0.024197221739677904,0
0,0.1382853310142942,0
0,0.6412234244386442,1
0,0.08292121375571558,0
0,0.6515626634416881,1
0,0.5525340189217771,1
0,0.07039904133067627,0
0,0.22262160732672956,0
0,0.07367835429996836,0
0,0.9825569223580136,1
0,0.0444133324609781,0
0,0.017608215520583812,0
0,0.06613503543712838,0
0,0.031613600150801835,0
0,0.05177522063002748,0
0,0.42622067351111026,0
0,0.30668855111585563,0
0,0.42426292663852255,0
0,0.08959674488390243,0
0,0.046322482004228345,0
0,0.04166988607184211,0
0,0.06001440828250806,0
0,0.6387463316564512,1
0,0.6446257122738112,1
0,0.16239501731058872,0
0,0.0750915445469146,0
0,0.01711233959782041,0
0,0.31548219455671195,0
0,0.008540395999463808,0
0,0.25082864137765687,0
0,0.048335309678560937,0
0,0.22583243640777897,0
0,0.04885785786551581,0
0,0.014640585714166637,0
0,0.1286441861089075,0
0,0.04644312424511978,0
0,0.172364846944783,0
0,0.052506369268153726,0
0,0.07991006604787007,0
0,0.023441213061481468,0
0,0.25337035214782766,0
0,0.10204319531453694,0
0,0.2346553742989838,0
0,0.3313313350002474,0
0,0.029982392736754106,0
0,0.22160433219577974,0
0,0.05442479414071559,0
0,0.12300637132870222,0
0,0.2809466152661707,0
0,0.5532377168481011,1
0,0.03330420416202629,0
0,0.013513580548076455,0
0,0.1862854924205706,0
0,0.004881616583739569,0
0,0.7290574452445228,1
0,0.3775623281343776,0
0,0.39022028374200485,0
0,0.22197551668709586,0
0,0.022936020030452958,0
0,0.06011015226268048,0
0,0.13909688775973336,0
0,0.08092110718807541,0
0,0.013905413442155973,0
0,0.4171876575617544,0
0,0.1415013016665006,0
0,0.030518635445893588,0
0,0.022109487794338762,0
0,0.13623087278491988,0
0,0.07567236927990181,0
0,0.14451395892930505,0
0,0.5693393703996238,1
0,0.04491186806885762,0
0,0.14220441213062335,0
0,0.10082621375393419,0
0,0.016491260537134924,0
0,0.07017536647078021,0
0,0.19370785657452957,0
0,0.034372276910055885,0
0,0.8407005034145008,1
0,0.04207225970021614,0
0,0.09868305294046234,0
0,0.046974619907254656,0
0,0.1230005700513856,0
0,0.09378694263960075,0
0,0.7303785464560767,1
0,0.09737233893595507,0
0,0.11529866046342536,0
0,0.6963638827171253,1
0,0.1846341699157448,0
0,0.0423350908069146,0
0,0.08775955816667892,0
0,0.15785841328723157,0
0,0.13973428353204884,0
0,0.2266332869603979,0
0,0.26641011607365395,0
0,0.19729878546952379,0
0,0.11367415079332728,0
0,0.041122646250648286,0
0,0.02362218956337197,0
0,0.2062762084881833,0
0,0.08241186208333728,0
0,0.03437752439784848,0
0,0.10499305255943565,0
0,0.03891481892094883,0
0,0.10632095298838407,0
0,0.09866912474474727,0
0,0.6552066910900511,1
0,0.18631482052030748,0
0,0.5980859088263422,1
0,0.04488788997351635,0
0,0.27885491340059443,0
0,0.018602799446280408,0
0,0.05564089782480283,0
0,0.03552165442013614,0
0,0.012090893047548798,0
0,0.3923061303458019,0
0,0.10198129682485456,0
0,0.026026446367457913,0
0,0.488077696289313,0
0,0.33343727693263536,0
0,0.0010096956587540588,0
0,0.0136589617379466,0
0,0.48742662335526654,0
0,0.1309550714036992,0
0,0.14187910487466007,0
0,0.27854296144878965,0
0,0.022512003770289685,0
0,0.5650720355609138,1
0,0.06230283570976381,0
0,0.11169979977356814,0
0,0.04095603748081186,0
0,0.2224665962574621,0
0,0.3601789725805164,0
0,0.7146737430079223,1
0,0.05131079703250481,0
0,0.8223088773662602,1
0,0.5746974512665949,1
0,0.5711184004639502,1
0,0.9544879628921804,1
0,0.008309545552090606,0
0,0.3118596183031893,0
0,0.0430717157991069,0
0,0.03139106991940256,0
0,0.5547090217009322,1
0,0.12793712359588977,0
0,0.006339870900067479,0
0,0.09360293337148606,0
0,0.07735194582531904,0
0,0.04585299699759812,0
0,0.10029580105701923,0
0,0.21391089818886283,0
0,0.18692435658073844,0
0,0.28015754163003126,0
0,0.8739512337438883,1
0,0.13282671796576995,0
0,0.12056065955505373,0
0,0.049256962593927166,0
0,0.1820904267426702,0
0,0.027110984415029623,0
0,0.07021379984521042,0
0,0.11434853576315968,0
0,0.2697970248323651,0
0,0.027524311689080073,0
0,0.00013079424862722433,0
0,0.10883939574329587,0
0,0.030308213836693184,0
0,0.13874851362949525,0
0,0.25288425622549887,0
0,0.025690359931141698,0
0,0.8088800143132538,1
0,0.01756579328264932,0
0,0.4258992932023959,0
0,0.18982538448524877,0
0,0.11812510329247211,0
0,0.4875840284062807,0
0,0.17015418737912139,0
0,0.19703078134214264,0
0,0.8167706046806045,1
0,0.21406508041863018,0
0,0.2500301846750873,0
0,0.6133662769476524,1
0,0.20987282548844288,0
0,0.036914055894017396,0
0,0.8220448313934351,1
0,0.15244754657173276,0
0,0.0934837733847331,0
0,0.02219374429147461,0
0,0.6780287259881693,1
0,0.025462805347634468,0
0,0.5657824632200059,1
0,0.28732972672825813,0
0,0.048263681509576,0
0,0.05175955850406246,0
0,0.0915812728268379,0
0,0.20303479919090114,0
0,0.03782131838766355,0
0,0.21281527606797093,0
0,0.47851454815721933,0
0,0.33484921799055317,0
0,0.4874549209112318,0
0,0.017774692359516932,0
0,0.12096148520543436,0
0,0.14323766918641428,0
0,0.050048154502347966,0
0,0.1791651568360936,0
0,0.015191183438275618,0
0,0.02856804047167244,0
0,0.06647250741677874,0
0,0.20030598184016998,0
0,0.6017703993164409,1
0,0.15674669306346609,0
0,0.02463662731910147,0
0,0.04694097125329776,0
0,0.688101191906878,1
0,0.09630829332602416,0
0,0.06180854676856085,0
0,0.45437878788849345,0
0,0.7233912640752214,1
0,0.36440763256469766,0
0,0.28839945717474824,0
0,0.013282281243556163,0
0,0.092930266603719,0
0,0.8862373165262846,1
0,0.016728388113545718,0
0,0.9051072971316385,1
0,0.4629050383960271,0
0,0.3524459388816594,0
0,0.019592288905030807,0
0,0.151094836275361,0
0,0.6029343539568325,1
0,0.027594100540120067,0
0,0.11418594492465522,0
0,0.05603141253372269,0
0,0.19590637947811246,0
0,0.009405499888216623,0
0,0.3143241894254703,0
0,0.08770017013031108,0
0,0.044618310255391265,0
0,0.041988214315036285,0
0,0.014988956748305936,0
0,0.736856149736931,1
0,0.3686920338305943,0
0,0.051434013873375775,0
0,0.29121794773726983,0
0,0.12510383675338674,0
0,0.5138663904391847,1
0,0.46799825994238636,0
0,0.007795442884917989,0
0,0.02159351921714535,0
0,0.05624575055748299,0
0,0.06046494991212974,0
0,0.43682790026548457,0
0,0.052111297270969276,0
0,0.0027946272524264587,0
0,0.7821256643752371,1
0,0.2724929892813624,0
0,0.02548067342263349,0
0,0.006294816276369123,0
0,0.07225026948163696,0
0,0.105053274431772,0
0,0.20052516285238406,0
0,0.09301821777262571,0
0,0.0684396458544756,0
0,0.2738954467822219,0
0,0.015832096738842196,0
0,0.028588201027336925,0
0,0.04736508963789076,0
0,0.030269573354684644,0
0,0.03983031511499021,0
0,0.5048027012484814,1
0,0.026840886258572866,0
0,0.058595960150606814,0
0,0.159200900875689,0
0,0.1906552741415504,0
0,0.18819949351006174,0
0,0.1309611813982015,0
0,0.13280311825972566,0
0,0.06532098142482692,0
0,0.6690540014208743,1
0,0.22488910664008793,0
0,0.2974062117503936,0
0,0.18038218285207655,0
0,0.09133190242681581,0
0,0.024770805464089433,0
0,0.007849578626134855,0
0,0.4747645046531874,0
0,0.21591989121464014,0
0,0.12713257973415854,0
0,0.17000926527484808,0
0,0.396016335287977,0
0,0.08445834232383315,0
0,0.10374717136542262,0
0,0.027471269045048135,0
0,0.5532158256724602,1
0,0.2185579509040385,0
0,0.10878987029857153,0
0,0.5600502879985378,1
0,0.27046051347455713,0
0,0.03993758410771329,0
0,0.06718510530312939,0
0,0.12274525637273762,0
0,0.7263873596287833,1
0,0.05714745105168098,0
0,0.026994670176920244,0
0,0.024984539758458286,0
0,0.19113713795681814,0
0,0.1488186299200502,0
0,0.23265663330621758,0
0,0.1568330737512412,0
0,0.04676265593497884,0
0,0.8804893179501588,1
0,0.2917983737839148,0
0,0.08503754099520476,0
0,0.13450405096992632,0
0,0.8269035770330458,1
0,0.037374715700326785,0
0,0.162762369331922,0
0,0.08343111146916299,0
0,0.039008873222714735,0
0,0.054247572138779024,0
0,0.06574159911875305,0
0,0.12008749482268441,0
0,0.054005905552299754,0
0,0.5362852969527165,1
0,0.20181897228127355,0
0,0.5129855070932798,1
0,0.04382623187022798,0
0,0.5791616454162929,1
0,0.24311754245934894,0
0,0.018435902424010563,0
0,0.011801670375075424,0
0,0.13201789341427334,0
0,0.18274090223514367,0
0,0.024529495057834538,0
0,0.11247768944361856,0
0,0.20809608476376537,0
0,0.023043794603220244,0
0,0.04870903028971444,0
0,0.7047555507438259,1
0,0.0322087505572959,0
0,0.33773392394833174,0
0,0.05482565942992752,0
0,0.6508314359398646,1
0,0.05337990767573512,0
0,0.0905991225364664,0
0,0.04099388856970688,0
0,0.10169296097073299,0
0,0.8112744747040173,1
0,0.2297296375205805,0
0,0.16428951395911917,0
0,0.06550078353593707,0
0,0.34754477093286834,0
0,0.5832660026517009,1
0,0.048992060678024814,0
0,0.6280508399995635,1
0,0.9007653887113978,1
0,0.04614307088831436,0
0,0.00660894587869611,0
0,0.5057723633841121,1
0,0.10388015566748121,0
0,0.6274265110284482,1
0,0.006870490827569067,0
0,0.3765374315454586,0
0,0.04719216744204666,0
0,0.048256707876056806,0
0,0.6114276044813776,1
0,0.06126817806940241,0
0,0.8124040668783844,1
0,0.49111722108048544,0
0,0.05219996622457101,0
0,0.6056945096998864,1
0,0.05521010030324596,0
0,0.3282462975262422,0
0,0.0037881822825413885,0
0,0.13081470130295886,0
0,0.36860298651831547,0
0,0.061430729307492174,0
0,0.038754535365505154,0
0,0.14536854205716496,0
0,0.6097177903957797,1
0,0.38774232253776025,0
0,0.08530505771093976,0
0,0.501506692086581,1
0,0.17817485911449776,0
0,0.03899594542301546,0
0,0.9160705472456843,1
0,0.03835574962259723,0
0,0.03197205066233481,0
0,0.001995985394042818,0
0,0.15286394328001784,0
0,0.09646109959323715,0
0,0.4246531889147591,0
0,0.16516646385737707,0
0,0.032632758561468314,0
0,0.11347986034827674,0
0,0.11821724298867052,0
0,0.16132867502414897,0
0,0.039939559060971505,0
0,0.034091059988759435,0
0,0.032188056988415335,0
0,0.08492639377449658,0
0,0.46431109622050004,0
0,0.09505673614438115,0
0,0.012287434015542463,0
0,0.26819612700260476,0
0,0.08642035858571741,0
0,0.052086634240982775,0
0,0.12564611377941137,0
0,0.03734543895110654,0
0,0.014676664705169111,0
0,0.08436374841727505,0
0,0.9568998211492893,1
0,0.025069348583624643,0
0,0.1557258114484561,0
0,0.5586792577323951,1
0,0.027590896647459996,0
0,0.17563378137322175,0
0,0.4644050324287057,0
0,0.3620391406059797,0
0,0.7384289518342094,1
0,0.10487739739861357,0
0,0.0103305369264776,0
0,0.20863998129615963,0
0,0.02889767833174075,0
0,0.573268529281948,1
0,0.07195805527675207,0
0,0.01789137521534484,0
0,0.15768498888722474,0
0,0.07540536504842021,0
0,0.1484508944078027,0
0,0.20047816205377678,0
0,0.03005909065635285,0
0,0.9247874621607656,1
0,0.7967738344259558,1
0,0.1968832513371679,0
0,0.438007971396448,0
0,0.05531932480593641,0
0,0.3603209189821206,0
0,0.15042620257891956,0
0,0.033804551225711015,0
0,0.014712247113130772,0
0,0.06075437874237152,0
0,0.08930517614197528,0
0,0.7564564260296857,1
0,0.01886782470001797,0
0,0.14281827921179246,0
0,0.4453429806266315,0
0,0.1465673417844001,0
0,0.050821251759528105,0
0,0.725969381202025,1
0,0.13272898118167445,0
0,0.553857792266005,1
0,0.025667443490125445,0
0,0.15693317235709667,0
0,0.22121251461499875,0
0,0.17102870117479768,0
0,0.044175722283911416,0
0,0.8949024436538003,1
0,0.024585049807692258,0
0,0.7004204114522877,1
0,0.01653669745683969,0
0,0.0873823677001496,0
0,0.3176092787280791,0
0,0.9920141069361856,1
0,0.1297483755222916,0
0,0.03909314811652948,0
0,0.01702893921000945,0
0,0.12500544093890692,0
0,0.31782545807034923,0
0,0.07536864203570545,0
0,0.2914269388242509,0
0,0.031187118473211272,0
0,0.2963560808845512,0
0,0.013426803290092324,0
0,0.22267495669088563,0
0,0.12297889626373494,0
0,0.2653776385504846,0
0,0.10857923852898875,0
0,0.13418847646357843,0
0,0.20169052458161052,0
0,0.3514301406069949,0
0,0.04129800964402496,0
0,0.8290454141939059,1
0,0.2774301655646603,0
0,0.12922055856142947,0
0,0.5284776183781167,1
0,0.6571156481931519,1
0,0.18608505207774004,0
0,0.06982217850728625,0
0,0.2012548368991013,0
0,0.27130562219019744,0
0,0.4607198623460564,0
0,0.203324693250777,0
0,0.025885121901085287,0
0,0.01862443856015702,0
0,0.12632827224226867,0
0,0.028211225871764868,0
0,0.24647950404182636,0
0,0.10535779008444154,0
0,0.16199314523648656,0
0,0.03609865711794534,0
0,0.08022505593476689,0
0,0.42171406778369075,0
0,0.8454587146477013,1
0,0.18962425853908546,0
0,0.09604131930369578,0
0,0.042125501914319706,0
0,0.45949893730069097,0
0,0.1301374139274592,0
0,0.0668211962600706,0
0,0.018110493402669504,0
0,0.024856069378114607,0
0,0.4739887416736958,0
0,0.007275079584163217,0
0,0.11758194332273937,0
0,0.4469812685101513,0
0,0.06847996086461387,0
0,0.18998206963722306,0
0,0.05196615457025496,0
0,0.07571814765989116,0
0,0.029408452643167906,0
0,0.11250516055591105,0
0,0.4496203821111508,0
0,0.438702379135144,0
0,0.0004389220154525018,0
0,0.4687333955440379,0
0,0.2516563630579174,0
0,0.05353406414115858,0
0,0.0456331761210921,0
0,0.1540314662328711,0
0,0.014848573323692965,0
0,0.8860585287197669,1
0,0.1469024955751566,0
0,0.2990759411903956,0
0,0.17883513583572178,0
0,0.04633273797173479,0
0,0.08911441171655742,0
0,0.29763613248515924,0
0,0.06917908453192449,0
0,0.2387008062565608,0
0,0.24744072516675014,0
0,0.021301535621949422,0
0,0.09407454198811999,0
0,0.13149714368119592,0
0,0.4157737638680854,0
0,0.20046132426021557,0
0,0.16901373828792268,0
0,0.1831681056078891,0
0,0.12169045016774757,0
0,0.04592532899731322,0
0,0.36087194525515537,0
0,0.009360006621685771,0
0,0.41926056910584864,0
0,0.09771760063651208,0
0,0.02894337126338202,0
0,0.023230767659119564,0
0,0.8151774350078378,1
0,0.799611499761818,1
0,0.10621347804234559,0
0,0.20424651207911984,0
0,0.024804603228725016,0
0,0.01557204214607132,0
0,0.07511258420744102,0
0,0.03830857347813049,0
0,0.010870635764596435,0
0,0.013881417612458842,0
0,0.01349029151571776,0
0,0.21043494592214443,0
0,0.294851024185197,0
0,0.12347602075682784,0
0,0.2917088260602264,0
0,0.03573777993806423,0
0,0.43377507571902685,0
0,0.2789316889489513,0
0,0.17248614551072233,0
0,0.08973436476705277,0
0,0.4352263977379328,0
0,0.10781969323382166,0
0,0.022827598132020187,0
0,0.09116973029907166,0
0,0.007114496757876557,0
0,0.0152701603150131,0
0,0.4210742810402255,0
0,0.025116104355407984,0
0,0.20453111988647024,0
0,0.030483176172025294,0
0,0.0018973356269570744,0
0,0.6756214280341285,1
0,0.2610925039802268,0
0,0.324186224081012,0
0,0.05244404173196566,0
0,0.006222453158378339,0
0,0.0299829643271422,0
0,0.012249900954249519,0
0,0.5776776023160074,1
0,0.32033559779096155,0
0,0.012393231413649255,0
0,0.05778351286358289,0
0,0.233520612325735,0
0,0.1819840377289368,0
0,0.31697110745148566,0
0,0.4099063744121128,0
0,0.341166981177394,0
0,0.1157283234799193,0
0,0.10751800963340091,0
0,0.08298034288031951,0
0,0.11749991954840504,0
0,0.37883500551482974,0
0,0.017081105059168267,0
0,0.09586748096358802,0
0,0.3224693298028074,0
0,0.8526968452470831,1
0,0.06384030525134582,0
0,0.5552562627421975,1
0,0.04186857172106705,0
0,0.5267913562381813,1
0,0.2514142773143161,0
0,0.0564033153664123,0
0,0.05083520818084456,0
0,0.1495434918143973,0
0,0.01346001312617847,0
0,0.10525133978198332,0
0,0.24423606457778133,0
0,0.15373554054371869,0
0,0.0895635245626177,0
0,0.23865717393055036,0
0,0.28236279910748036,0
0,0.13584095218881997,0
0,0.04307156306827142,0
0,0.053074631009311854,0
0,0.20567085821650793,0
0,0.10274300836799827,0
0,0.8437966658074304,1
0,0.1666234467988078,0
0,0.09197033395037564,0
0,0.12103035808655122,0
0,0.008787602183659352,0
0,0.052631811299658444,0
0,0.5867258257156355,1
0,0.18360742182352194,0
0,0.15621458756193657,0
0,0.0017325839850886927,0
0,0.09649508374224414,0
0,0.484133596048961,0
0,0.10047699260254207,0
0,0.11846541297018749,0
0,0.025569903218993585,0
0,0.03819583757324708,0
0,0.25178606805362813,0
0,0.7924735376836199,1
0,0.0847848101858602,0
0,0.4356099270618861,0
0,0.15961621201346157,0
0,0.07343820973035592,0
0,0.006647266936588751,0
0,0.060070206254643294,0
0,0.03979093398411874,0
0,0.778932382094123,1
0,0.023074266092530764,0
0,0.53622479746455,1
0,0.26858021652953734,0
0,0.056471646368283654,0
0,0.09575811261689478,0
0,0.17728679389491278,0
0,0.28694473988362207,0
0,0.23179230265267753,0
0,0.1351473875052207,0
0,0.2971637649988262,0
0,0.5585567309130588,1
0,0.0596259050341576,0
0,0.09381603868388214,0
0,0.33322725104385537,0
0,0.1265013312878999,0
0,0.015925462719039784,0
0,0.9103528654390465,1
0,0.2891807269496566,0
0,0.08670112048726014,0
0,0.15437271017249724,0
0,0.27488551480296014,0
0,0.04925304001476541,0
0,0.0829837909626142,0
0,0.6005833221706329,1
0,0.27970175288676014,0
0,0.04045741695421207,0
0,0.05342599194007028,0
0,0.15528444006753497,0
0,0.940289904195091,1
0,0.047351708216607315,0
0,0.21578668061727474,0
0,0.5460896779743717,1
0,0.42291335693910076,0
0,0.1579081429411037,0
0,0.5257898188392224,1
0,0.6981224499537585,1
0,0.13988571703216846,0
0,0.55108162532327,1
0,0.017305272923100776,0
0,0.7345951317580948,1
0,0.2406612840916538,0
0,0.034920837191542375,0
0,0.1478890968594119,0
0,0.33591843437176877,0
0,0.6048987486334981,1
0,0.11832307643743295,0
0,0.24720525015499364,0
0,0.16511093073629338,0
0,0.04299517842208383,0
0,0.008983147196384598,0
0,0.2507465926871364,0
0,0.4785356803741491,0
0,0.05944897477864877,0
0,0.7381504348183213,1
0,0.11109824293801149,0
0,0.2598055997625971,0
0,0.07937047316289708,0
0,0.02613207095887956,0
0,0.1599891636020157,0
0,0.0681423311725861,0
0,0.13858893865156735,0
0,0.20039160533868652,0
0,0.1218329969325921,0
0,0.5928596725156132,1
0,0.5604717612094848,1
0,0.3112121220592406,0
0,0.23385072753591563,0
0,0.09844731950943295,0
0,0.08667430579606869,0
0,0.45937180343090583,0
0,0.15705291635054433,0
0,0.36747999498817124,0
0,0.02918975809090201,0
0,0.010300423013979666,0
0,0.3003587720359262,0
0,0.2647847371457631,0
0,0.04265768281827806,0
0,0.0238234216970494,0
0,0.2529457302627127,0
0,0.06936246030584742,0
0,0.07640069788799894,0
0,0.027416626993256844,0
0,0.6572813713135923,1
0,0.019465478495655508,0
0,0.20838410082720743,0
0,0.23655353191321662,0
0,0.17860948597587284,0
0,0.7629840691962907,1
0,0.1467208940923007,0
0,0.1882120516007476,0
0,0.014845104888580953,0
0,0.670908575414375,1
0,0.047501125481976825,0
0,0.8304738174521863,1
0,0.020504428878872383,0
0,0.06606861673364267,0
0,0.06468447143366603,0
0,0.012900209923204588,0
0,0.0615091663833042,0
0,0.14046307106101585,0
0,0.029769524667315268,0
0,0.02065880823581832,0
0,0.129723407588464,0
0,0.0804709025132411,0
0,0.03399293001906385,0
0,0.03031701018953007,0
0,0.07375928447223805,0
0,0.5898401531181428,1
0,0.011030279709665058,0
0,0.04455753042771997,0
0,0.14711849222728884,0
0,0.02024633055868328,0
0,0.38407353940233163,0
0,0.05637342693569013,0
0,0.07424141601053341,0
0,0.019816730563679996,0
0,0.03726347586059391,0
0,0.0830122387011913,0
0,0.011441926352573522,0
0,0.06472835704513284,0
0,0.2174049555928321,0
0,0.0017914274007450836,0
0,0.019062842710165315,0
0,0.008285270066414043,0
0,0.3609504895717113,0
0,0.3903729179071383,0
0,0.18739099218331576,0
0,0.4649701685747856,0
0,0.1103829639462011,0
0,0.13111675173601678,0
0,0.11164607642246525,0
0,0.8251980212034713,1
0,0.16402142037514578,0
0,0.29451500780147377,0
0,0.05887595593569521,0
0,0.07979780558126162,0
0,0.09493484439394209,0
0,0.2838579675345782,0
0,0.5190332195288953,1
0,0.18978818424945237,0
0,0.018211693648387095,0
0,0.26209571925861036,0
0,0.028439561723350396,0
0,0.03355722133110347,0
0,0.06927509049398561,0
0,0.11631448623339077,0
0,0.04564442857438174,0
0,0.03299441089318181,0
0,0.1584990568037563,0
0,0.21019545841990006,0
0,0.13472281872266673,0
0,0.16941068147744498,0
0,0.04012064036278182,0
0,0.03371113514521425,0
0,0.010069414500026897,0
0,0.17241319651678821,0
0,0.1417317013373088,0
0,0.0021704408435633984,0
0,0.007448800004594847,0
0,0.399597804591739,0
0,0.012347759245918058,0
0,0.02393263127459584,0
0,0.13397182551323858,0
0,0.03396610196497157,0
0,0.1682930127063195,0
0,0.7294186898485279,1
0,0.16713306774731915,0
0,0.20302385567451975,0
0,0.08818716333914528,0
0,0.09458857991259163,0
0,0.034576068923956,0
0,0.17540857600186785,0
0,0.11921923941218902,0
0,0.07819320135990271,0
0,0.027775002141875015,0
0,0.4152162940023113,0
0,0.04189159951901829,0
0,0.15553835441110314,0
0,0.31174366306589113,0
0,0.20774401902453257,0
0,0.004051262460466651,0
0,0.22364493990292422,0
0,0.17437963537692222,0
0,0.4271887742789581,0
0,0.055857858497934225,0
0,0.017419054457743263,0
0,0.05334663253681659,0
0,0.03874688821061698,0
0,0.03676795586793843,0
0,0.198370738388837,0
0,0.06534796012383066,0
0,0.44726223198587745,0
0,0.01625577821675751,0
0,0.2812612374922257,0
0,0.2941434189012219,0
0,0.03419133934226556,0
0,0.10482561330261211,0
0,0.2722461081990664,0
0,0.3783547949716378,0
0,0.22173333216479418,0
0,0.26998533156648835,0
0,0.09709832323587467,0
0,0.10605065579448267,0
0,0.01041041519817726,0
0,0.957476362731383,1
0,0.16451518619047711,0
0,0.2563363736737996,0
0,0.019472616842301577,0
0,0.10152244466613529,0
0,0.032066818858633064,0
0,0.2385008553863341,0
0,0.5756883430700573,1
0,0.04634460543615842,0
0,0.016721035168936915,0
0,0.013867055464426823,0
0,0.03278309988501409,0
0,0.07891054423527621,0
0,0.014875724596906004,0
0,0.018144102998812212,0
0,0.013523189448813071,0
0,0.062494435825514456,0
0,0.02320149529301216,0
0,0.102604937823798,0
0,0.024532200388107488,0
0,0.17340998556941117,0
0,0.8442509864915623,1
0,0.12340555670401687,0
0,0.4759127617190631,0
0,0.04715888319997134,0
0,0.08587565012235937,0
0,0.49130650803291204,1
0,0.1687702185690262,0
0,0.0708097803901265,0
0,0.10070814762075445,0
0,0.3138070587453697,0
0,0.014267341771989673,0
0,0.03909113957803279,0
0,0.03938687916565392,0
0,0.0059490442801447335,0
0,0.7753808519072168,1
0,0.3952234943538738,0
0,0.07269591254996215,0
0,0.512665813804739,1
0,0.16759716642303543,0
0,0.15442631427402698,0
0,0.18240212205323844,0
0,0.1508959735623919,0
0,0.4101227999190743,0
0,0.8129357979514543,1
0,0.18038480581560615,0
0,0.03799891361896473,0
0,0.054055389871879585,0
0,0.28717947885714795,0
0,0.011442341774886549,0
0,0.5404667324452921,1
0,0.29429366594556966,0
0,0.08223726770526757,0
0,0.580384845369772,1
0,0.056333941382339575,0
0,0.5461504179122134,1
0,0.011054055485952808,0
0,0.027081317789672633,0
0,0.05880078631791555,0
0,0.021993168452358318,0
0,0.05287111472220924,0
0,0.9521013207835219,1
0,0.5565275661465074,1
0,0.07723402820672404,0
0,0.07721174846325646,0
0,0.0037416787104140037,0
0,0.3819772182553962,0
0,0.01891913499293926,0
0,0.09332624257910663,0
0,0.04283892409058951,0
0,0.028421211152520495,0
0,0.06612679704607312,0
0,0.07735445725214282,0
0,0.4202651662036746,0
0,0.1769275563381369,0
0,0.0312936662868191,0
0,0.33825558302206293,0
0,0.004642892763284948,0
0,0.07257971675933006,0
0,0.18894282443426147,0
0,0.012068502445736802,0
0,0.01715398752383709,0
0,0.33825464990030285,0
0,0.0446710053743541,0
0,0.640621324947197,1
0,0.0279834701703573,0
0,0.5470725005293053,1
0,0.005367167965881607,0
0,0.2950732692509552,0
0,0.007005093390358288,0
0,0.10653356930762295,0
0,0.21744453962277432,0
0,0.4695667393805437,0
0,0.05794605677353051,0
0,0.1584790565295273,0
0,0.08178019196554492,0
0,0.7967413603689986,1
0,0.34961282995035325,0
0,0.12892648927991776,0
0,0.21589066374350652,0
0,0.05941271365598499,0
0,0.04629376756374332,0
0,0.5829445881094553,1
0,0.018177021371799624,0
0,0.025552353464212425,0
0,0.018086006609849298,0
0,0.13836569356675832,0
0,0.041524150464781986,0
0,0.2541509933228781,0
0,0.6771250606216163,1
0,0.3643369068416536,0
0,0.5338690423356273,1
0,0.07387636761065434,0
0,0.020220840581583212,0
0,0.14966395673347624,0
0,0.2653161496988607,0
0,0.12154474185161883,0
0,0.02776267428366687,0
0,0.04362396992017856,0
0,0.43935749902177973,0
0,0.08028565169969651,0
0,0.1611812396935079,0
0,0.2070679241336034,0
0,0.0950681951809185,0
0,0.038548654551324314,0
0,0.11439203964732461,0
0,0.05758532306780961,0
0,0.4324114823631659,0
0,0.11963405013239511,0
0,0.0038519233200947915,0
0,0.14327366584341866,0
0,0.09656183764396656,0
0,0.05047454849502295,0
0,0.011211664156462216,0
0,0.7598557904138876,1
0,0.00693250923926722,0
0,0.17364872537105752,0
0,0.3961264184343419,0
0,0.3797238411102405,0
0,0.09662629953528301,0
0,0.9905016901090513,1
0,0.5306278308244886,1
0,0.35611584622990805,0
0,0.05653565007189693,0
0,0.10168346485138696,0
0,0.056044666362313235,0
0,0.049108731099170785,0
0,0.06986603407150094,0
0,0.022584097193524416,0
0,0.181200581759752,0
0,0.011343983127500696,0
0,0.046225311838272165,0
0,0.05144027588557066,0
0,0.7119033050745278,1
0,0.11299954618955341,0
0,0.06615694945148193,0
0,0.46152491929229145,0
0,0.2955089605394662,0
0,0.06947907589060213,0
0,0.05490105979901886,0
0,0.43702723511298935,0
0,0.060908800269832114,0
0,0.007666893220204091,0
0,0.14688404120780463,0
0,0.05679095177304195,0
0,0.11330144690126999,0
0,0.0253909162953721,0
0,0.010186099858271225,0
0,0.07963133938111314,0
0,0.09045539784597273,0
0,0.6168169302246987,1
0,0.4861037180228704,0
0,0.013233014456466735,0
0,0.6912009881792225,1
0,0.021278815435746862,0
0,0.20210997534119468,0
0,0.13747452125647885,0
0,0.1010195930684665,0
0,0.025621719235026583,0
0,0.736156112420117,1
0,0.08582399015915532,0
0,0.029646061736781113,0
0,0.11081714922311407,0
0,0.020712344098801152,0
0,0.019281933210353094,0
0,0.4892713820415581,0
0,0.06587419067418057,0
0,0.5867680299271879,1
0,0.06081859348196722,0
0,0.38448884336828953,0
0,0.46413673746137507,0
0,0.2229951257486484,0
0,0.07875908888279638,0
0,0.04818486256337796,0
0,0.019017385038700367,0
0,0.06601364665682422,0
0,0.0009291101062235256,0
0,0.030616985912732386,0
0,0.8632613849711208,1
0,0.023982967611662874,0
0,0.05701344773257141,0
0,0.08409266209038682,0
0,0.014204630948393646,0
0,0.10466411309598773,0
0,0.14740542492929645,0
0,0.04853474374127432,0
0,0.004972580451553893,0
0,0.22627492403158503,0
0,0.016679169521265767,0
0,0.009379960348309905,0
0,0.5187639026956554,1
0,0.1523567546692876,0
0,0.03506470019184002,0
0,0.01236261394157924,0
0,0.3889896903333893,0
0,0.018229394902747036,0
