true_class,prediction_scores,predicted_class
1,0.9339553017213877,1
1,0.8705700511068651,1
1,0.9513729963621187,1
1,0.8689017545843111,1
1,0.9625268525706865,1
1,0.32166615823038436,0
1,0.9760326021799021,1
1,0.9818977542522856,1
1,0.8014243634741087,1
1,0.8491573611805622,1
1,0.8317961397795627,1
1,0.931261481420239,1
1,0.16089352061054824,0
1,0.22641625016984343,0
1,0.9248494863502932,1
1,0.9187453028174397,1
1,0.9319141019740915,1
1,0.9358220798433462,1
1,0.559360091764672,1
1,0.9394414318008683,1
1,0.3208078822382272,0
1,0.956745095355367,1
1,0.8151074076960347,1
1,0.45313115807296883,0
1,0.8775409134084378,1
1,0.972477581970445,1
1,0.9967804435535748,1
1,0.8816853527671695,1
1,0.8817315440762485,1
1,0.8595921314665798,1
1,0.9863270331006513,1
1,0.6227085162270727,1
1,0.8928826345993364,1
1,0.970124389975958,1
1,0.9433299024517541,1
1,0.9840935659693759,1
1,0.82702878306758,1
1,0.8651278947686751,1
1,0.9517646265378362,1
1,0.9773065104905092,1
1,0.18565322186975172,0
1,0.091258827510914,0
1,0.9491824666881011,1
1,0.45517928464501967,0
1,0.8975951322663445,1
1,0.9263927300153727,1
1,0.7509654374051385,1
1,0.5574627724654461,1
1,0.00788229238929588,0
1,0.9722142793229277,1
1,0.3734459270102074,0
1,0.8749376330831472,1
1,0.9739670388401317,1
1,0.9998733181994038,1
1,0.7873301851904101,1
1,0.9872573463772821,1
1,0.9777049297145007,1
1,0.9936670690154275,1
1,0.9424331753662025,1
1,0.828541392874203,1
1,0.3888098730766522,0
1,0.2608402454364476,0
1,0.9293029669914558,1
1,0.9181718396580869,1
1,0.16021454866977464,0
1,0.9811704891468047,1
1,0.9416987258070797,1
1,0.9163539790333768,1
1,0.9846206179633115,1
1,0.8794059604050305,1
1,0.8756275606216294,1
1,0.5785484617955311,1
1,0.9621636000784994,1
1,0.8601017503257773,1
1,0.741656698090144,1
1,0.8682135937315966,1
1,0.9881637586193619,1
1,0.25695508257361144,0
1,0.9635622549954579,1
1,0.9952430288559353,1
1,0.9002424227396348,1
1,0.9929351572440289,1
1,0.9855749622117059,1
1,0.0759560754573873,0
1,0.8385484176492456,1
1,0.8727303573095857,1
1,0.6793485490926755,1
1,0.706783286024358,1
1,0.9766318407548543,1
1,0.6800448207853312,1
1,0.7863676359758649,1
1,0.9854337821789565,1
1,0.9330825815573364,1
1,0.2369621766081405,0
1,0.8510702398214756,1
1,0.9761570402577229,1
1,0.9271036776533302,1
1,0.9830290559535432,1
1,0.2613503082028344,0
1,0.8646111793323569,1
1,0.9629926040704457,1
1,0.5578368500963332,1
1,0.6030702006527714,1
1,0.9672929378091759,1
1,0.90047846261612,1
1,0.8026960143635989,1
1,0.8881995153377265,1
1,0.9596772460357554,1
1,0.9221768637133488,1
1,0.951895711402561,1
1,0.9325808053469764,1
1,0.8448683966303414,1
1,0.9673511398513512,1
1,0.9625728408512914,1
1,0.6506405467723686,1
1,0.9834152224820151,1
1,0.9003869632315209,1
1,0.9086374218722292,1
1,0.9746195836264837,1
1,0.9255913307763857,1
1,0.5904622137809925,1
1,0.8795163912807276,1
1,0.9650980370476481,1
1,0.6651618881489688,1
1,0.1852087386384596,0
1,0.9718206637995259,1
1,0.6642402542669678,1
1,0.8412628078013483,1
1,0.6484304152410482,1
1,0.9411478154712882,1
1,0.825756976304288,1
1,0.8983387257255668,1
1,0.9259325159864898,1
1,0.9447007509043004,1
1,0.8234350888308404,1
1,0.751691211539628,1
1,0.7998491143377559,1
1,0.9136877420462923,1
1,0.7096302371616601,1
1,0.12903726574616353,0
1,0.8506324514347244,1
1,0.8870162176849339,1
1,0.9291745465422329,1
1,0.8099114116959245,1
1,0.7500932959538854,1
1,0.9806703966119339,1
1,0.5925639063832399,1
1,0.48882183292508485,0
1,0.8565330017282119,1
1,0.983915849690219,1
1,0.8022010983285912,1
1,0.9752392230178458,1
1,0.9188248735761881,1
1,0.8401687894865698,1
1,0.5728450892533892,1
1,0.9927546549789561,1
1,0.31939297265254923,0
1,0.9897325314360399,1
1,0.7921390474783401,1
1,0.05762711877549487,0
1,0.9809015802313261,1
1,0.9687859211407653,1
1,0.11901081147788783,0
1,0.7341474919038785,1
1,0.4549012499556581,0
1,0.8968926680251694,1
1,0.7411496492570263,1
1,0.6768208939570648,1
1,0.9514501064574049,1
1,0.9517016573293744,1
1,0.1101873877356416,0
1,0.8520610376240824,1
1,0.9567576894161846,1
1,0.9874002836231325,1
1,0.9422732820641019,1
1,0.9995085764577911,1
1,0.8530580000399404,1
1,0.5200994598517762,1
1,0.8707062519806645,1
1,0.5188405880021023,1
1,0.9932068835558538,1
1,0.6955519229767025,1
1,0.9018146876968699,1
1,0.9859133384331827,1
1,0.9821131718465399,1
1,0.7573725644021552,1
1,0.5804035657685412,1
1,0.9643891373946833,1
1,0.6056933794820779,1
1,0.9966689840594974,1
1,0.8833590224782273,1
1,0.9286121885707318,1
1,0.7614749514796941,1
1,0.9436562499199229,1
1,0.9053708226440246,1
1,0.955811380622365,1
1,0.8898460657866124,1
1,0.9478676148185569,1
1,0.6775466636820915,1
1,0.16980479485016536,0
1,0.8006763484637336,1
1,0.9486662573430156,1
1,0.16888421636065432,0
1,0.23660804592734652,0
1,0.9262552173422651,1
1,0.9090429107079241,1
1,0.7755347741247817,1
1,0.838424632679765,1
1,0.9963722913716918,1
1,0.920075866203209,1
1,0.6393259650492149,1
1,0.9521251752383036,1
1,0.836092229434038,1
1,0.670574388738056,1
1,0.8680297107400975,1
1,0.5525734381233192,1
1,0.513357158720513,1
1,0.9929069619466162,1
1,0.8892367214823309,1
1,0.0840276026869835,0
1,0.9521892065092434,1
1,0.9938832246755194,1
1,0.8190485008517207,1
1,0.9979154927291316,1
1,0.9966009072926384,1
1,0.6637908982874688,1
1,0.9019284630126158,1
1,0.9795444399101491,1
1,0.9377298942307425,1
1,0.9139877509446077,1
1,0.7329173777700118,1
1,0.5093344142108043,0
1,0.5613639769471679,1
1,0.9709102043505509,1
1,0.874734395471125,1
1,0.4181608796800865,0
1,0.9686461741041232,1
1,0.19223687509463186,0
1,0.920964988377635,1
1,0.9516474955570396,1
1,0.7383848541930893,1
1,0.9353026665572642,1
1,0.7664646777678749,1
1,0.9193880397574941,1
1,0.9910216473732343,1
1,0.7795137426922796,1
1,0.9881405848609457,1
1,0.6266904876602618,1
1,0.9162642796609464,1
1,0.9245227555782674,1
1,0.6917276277710313,1
1,0.9553723465091353,1
1,0.9648395559375897,1
1,0.9723885336917304,1
1,0.9494116708540846,1
1,0.9429880576945606,1
1,0.9803562668293604,1
1,0.9635366555865799,1
1,0.8416589762539692,1
1,0.8821384822291223,1
1,0.4518925623051438,0
1,0.9801349234954931,1
1,0.8955289650301388,1
1,0.933203501785467,1
1,0.9994157803704374,1
1,0.8975482950020248,1
1,0.7075570477896721,1
1,0.7012581268337171,1
1,0.39165162553702315,0
1,0.49122435592353375,0
1,0.9836369659848138,1
1,0.3543470553196111,0
1,0.9957845837053697,1
1,0.9393313279411584,1
1,0.9920962901470467,1
1,0.831531861103545,1
1,0.9536150576156079,1
1,0.8771718220353388,1
1,0.8784405699345237,1
1,0.489276645526842,0
1,0.765118939901049,1
1,0.9230720769727878,1
1,0.9702233226687375,1
1,0.9740235026312334,1
1,0.9487958232066193,1
1,0.5866525299104505,1
1,0.09106367658922734,0
1,0.8501332774336738,1
1,0.9389877130727617,1
1,0.5353491721487843,1
1,0.9755035207067939,1
1,0.40473888427676785,0
1,0.7232408607263823,1
1,0.6123611644445731,1
1,0.38730568411783894,0
1,0.9631077094960303,1
1,0.9883547456776312,1
1,0.616827888181671,1
1,0.8863395278163178,1
1,0.8455637353009894,1
1,0.8256038248823141,1
1,0.9013341602471714,1
1,0.7770948557065762,1
1,0.5088867728332375,0
1,0.9091674313463716,1
1,0.936863390086093,1
1,0.6101076119931569,1
1,0.7416755068427264,1
1,0.8949007333920821,1
1,0.5911697672008457,1
1,0.9780791204759499,1
1,0.9129825351392591,1
1,0.9061595431484364,1
1,0.3617849640778698,0
1,0.9600364647597509,1
1,0.954691253474856,1
1,0.4088548269468984,0
1,0.9601133794362504,1
1,0.9065034036173345,1
1,0.9655914902938394,1
1,0.5018314124619722,0
1,0.9599486372914142,1
1,0.9582424471880343,1
1,0.7641927692726036,1
1,0.979604969363759,1
1,0.6005369663946865,1
1,0.9985259959638413,1
1,0.9069239099066999,1
1,0.24498696040129042,0
1,0.7363146146307675,1
1,0.9624680180961365,1
1,0.5161997511661436,1
1,0.02214268494059379,0
1,0.9605551744367984,1
1,0.7663510249196178,1
1,0.8985534632887804,1
1,0.7704726419001915,1
1,0.45577265718683163,0
1,0.9496361489095908,1
1,0.032666787037926345,0
1,0.9857571575103337,1
1,0.6293191309992567,1
1,0.4412153774970712,0
1,0.7553093420664444,1
1,0.9070483569306526,1
1,0.8060383589635005,1
1,0.48139959959857215,0
1,0.8570692842987778,1
1,0.8860568240447443,1
1,0.9012093553334212,1
1,0.7401984787038063,1
1,0.9527555104437693,1
1,0.9763870855901781,1
1,0.9657086717290069,1
1,0.47687212483596614,0
1,0.7266313879776516,1
1,0.5293741650880975,1
1,0.5675435913400558,1
1,0.9458203120098883,1
1,0.18415435410594538,0
1,0.9458009872838151,1
1,0.8849195753805752,1
1,0.9219006230303408,1
1,0.3751795322257496,0
1,0.9430221907818079,1
1,0.5395228521602841,1
1,0.9571434965160497,1
1,0.761585716516006,1
1,0.9516103874570533,1
1,0.7349296007037358,1
1,0.6346261206480073,1
1,0.747704981277219,1
1,0.797207193796831,1
1,0.804635535381199,1
1,0.8489650411704813,1
1,0.9097893106144975,1
1,0.9461281700062202,1
1,0.941077363855313,1
1,0.8912055427641752,1
1,0.5749839448327437,1
1,0.6331517758517383,1
1,0.957569604700035,1
1,0.9196861034258735,1
1,0.9225751407504624,1
1,0.7178551829277239,1
1,0.08591213907430635,0
1,0.7400417414760861,1
1,0.8407064087280948,1
1,0.8701284349966169,1
1,0.9351378530953511,1
1,0.7947834826794509,1
1,0.8332025816032926,1
1,0.6641729443675157,1
1,0.23008012268630185,0
1,0.8545784566003796,1
1,0.8379496314314716,1
1,0.8686889175430356,1
1,0.7484849204602166,1
1,0.7972767223677939,1
1,0.9606211820584348,1
1,0.645752782174792,1
1,0.7446033885363612,1
1,0.892466963428015,1
1,0.9794718349429803,1
1,0.4712238808502875,0
1,0.8618994968747663,1
1,0.9588760243471376,1
1,0.9657532289908751,1
1,0.9779857197134112,1
1,0.5947540365977252,1
1,0.9524667152748214,1
1,0.9476254770166667,1
1,0.8971399164335088,1
1,0.8539689780972741,1
1,0.310839845516376,0
1,0.9484910192646524,1
1,0.9162977252703028,1
1,0.7995228917274759,1
1,0.7341702062916969,1
1,0.8826484123677799,1
1,0.8775738229321395,1
1,0.7578491482087685,1
1,0.9603656960943587,1
1,0.7005745259658708,1
1,0.9881333391580441,1
1,0.9927898558242403,1
1,0.9714477781889348,1
1,0.2416795171176327,0
1,0.9431281002241382,1
1,0.7633519470491688,1
1,0.8587497256375767,1
1,0.9870262463682837,1
1,0.9084072869917988,1
1,0.7910332460718171,1
1,0.9464844860671956,1
1,0.7253847427395207,1
1,0.9903415275288892,1
1,0.9442474312415604,1
1,0.9754683064751357,1
1,0.3891212858525885,0
1,0.27744802493093207,0
1,0.8588788844156339,1
1,0.6797833775634845,1
1,0.6808960521201339,1
1,0.8277858032645541,1
1,0.9990662774502029,1
1,0.7353042630735783,1
1,0.9078120034904401,1
1,0.8858690185442201,1
1,0.9797539540453156,1
1,0.826280084939394,1
1,0.7126742772442636,1
1,0.3503295769466748,0
1,0.9881058843928698,1
1,0.8641129418707065,1
1,0.896357692710095,1
1,0.7789925670066282,1
1,0.9211946187398296,1
1,0.4984348508964673,0
1,0.4926330714988901,0
1,0.7922999428226248,1
1,0.9892506224484282,1
1,0.9889326946259461,1
1,0.8669866811190043,1
1,0.8536717847894723,1
1,0.8812519432386864,1
1,0.9087438558762337,1
1,0.7996977157158739,1
1,0.8998419678741195,1
1,0.8358631120898129,1
1,0.9555174385176334,1
1,0.727474645270166,1
1,0.948490887972239,1
1,0.6764761605362264,1
1,0.7037691072532358,1
1,0.48231466656485245,0
1,0.09002473662760531,0
1,0.6902084091204163,1
1,0.8860199228389408,1
1,0.9740510866614882,1
1,0.9917857017553142,1
1,0.901093925631029,1
1,0.8823897749843972,1
1,0.8080864587620671,1
1,0.5993725548671266,1
1,0.9348009598770312,1
1,0.6691855741421915,1
1,0.9370126932293554,1
1,0.8826298910207825,1
1,0.7239015669252394,1
1,0.8764061521209745,1
1,0.051808478528775445,0
1,0.8969138671655034,1
1,0.9909886912040772,1
1,0.4224620681194879,0
1,0.9313865448258732,1
1,0.9224644251768235,1
1,0.842143687261176,1
1,0.2604678317936284,0
1,0.9488851892346339,1
1,0.5489542413284565,1
1,0.9570799951215454,1
1,0.8928767091550425,1
1,0.9637568290932681,1
1,0.8917906614835834,1
1,0.9950118856159567,1
1,0.887706786993697,1
1,0.9391472070490031,1
1,0.9987730526793965,1
1,0.8278668852037707,1
1,0.9264462811392068,1
1,0.5800964630489159,1
1,0.7531085017337621,1
1,0.9561084294258448,1
1,0.8695629151428905,1
1,0.8309474176859483,1
1,0.9785757341846625,1
1,0.5697459167232997,1
1,0.5466077458260967,1
1,0.943951729604153,1
1,0.9830855853994606,1
1,0.7185073432973939,1
1,0.7094896217285259,1
1,0.8701713766919372,1
1,0.9099311267143129,1
1,0.8800936479628803,1
1,0.8720222836464518,1
1,0.9235695536366182,1
1,0.8655603221232514,1
1,0.8834423490788645,1
1,0.08385809287444868,0
1,0.9850098639019678,1
1,0.7003475300886535,1
1,0.7857438631063772,1
1,0.6331809422906203,1
1,0.8341432538275618,1
1,0.7066103827346798,1
1,0.40416102252523534,0
1,0.8218619065288402,1
1,0.8826389063485464,1
1,0.941174151992111,1
1,0.8268426641041872,1
1,0.9656777231838559,1
1,0.9551610890375896,1
1,0.5939996281696729,1
1,0.8085111523073785,1
1,0.6281819649979455,1
1,0.963441915942676,1
1,0.495385580856408,0
1,0.9193543032699069,1
1,0.8834299810851037,1
1,0.7232111356866905,1
1,0.31148136407024807,0
1,0.9028465848474735,1
1,0.8280311877665885,1
1,0.5996657014739712,1
1,0.8332693957478047,1
1,0.8895704332920136,1
1,0.2561137445781793,0
1,0.9992034491665027,1
1,0.9966109806509451,1
1,0.8019014582060544,1
1,0.9709288649494108,1
1,0.9532258756389663,1
1,0.23919901677407024,0
1,0.8301586581386217,1
1,0.36052868792572823,0
1,0.9797639193186524,1
1,0.10850760266644968,0
1,0.7397350421137817,1
1,0.1947883141864071,0
1,0.6538192590326901,1
1,0.9508048699829178,1
1,0.3213400098530287,0
1,0.9768658395507779,1
1,0.9037762970773819,1
1,0.9148651794934175,1
1,0.9909672541123651,1
1,0.974053316277321,1
1,0.9936648278381359,1
1,0.8938809036377982,1
1,0.9113259757112584,1
1,0.8640458992254086,1
1,0.6924982855383732,1
1,0.5577821311496903,1
1,0.9696948447666067,1
1,0.8969622969860183,1
1,0.8877603737447579,1
1,0.9524579364072489,1
1,0.9895584538080039,1
1,0.3388816609813436,0
1,0.8649691407719556,1
1,0.9107593467581567,1
1,0.8869044927456097,1
1,0.6775877308025215,1
1,0.5284285716487376,1
1,0.9457943000155176,1
1,0.29504721014508184,0
1,0.8282484788268708,1
1,0.9669974528925787,1
1,0.7692732108507413,1
1,0.9821992484008611,1
1,0.14052543618032878,0
1,0.9812437738139618,1
1,0.9809553019812778,1
1,0.5927840486842132,1
1,0.9187863990700414,1
1,0.2444175511766956,0
1,0.07472039853172041,0
1,0.9672969326315398,1
1,0.9786701695472538,1
1,0.046409743114265004,0
1,0.9428437132281068,1
1,0.7821416535245815,1
1,0.8946266704005353,1
1,0.9807922066370977,1
1,0.995311270137029,1
1,0.7078325850974282,1
1,0.8026310714415542,1
1,0.7758003744363126,1
1,0.6615613677821208,1
1,0.7879125404570981,1
1,0.9713346609550347,1
1,0.8244537997394107,1
1,0.5988587825288862,1
1,0.8049653119082921,1
1,0.8199061327056121,1
1,0.812492029333113,1
1,0.9257632496404512,1
1,0.8111869803427348,1
1,0.7058117539235524,1
1,0.8036468673048138,1
1,0.9566916496955167,1
1,0.9783718434197222,1
1,0.9727711560915726,1
1,0.9735670176241421,1
1,0.8675197141366613,1
1,0.8197355511184415,1
1,0.8205075939019713,1
1,0.6502005896502184,1
1,0.8924602486833386,1
1,0.9787248391175826,1
0,0.35406650608124585,0
0,0.3974077347639246,0
0,0.0557694918465698,0
0,0.03648486343015878,0
0,0.21083255085598362,0
0,0.053143223120734114,0
0,0.08987409544509052,0
0,0.08283106110590108,0
0,0.32965737217020263,0
0,0.14112382620707717,0
0,0.6539249887719292,1
0,0.2938166615256694,0
0,0.010025227393357171,0
0,0.0811028833308135,0
0,0.3441802932229207,0
0,0.0862604237567559,0
0,0.10807303373988425,0
0,0.03201958405036997,0
0,0.35216677604477353,0
0,0.8475753083670057,1
0,0.05873097265675051,0
0,0.5336229388593426,1
0,0.09450704027736553,0
0,0.5243847791048961,1
0,0.09134612263966278,0
0,0.17521637321910824,0
0,0.1313138633799077,0
0,0.9811118357933979,1
0,0.25900446034530855,0
0,0.011843144931084123,0
0,0.060341581111402594,0
0,0.6954670553303286,1
0,0.009816065855198815,0
0,0.19128946418093992,0
0,0.06957977861839666,0
0,0.14584074925707907,0
0,0.3362922379443342,0
0,0.057516993409534076,0
0,0.14139344092094583,0
0,0.07107680587789598,0
0,0.3099578267907417,0
0,0.06410760755966863,0
0,0.21190652806773455,0
0,0.1182901209745638,0
0,0.1386107126364036,0
0,0.7501886236741919,1
0,0.9259906680396396,1
0,0.09594965359713416,0
0,0.05171037442758646,0
0,0.27443263286832137,0
0,0.19260617023401105,0
0,0.016078853016216477,0
0,0.2993164751923066,0
0,0.34014396732864266,0
0,0.16470968365994446,0
0,0.06703947671775562,0
0,0.09239048622937804,0
0,0.09044320720469617,0
0,0.14599351665273713,0
0,0.034395865364507776,0
0,0.036221237952485864,0
0,0.5368600973238299,1
0,0.050132277827514164,0
0,0.05774893948787821,0
0,0.03708135348491237,0
0,0.1778869969513937,0
0,0.5343062489055902,1
0,0.012746239745954742,0
0,0.030283042462768996,0
0,0.06201545217407869,0
0,0.018462853693637243,0
0,0.7248907456214649,1
0,0.10556014181798576,0
0,0.043547227590120155,0
0,0.06293293013944667,0
0,0.025799478813228405,0
0,0.2182279210847925,0
0,0.8723735298397661,1
0,0.16445828813872343,0
0,0.41679766383411165,0
0,0.06469735473052225,0
0,0.1215585935123573,0
0,0.22235600560500754,0
0,0.16397822201588705,0
0,0.25707717871857194,0
0,0.6484448140810742,1
0,0.3022760040052112,0
0,0.188804948473794,0
0,0.05393845941987679,0
0,0.2719614972552507,0
0,0.19825055299460265,0
0,0.4564884489943351,0
0,0.04201145341370433,0
0,0.6860466299967481,1
0,0.07760491935613276,0
0,0.6362157417508566,1
0,0.08667964101842762,0
0,0.2965007418852744,0
0,0.08591851079978384,0
0,0.07038518386448023,0
0,0.11979695576446923,0
0,0.4415747780685863,0
0,0.022849587750542244,0
0,0.0653906616765901,0
0,0.19165561791086533,0
0,0.21918156795823432,0
0,0.26645185430086393,0
0,0.06304111293359475,0
0,0.34368420867792193,0
0,0.22372632771426984,0
0,0.023512364618520208,0
0,0.010954986015719748,0
0,0.05904558682389155,0
0,0.054460498780981914,0
0,0.04102285845364408,0
0,0.8894996545515599,1
0,0.3047702190220519,0
0,0.12053022394861602,0
0,0.10417923980513634,0
0,0.07055317559878269,0
0,0.03229031379944611,0
0,0.041931358251196114,0
0,0.006476052592514549,0
0,0.5482573700653598,1
0,0.14862118795943788,0
0,0.011860399145443578,0
0,0.006327425348611955,0
0,0.1231755406348549,0
0,0.10063598094551353,0
0,0.06305002549116918,0
0,0.07919963679999265,0
0,0.08359153901956094,0
0,0.08689953748162539,0
0,0.09534776939551619,0
0,0.02787852005788139,0
0,0.6875529610464659,1
0,0.07007599125467316,0
0,0.14967860199103372,0
0,0.04728972159810689,0
0,0.5459945826662221,1
0,0.018726229504659665,0
0,0.05397009294475727,0
0,0.4057462527814289,0
0,0.19710803484663833,0
0,0.14299325603985033,0
0,0.01817767630200386,0
0,0.10989308476873172,0
0,0.07415247438282693,0
0,0.02491034769402081,0
0,0.8278566096228543,1
0,0.3154275559336281,0
0,0.6825586680080149,1
0,0.04786395834817542,0
0,0.1364206516769673,0
0,0.01635166649884853,0
0,0.007089664845031129,0
0,0.02104218152677202,0
0,0.1048080622331237,0
0,0.04612184980821387,0
0,0.11047299266989882,0
0,0.005318247393753317,0
0,0.08562701774643613,0
0,0.8598481032812942,1
0,0.05130945426815585,0
0,0.07339707259994667,0
0,0.43498995046808575,0
0,0.22387399310526276,0
0,0.1050325143486629,0
0,0.9859084041022386,1
0,0.020624066788643664,0
0,0.31919417745786016,0
0,0.1623449832022266,0
0,0.264546312100767,0
0,0.10278276269186033,0
0,0.18479699405089317,0
0,0.13285729233980792,0
0,0.025523035532986373,0
0,0.030527070323636392,0
0,0.07914227504125465,0
0,0.031964806844469625,0
0,0.982585034244051,1
0,0.06201967744709095,0
0,0.004194451419693202,0
0,0.6171114868606742,1
0,0.07343845838151182,0
0,0.5913582109316006,1
0,0.050822629615782516,0
0,0.009651513195212041,0
0,0.04684333144586268,0
0,0.5642752297483627,1
0,0.3292626229970655,0
0,0.019581809642892765,0
0,0.10906226492146943,0
0,0.017464560231226865,0
0,0.049096287815119904,0
0,0.03879817746955289,0
0,0.11490701945755671,0
0,0.07820413308989373,0
0,0.39015148890086143,0
0,0.1596740851965356,0
0,0.06420623000738596,0
0,0.46707846532138486,0
0,0.8816678434149776,1
0,0.03212952842760742,0
0,0.08698040800803834,0
0,0.0021957037708027548,0
0,0.018015077216966203,0
0,0.017177813144243066,0
0,0.10914708115689173,0
0,0.519306264679464,1
0,0.12393993455452972,0
0,0.020474050110531855,0
0,0.3928056878668806,0
0,0.13683310301605167,0
0,0.8362001126838045,1
0,0.714642431011195,1
0,0.4716634276169398,0
0,0.2749852910980214,0
0,0.7377663458572575,1
0,0.33791319446283063,0
0,0.43055226225784987,0
0,0.05126954069139616,0
0,0.6843741442709819,1
0,0.49389335005144264,0
0,0.18590499042387185,0
0,0.11248986475541126,0
0,0.4479494817029851,0
0,0.020044857117939262,0
0,0.41701434375770724,0
0,0.007560188885104466,0
0,0.16861490492353642,0
0,0.16807738868537464,0
0,0.433942842147082,0
0,0.044598334794723346,0
0,0.1742378405571509,0
0,0.011169547390347454,0
0,0.05879917475246815,0
0,0.10777315492014189,0
0,0.40509134924904133,0
0,0.26951180224029203,0
0,0.2249535471985914,0
0,0.15768055070268885,0
0,0.267116514627626,0
0,0.044740077769812356,0
0,0.09221558690587137,0
0,0.6625893159167772,1
0,0.07287330417487052,0
0,0.14637954984337886,0
0,0.17238726159575224,0
0,0.1580095262310644,0
0,0.07761741124390023,0
0,0.9518814735765279,1
0,0.07783871982378061,0
0,0.2029804770398183,0
0,0.01357583419373862,0
0,0.4846450502293637,0
0,0.03313901773711425,0
0,0.6287635785942104,1
0,0.06569636134812548,0
0,0.05446463229804249,0
0,0.5535364857206967,1
0,0.023031710079642522,0
0,0.395106739539954,0
0,0.12161890239393067,0
0,0.0887438450034245,0
0,0.014197253205855473,0
0,0.07740295610550188,0
0,0.09471160220546809,0
0,0.09093460986528397,0
0,0.40632221630825494,0
0,0.8344383463777674,1
0,0.10262399161480872,0
0,0.0469749837871529,0
0,0.17064695565981508,0
0,0.12292025833591669,0
0,0.019088756356215177,0
0,0.007213395411872471,0
0,0.04267954528841084,0
0,0.05508215579369612,0
0,0.42201608863898443,0
0,0.24217331583444915,0
0,0.0015460246992286604,0
0,0.04780863660115498,0
0,0.028152039125854195,0
0,0.26480002684586573,0
0,0.04575406195811482,0
0,0.07230644641969687,0
0,0.36365617191282384,0
0,0.4389058857388772,0
0,0.40776163436018054,0
0,0.22410256082307514,0
0,0.011681135114173813,0
0,0.15364191397237875,0
0,0.19754136338140665,0
0,0.16495823315973296,0
0,0.059966657211996975,0
0,0.017261555291302858,0
0,0.023436513517326958,0
0,0.598491122179332,1
0,0.916681269131726,1
0,0.08513970135508396,0
0,0.18995776293097455,0
0,0.0586465380014383,0
0,0.11692729869726917,0
0,0.011810663470094575,0
0,0.013564184963321528,0
0,0.05451763954352952,0
0,0.8142287446739761,1
0,0.02986870591235419,0
0,0.02927934999492684,0
0,0.3961968869160565,0
0,0.10453850253089456,0
0,0.01829545095954802,0
0,0.3488380999807363,0
0,0.029501801626318627,0
0,0.855557232381549,1
0,0.6038577933397321,1
0,0.1344126248426343,0
0,0.15410427800037382,0
0,0.4583763245635188,0
0,0.10550277662457112,0
0,0.02297931454274682,0
0,0.017093590816251232,0
0,0.21274118345312867,0
0,0.14978485528939314,0
0,0.013974700296951198,0
0,0.19762055890844651,0
0,0.42760769432918233,0
0,0.07280610369503308,0
0,0.11660882694677577,0
0,0.06935732061112038,0
0,0.6236639586763525,1
0,0.09022465448956146,0
0,0.2597769048611696,0
0,0.12345898444503645,0
0,0.5865039132538383,1
0,0.04548166280890388,0
0,0.15807879541262593,0
0,0.14500788209059648,0
0,0.006757829959736109,0
0,0.8654789760104712,1
0,0.9704197868852205,1
0,0.6000414982526016,1
0,0.14423442388281507,0
0,0.034823340723902835,0
0,0.0997711244837414,0
0,0.060332727549148875,0
0,0.35704652165539363,0
0,0.16805021242807697,0
0,0.02852065806758339,0
0,0.09982517841234109,0
0,0.19030376659211126,0
0,0.9264268806780237,1
0,0.6683290142441424,1
0,0.03598879908748864,0
0,0.30091632663176515,0
0,0.21939227354474067,0
0,0.24456262016286484,0
0,0.22113263701940836,0
0,0.10617684854662256,0
0,0.06697240803870044,0
0,0.11835647084576752,0
0,0.5311376187656994,1
0,0.028859148047535133,0
0,0.07450866749496575,0
0,0.22197019867245038,0
0,0.2518001898717733,0
0,0.06891375567086454,0
0,0.8663506738820678,1
0,0.053502931125732796,0
0,0.23725761699050196,0
0,0.3070026284793953,0
0,0.1049541801416818,0
0,0.2745002132285816,0
0,0.06846521866845978,0
0,0.015611097734934415,0
0,0.23986325048276047,0
0,0.003258702302750897,0
0,0.1355127175042217,0
0,0.008577586172179836,0
0,0.3949223096647796,0
0,0.030633598200382417,0
0,0.0291999059957534,0
0,0.0053343268802230675,0
0,0.018375465357594344,0
0,0.07981363173381724,0
0,0.044442526465821815,0
0,0.0406100802078466,0
0,0.8411342408711995,1
0,0.03924338413091839,0
0,0.08988602500746382,0
0,0.12417897459575819,0
0,0.35046324923903166,0
0,0.3510353109324892,0
0,0.16066789785857055,0
0,0.9781366325219202,1
0,0.044772660223295103,0
0,0.060315945113061306,0
0,0.8150302499670287,1
0,0.298432363143576,0
0,0.2002362791442049,0
0,0.05588216179564238,0
0,0.0061966889477039445,0
0,0.13853049102017295,0
0,0.12987622084107064,0
0,0.11409658804551379,0
0,0.01988249982883744,0
0,0.0044131678334228125,0
0,0.17949336700377458,0
0,0.4513209101072272,0
0,0.23192940154102387,0
0,0.12653847140906319,0
0,0.20518206325397242,0
0,0.021049697749228474,0
0,0.30938173453081275,0
0,0.21347176487336111,0
0,0.16790669172166345,0
0,0.4279634758842567,0
0,0.011654384519690062,0
0,0.047032247056456616,0
0,0.09891217095703396,0
0,0.02957757667356811,0
0,0.023931985866055668,0
0,0.0689721435833892,0
0,0.08485986720427624,0
0,0.15682080004058543,0
0,0.06644792694573885,0
0,0.3090798647003347,0
0,0.015326186759411784,0
0,0.8974139490630954,1
0,0.03212288820009291,0
0,0.8202660297875982,1
0,0.04232877796322519,0
0,0.27619836942996645,0
0,0.1434077300256089,0
0,0.675899793933261,1
0,0.010691319099527152,0
0,0.04056339481096674,0
0,0.02808387272963899,0
0,0.018777685597691378,0
0,0.31233685892211255,0
0,0.7709222868121307,1
0,0.10545466795116175,0
0,0.1712354753418786,0
0,0.007912563226962276,0
0,0.6963760885773674,1
0,0.029007113280179856,0
0,0.0646104605559417,0
0,0.025526038505535784,0
0,0.32686218993589666,0
0,0.06580456937673508,0
0,0.002125124178635128,0
0,0.03639768253320251,0
0,0.6711431651999624,1
0,0.15169701048459125,0
0,0.035414996483446134,0
0,0.16611126132315687,0
0,0.02517559128053591,0
0,0.39762924159443164,0
0,0.016482696215121637,0
0,0.23268580242390124,0
0,0.38068347722721063,0
0,0.5011606126010654,0
0,0.1251563596850159,0
0,0.15974627598068553,0
0,0.06780345179574986,0
0,0.025594620468393437,0
0,0.024669527426567913,0
0,0.05993006949008215,0
0,0.0720090523906965,0
0,0.10352711785756842,0
0,0.09432925132389446,0
0,0.08139027340997815,0
0,0.24516171935465322,0
0,0.6295620704614288,1
0,0.44144698244682334,0
0,0.07774834429071512,0
0,0.1992299802026838,0
0,0.35158528607018097,0
0,0.7227984121170467,1
0,0.24045198345692237,0
0,0.2738911702202538,0
0,0.1114384213441819,0
0,0.046263817668483476,0
0,0.019360223255805588,0
0,0.7990194933930495,1
0,0.07116454374264941,0
0,0.28475125099452636,0
0,0.6261557210378744,1
0,0.2880038443805762,0
0,0.06540270176473187,0
0,0.5502566031105197,1
0,0.13605315125462297,0
0,0.733744443514467,1
0,0.7006001432130873,1
0,0.3749913683832284,0
0,0.1051146787471868,0
0,0.3498485856680251,0
0,0.2326470178201483,0
0,0.17120836271191175,0
0,0.30212006631998006,0
0,0.10524791490637313,0
0,0.11913880610792292,0
0,0.02507207544912433,0
0,0.17996267008027725,0
0,0.7534254622895277,1
0,0.06910117511278968,0
0,0.08196933771312065,0
0,0.21670191997434693,0
0,0.07005837173650804,0
0,0.9593734633677107,1
0,0.07044862320657397,0
0,0.08295550441610464,0
0,0.24329917698861292,0
0,0.46387492436166705,0
0,0.03364137540186923,0
0,0.0512783438650314,0
0,0.6125425304944644,1
0,0.4394918166975905,0
0,0.010861364135271803,0
0,0.27123210173279805,0
0,0.12631397952944112,0
0,0.35989891412168423,0
0,0.02840373964565554,0
0,0.18236437890666732,0
0,0.13682166584104755,0
0,0.12316168552531097,0
0,0.04894707643971358,0
0,0.0371839177668028,0
0,0.48257031267160544,0
0,0.03219302029102301,0
0,0.10236923628735979,0
0,0.1535787645055716,0
0,0.4557335983613812,0
0,0.31926484241907643,0
0,0.07601966570565535,0
0,0.7148585404064468,1
0,0.01648803239705447,0
0,0.5947585303548432,1
0,0.038537594824958187,0
0,0.08590297554460809,0
0,0.1247684015736007,0
0,0.12752597583361455,0
0,0.07577522928219904,0
0,0.6759619396949681,1
0,0.02832285985875,0
0,0.3596872216878206,0
0,0.4053037393731708,0
0,0.256157220522842,0
0,0.07128004979478278,0
0,0.08992767246252642,0
0,0.16064343650036983,0
0,0.10095880972096279,0
0,0.11983209265295724,0
0,0.004889250117878314,0
0,0.009208636832185568,0
0,0.10900578660403278,0
0,0.10693800506107459,0
0,0.7582885626863642,1
0,0.05756790951753024,0
0,0.20373105842887512,0
0,0.22798945023979733,0
0,0.4568535511479516,0
0,0.04730059469492949,0
0,0.15442745410163963,0
0,0.05710337822349197,0
0,0.028961206945903206,0
0,0.17705365516954977,0
0,0.09825940264390814,0
0,0.11867038385712873,0
0,0.8583259047674129,1
0,0.6541404034498756,1
0,0.3117987384658362,0
0,0.020454796452744485,0
0,0.028840957003974967,0
0,0.028635182114397056,0
0,0.0561614756647749,0
0,0.008678313630705129,0
0,0.11795721113712349,0
0,0.7826149310684889,1
0,0.029025923640625336,0
0,0.2751944708549059,0
0,0.12574883471873372,0
0,0.12844287796505136,0
0,0.1198274816331015,0
0,0.026019011522421264,0
0,0.011808235900114152,0
0,0.002938660188382407,0
0,0.02950856431935866,0
0,0.13022354335962388,0
0,0.1696593091462391,0
0,0.14022798168234463,0
0,0.1799730326326112,0
0,0.08819756630735501,0
0,0.0667586240396083,0
0,0.2119514063853091,0
0,0.03196727529968381,0
0,0.2375146423275639,0
0,0.08136931360078418,0
0,0.025896198968294967,0
0,0.45984776122152854,0
0,0.0613527171705807,0
0,0.4143844438477977,0
0,0.19710285478636264,0
0,0.44778923067890997,0
0,0.026989124966250853,0
0,0.3753096677362989,0
0,0.039179873537159245,0
0,0.31782761387162367,0
0,0.9161272902348367,1
0,0.672437940148456,1
0,0.17879571913248668,0
0,0.10356452664436745,0
0,0.06161685916326546,0
0,0.024540422705790915,0
0,0.900574391073802,1
0,0.012192961899279485,0
0,0.11128804458740262,0
0,0.04660772976907448,0
0,0.17751831047179661,0
0,0.5143983207826165,1
0,0.17926393685532624,0
0,0.27572475397374185,0
0,0.17563784320109269,0
0,0.07848468922246866,0
0,0.011519221728366625,0
0,0.3330076891890919,0
0,0.48343751827067294,0
0,0.027569489978225028,0
0,0.02874272598829175,0
0,0.07886325338671504,0
0,0.6783885160877864,1
0,0.25353190956799077,0
0,0.34584010467255893,0
0,0.22101914155093555,0
0,0.38956752514626447,0
0,0.18291009015486415,0
0,0.19667689107039144,0
0,0.3818515855539659,0
0,0.09296416250591721,0
0,0.19096275483110287,0
0,0.13600100694022607,0
0,0.012591364407897501,0
0,0.5395551867196962,1
0,0.11734503256157423,0
0,0.15338266934874453,0
0,0.11524257368206828,0
0,0.09890358374287728,0
0,0.020560553099607866,0
0,0.03939808395036552,0
0,0.010009320907363022,0
0,0.18136347982674975,0
0,0.15970801317899416,0
0,0.29536824437427783,0
0,0.04435803347275882,0
0,0.14426323429224852,0
0,0.494714231702066,0
0,0.06288411465942075,0
0,0.04994056296390267,0
0,0.03068343081458346,0
0,0.03562882489046175,0
0,0.028772620254395875,0
0,0.25865075960869266,0
0,0.06332039580548124,0
0,0.03359162623193444,0
0,0.011291282800821653,0
0,0.010584337831062086,0
0,0.014692054118674028,0
0,0.02481487905264857,0
0,0.0838601286756845,0
0,0.2009269413967007,0
0,0.2040090651327287,0
0,0.011295446951168969,0
0,0.23636167169392533,0
0,0.08813061813199385,0
0,0.015182803033980192,0
0,0.7648889760935167,1
0,0.05117938161413721,0
0,0.21597682782845842,0
0,0.030900867363711827,0
0,0.14141970312324156,0
0,0.06710669516932577,0
0,0.04191555168909323,0
0,0.21544464871254546,0
0,0.27560040494129123,0
0,0.11771099432251139,0
0,0.14197344761250355,0
0,0.2930579771787367,0
0,0.3288008324775311,0
0,0.12887050101704547,0
0,0.1200513463449803,0
0,0.08314131030830915,0
0,0.03277130855389146,0
0,0.13340702436346655,0
0,0.02357925410565065,0
0,0.11483238891397705,0
0,0.028401375807108633,0
0,0.5556075980771764,1
0,0.10368216704226078,0
0,0.031817700671166356,0
0,0.729797617082178,1
0,0.02833730741755656,0
0,0.10705462492914816,0
0,0.09593259350933026,0
0,0.05985775010242126,0
0,0.4126775235069482,0
0,0.12591731870183195,0
0,0.08817341788391761,0
0,0.0052995952189498615,0
0,0.7808566888268866,1
0,0.13927156017965142,0
0,0.07792061708253578,0
0,0.013736727594654035,0
0,0.15391792091578158,0
0,0.03896674034191575,0
0,0.07722455525704619,0
0,0.01069331780829543,0
0,0.5564426287998525,1
0,0.17310854821622665,0
0,0.0778997819009391,0
0,0.21983934810544867,0
0,0.021148194872990553,0
0,0.9252162566923617,1
0,0.7229789131076356,1
0,0.40083847821708274,0
0,0.017194699936473743,0
0,0.06732903614850191,0
0,0.40107170977546486,0
0,0.04132357541402005,0
0,0.3286114503557438,0
0,0.23491447220369327,0
0,0.0813375713630277,0
0,0.06306734282009532,0
0,0.010923908831733832,0
0,0.047545326702424666,0
0,0.6827011044860003,1
0,0.12305099350215755,0
0,0.11849978671590213,0
0,0.05565125109381957,0
0,0.05410110806017137,0
0,0.11901357862817133,0
0,0.04564723862276464,0
0,0.08530223096497723,0
0,0.5468455609491296,1
0,0.06449668665172209,0
0,0.8677190767089813,1
0,0.09461811244457322,0
0,0.09443002754509908,0
0,0.8115112688824083,1
0,0.5147360301040489,1
0,0.10010872307902631,0
0,0.010145255835743846,0
0,0.12526456329664704,0
0,0.15557938345069117,0
0,0.1739955794667662,0
0,0.2740031724254074,0
0,0.2660418320081401,0
0,0.06648241962066952,0
0,0.028853400456649976,0
0,0.11306327154819487,0
0,0.018310704858443865,0
0,0.037293440289744746,0
0,0.5171934667899318,1
0,0.040805909460590574,0
0,0.020613959373264518,0
0,0.016003934334442645,0
0,0.03229090524195074,0
0,0.0700185333686715,0
0,0.336304883700012,0
0,0.012015440114374368,0
0,0.22027937678906695,0
0,0.024236630899447435,0
0,0.02874316236553377,0
0,0.04770261467881563,0
0,0.08050519785701392,0
0,0.12606920497505666,0
0,0.09244403730250873,0
0,0.08538981325769204,0
0,0.32708045695233,0
0,0.46623175582183574,0
0,0.16332576292850384,0
0,0.12064935824841731,0
0,0.17424027833298888,0
0,0.04688694080407351,0
0,0.055023742282439815,0
0,0.718930345464264,1
0,0.018522816692602643,0
0,0.0011221811195494852,0
0,0.34058296696950074,0
0,0.14776916764513257,0
0,0.5397444966637982,1
0,0.06695448769617496,0
0,0.017265233022094,0
0,0.09821544962398421,0
0,0.07508647376149731,0
0,0.39207728980234086,0
0,0.18915981140505458,0
0,0.31694982177369346,0
0,0.5118649905485824,1
0,0.46927354009893374,0
0,0.017684331083180925,0
0,0.07491083100867318,0
0,0.019201375839190696,0
0,0.3127217763450672,0
0,0.6663145713701218,1
0,0.009383587101962016,0
0,0.13341419353813616,0
0,0.2111815153959888,0
0,0.04145809096356427,0
0,0.5115119036086043,1
0,0.06135952152528584,0
0,0.0887534814639481,0
0,0.020253084209535824,0
0,0.6999828322240739,1
0,0.021684317957773612,0
0,0.07193721952385641,0
0,0.30452728116764144,0
0,0.4468211170427075,0
0,0.19952668862769693,0
0,0.1465274867250062,0
0,0.15419963625189376,0
0,0.7354329783759275,1
0,0.031824348249187694,0
0,0.3222068209488555,0
0,0.03922591383774009,0
0,0.3122868279872344,0
0,0.4986959133372937,0
0,0.6253926034582725,1
0,0.9367380985859538,1
0,0.04761216447143822,0
0,0.014051422234403919,0
0,0.761228550457974,1
0,0.19584863660378146,0
0,0.12648958479090555,0
0,0.19325613414005965,0
0,0.05522539829971374,0
0,0.5806765556684853,1
0,0.16779088943450715,0
0,0.018461555286577187,0
0,0.135367882578754,0
0,0.4806955749597656,0
0,0.23657746567652072,0
0,0.08324068706736468,0
0,0.06404508894304621,0
0,0.369872230950001,0
0,0.025468877332770867,0
0,0.002198278032138796,0
0,0.4129174301222375,0
0,0.0190319946885467,0
0,0.038575239704879534,0
0,0.011485423757521767,0
0,0.0378946217722474,0
0,0.8890991258567419,1
0,0.11434576567231501,0
0,0.6832478412167927,1
0,0.09045603336610347,0
0,0.38371758137924133,0
0,0.08720737971612745,0
0,0.14881537580237694,0
0,0.5759051980141663,1
0,0.22744579597681647,0
0,0.89693248109137,1
0,0.13589281522906,0
0,0.04170420527508557,0
0,0.1819606393303094,0
0,0.003783718189280941,0
0,0.034266463796411926,0
0,0.4661442081464891,0
0,0.13401680965241106,0
0,0.07042039321690129,0
0,0.45221663413147845,0
0,0.012639569048285162,0
0,0.0629428911794141,0
0,0.02871343572055803,0
0,0.026940953217155873,0
0,0.06735461779549427,0
0,0.8851449953762697,1
0,0.03464735347549072,0
0,0.17997356527191063,0
0,0.07093872494129277,0
0,0.4284075713283683,0
0,0.007693414196821046,0
0,0.06017790284236449,0
0,0.06456974977305822,0
0,0.8195163324869238,1
0,0.20349367135195323,0
0,0.43579826437038494,0
0,0.20168993106223895,0
0,0.19207342246726017,0
0,0.17823955284289444,0
0,0.026687964854021005,0
0,0.1243174659137354,0
0,0.0637272487902456,0
0,0.6459831340516626,1
0,0.0510874775699506,0
0,0.012747300371078548,0
0,0.001469837859371474,0
0,0.0885391583356518,0
0,0.7930576486850136,1
0,0.1907435343682965,0
0,0.14502303179638473,0
0,0.09016525009080355,0
0,0.05970154097857567,0
0,0.7505377971197472,1
0,0.08540450941185024,0
0,0.15052642905066052,0
0,0.02401533541066814,0
0,0.01652533850687384,0
0,0.04058802553496095,0
0,0.45575042772996666,0
0,0.2500891281351737,0
0,0.29342233129891554,0
0,0.1051334811639521,0
0,0.1608776376704316,0
0,0.09077531097085578,0
0,0.31425069561336433,0
0,0.8429261828821463,1
0,0.09926736717745062,0
0,0.27688805474558426,0
0,0.23450237922366712,0
0,0.026591586747802372,0
0,0.20264249339762494,0
0,0.013971375517471425,0
0,0.13464793379556758,0
0,0.2732521047148795,0
0,0.2562287377119888,0
0,0.5390158424416562,1
0,0.10183989976106998,0
0,0.058714601164233264,0
0,0.13994138107427917,0
0,0.014996537384119029,0
0,0.15186378996123762,0
0,0.2930595238798081,0
0,0.03556208698853221,0
0,0.09381297300741132,0
0,0.15978444733288003,0
0,0.10225112023685916,0
0,0.13973876735224366,0
0,0.01766721837927163,0
0,0.028369653623395132,0
0,0.17084877178734953,0
0,0.8151168555628919,1
0,0.9326645850656644,1
0,0.2840973643435249,0
0,0.026330673366554827,0
0,0.2688490279630596,0
0,0.010494017528796319,0
0,0.07149067312741772,0
0,0.3957518490586582,0
0,0.16671151855671132,0
0,0.47902796641293083,0
0,0.1016610196477629,0
0,0.07227569013968853,0
0,0.9419513742207491,1
0,0.04276977545151772,0
0,0.17183686719575791,0
0,0.4938058896432391,0
0,0.0622862371581737,0
0,0.39437880486606314,0
0,0.06211583168301097,0
0,0.18961866774797742,0
0,0.10737876962071505,0
0,0.0598210214536455,0
0,0.10832293569819605,0
0,0.04611621619677779,0
0,0.08696055244903277,0
0,0.3773826716979894,0
0,0.0031901749648249565,0
0,0.009203787177911413,0
0,0.30199265788999374,0
0,0.01184039460148744,0
0,0.10827003002809749,0
0,0.34671509771128495,0
0,0.38191648068966244,0
0,0.10622688759426491,0
0,0.20806690188053753,0
0,0.12388402169253866,0
0,0.22084751664605462,0
0,0.02394512044326157,0
0,0.058925373724878265,0
0,0.02069980480929362,0
0,0.15384588674963254,0
0,0.0622680064550335,0
0,0.6055776137751863,1
0,0.00958584034041432,0
0,0.003507863555686874,0
0,0.026272605929416052,0
0,0.5370258377561229,1
0,0.21765139330222305,0
0,0.15275316162103567,0
0,0.5161869172188234,1
0,0.8127942848571218,1
0,0.08164631320830205,0
0,0.05284952018641342,0
0,0.3173830236626527,0
0,0.9132194353781709,1
0,0.17981918264056454,0
0,0.03792106871429258,0
0,0.09110269672639128,0
0,0.046015811519347284,0
0,0.29034025251546886,0
0,0.11226607053676127,0
0,0.6128598329402672,1
0,0.010405732157293493,0
0,0.18954334844617055,0
0,0.01529284066381492,0
0,0.004182902825916817,0
0,0.023669102406402666,0
0,0.10604487031283964,0
0,0.06398843156096926,0
0,0.24458779717559576,0
0,0.1324118853977852,0
0,0.29173622439147207,0
0,0.04459324539870967,0
0,0.1287108899236576,0
0,0.9349121264752716,1
0,0.28344559849900697,0
0,0.8022778513534254,1
0,0.01396164704121169,0
0,0.02119489900976038,0
0,0.06727836834314688,0
0,0.0687959595454838,0
0,0.1833008923947185,0
0,0.19268612977448596,0
0,0.010689415557246496,0
0,0.04572498854420483,0
0,0.07279415511200234,0
0,0.9478969527641442,1
0,0.7865250926513742,1
0,0.2045933507409079,0
0,0.09285389907992757,0
0,0.24832058623277745,0
0,0.9335809264790269,1
0,0.2876793611842186,0
0,0.4023855766131797,0
0,0.7555718657689021,1
0,0.7230494898161567,1
0,0.3006137760901811,0
0,0.189233375775755,0
0,0.23037373435010236,0
0,0.04379695112297198,0
0,0.03537742050336827,0
0,0.5691712380623831,1
0,0.04301867239484723,0
0,0.13075903239923467,0
0,0.045901346824987414,0
0,0.06078725948261314,0
0,0.06335122451143343,0
0,0.11288092271547152,0
0,0.011499173886517921,0
0,0.009489085613182303,0
0,0.3998098771135542,0
0,0.7625907981581634,1
0,0.1983179805058183,0
0,0.10499807757540097,0
0,0.11932595937480334,0
0,0.06832914416476583,0
0,0.2643907774688798,0
0,0.2024376559754213,0
0,0.011600185447034712,0
0,0.1272426916362211,0
0,0.33716404846166037,0
0,0.16137846254560753,0
0,0.039165432696062465,0
0,0.6693302392991068,1
0,0.017965733580015682,0
0,0.21374731109410972,0
0,0.1812534849959148,0
0,0.43110825990350515,0
0,0.11270080983023181,0
0,0.5962325205490132,1
0,0.049953002247980674,0
0,0.05080054321842487,0
0,0.15431573265834003,0
0,0.17846389485115893,0
0,0.014653632080601142,0
0,0.13117409564607324,0
0,0.4531481218557607,0
0,0.14070693088834244,0
0,0.07256901526067763,0
0,0.08598133916718739,0
0,0.17709706243820494,0
0,0.03463096656911947,0
0,0.9322602993596267,1
0,0.17294213140616582,0
0,0.005151706974104992,0
0,0.11866528147828913,0
0,0.05194275866992342,0
0,0.26221703832368476,0
0,0.04790647829045182,0
0,0.2152288613373585,0
0,0.014150500660291224,0
0,0.02518943507175538,0
0,0.0787209331889454,0
0,0.008313732509374299,0
0,0.6099027174599894,1
0,0.004485780668483926,0
0,0.03575858406921114,0
0,0.0075378968484315495,0
0,0.10305699324162117,0
0,0.007701471918977266,0
0,0.21239250810318724,0
0,0.34915168050671413,0
0,0.27784698917218803,0
0,0.2661398050874435,0
0,0.07106401858254233,0
0,0.5855516398664967,1
0,0.2245439496644507,0
0,0.03996333740435305,0
0,0.0709020269232785,0
0,0.15473907697080813,0
0,0.02361907709456982,0
0,0.05945066178344,0
0,0.294138375042234,0
0,0.757063113296645,1
0,0.2390487115750345,0
0,0.32762126504059624,0
0,0.8814954678679905,1
0,0.057000646954718924,0
0,0.14947484629523794,0
0,0.05828749465810516,0
0,0.15321206755327732,0
0,0.23065584252497712,0
0,0.0038695738872372002,0
0,0.04160978187559418,0
0,0.0593363335067087,0
0,0.3600096922441418,0
0,0.9667738006182368,1
0,0.3503880566386237,0
0,0.11757510654463146,0
0,0.17706533688864912,0
0,0.05283432291461007,0
0,0.028750624773089022,0
0,0.061359887831628185,0
0,0.31044233542442623,0
0,0.0241547237661507,0
0,0.1676204601130472,0
0,0.11775613270696926,0
0,0.2087444935628794,0
0,0.44396620717937524,0
0,0.8493479207680075,1
0,0.017959797175191413,0
0,0.07200937441615984,0
0,0.8397844893195978,1
0,0.18184243272326478,0
0,0.04603181289026882,0
0,0.09865835716149954,0
0,0.5007036357469586,0
0,0.2449345483758062,0
0,0.027427735581081844,0
0,0.019237040251556523,0
0,0.0757711941128051,0
0,0.7738349051943579,1
0,0.1696881140600257,0
0,0.051548067607870805,0
0,0.06225967878698261,0
0,0.29666601129053904,0
0,0.12782589536132358,0
0,0.013578572996272865,0
0,0.6706587338180577,1
0,0.008725377483099853,0
0,0.0925028407950313,0
0,0.005207984389679316,0
0,0.1148867243146587,0
0,0.2965067416242237,0
0,0.9613098053200583,1
0,0.20172341195302612,0
0,0.029418031346691857,0
0,0.21295215514684096,0
0,0.014898769847323022,0
0,0.026831981654181776,0
0,0.12961412274725162,0
0,0.04915183628201362,0
0,0.003525612126435637,0
0,0.12494132144227185,0
0,0.007553169456597277,0
0,0.048100999422019446,0
0,0.37545537057054507,0
0,0.22119245690407324,0
0,0.3866187292215318,0
0,0.533186771285403,1
0,0.32600269166494955,0
0,0.2566050112779849,0
0,0.03250115334231665,0
0,0.35832103259505244,0
0,0.03320806605668689,0
0,0.0877671758610639,0
0,0.08787024546075867,0
0,0.0725510904485659,0
0,0.05940282550595276,0
0,0.09240588127456831,0
0,0.13891716462970655,0
0,0.1766454576012552,0
0,0.09663771155844782,0
0,0.3368233476545472,0
0,0.05811856447796241,0
0,0.22834293034032216,0
0,0.054127211008368176,0
0,0.06008337372296595,0
0,0.0606235238037825,0
0,0.17072481015970728,0
0,0.10165614710512427,0
0,0.01784561402955107,0
0,0.08623882292668188,0
0,0.1738181726259661,0
0,0.022788192888378755,0
0,0.4127637448725749,0
0,0.01713038512615921,0
0,0.5773684554125794,1
0,0.8254118227269449,1
0,0.0407551830150347,0
0,0.7618614640418105,1
0,0.004611822559027959,0
0,0.3500399731711592,0
0,0.3564525034382683,0
0,0.019250602658162745,0
0,0.06639257693439969,0
0,0.07163654328008766,0
0,0.2926950263641926,0
0,0.607062340635057,1
0,0.1932241961872468,0
0,0.05182337465572275,0
0,0.041650051402142445,0
0,0.013436335247503064,0
0,0.06710072424823689,0
0,0.0021724936111516876,0
0,0.10468187652955752,0
0,0.01459745618642386,0
0,0.030053124885686303,0
0,0.27744411430812604,0
0,0.29100323184811644,0
0,0.4098427896217929,0
0,0.3824490323966079,0
0,0.1501365576537791,0
0,0.01877569405124971,0
0,0.053053093827758226,0
0,0.1812285039848147,0
0,0.08740828456469886,0
0,0.7953524103900382,1
0,0.47078777403241834,0
0,0.053508687843807086,0
0,0.37882890518117757,0
0,0.24419665440569188,0
0,0.16241804072306568,0
0,0.13385568020692706,0
0,0.060309265971071314,0
0,0.2888620705522115,0
0,0.32620752875147246,0
0,0.056500971793762796,0
0,0.026220558739764734,0
0,0.2665034902557944,0
0,0.08596326769620483,0
0,0.006262545517672151,0
0,0.7797732530967518,1
0,0.6400423742194593,1
0,0.02701315627224089,0
0,0.22355788628809667,0
0,0.12624770618733805,0
0,0.09170386387726229,0
0,0.3856500939643673,0
0,0.10597037667963642,0
0,0.314936331792496,0
0,0.030551557651593925,0
0,0.14607960881598445,0
0,0.0772619236057039,0
0,0.02383315793691515,0
0,0.09488484983879342,0
0,0.017318496895462675,0
0,0.21165772076575862,0
0,0.06957541773886426,0
0,0.876225180767187,1
0,0.2335027071327068,0
0,0.05937282464335596,0
0,0.10466892215966289,0
0,0.02783404050285966,0
0,0.007041929284556792,0
0,0.3461882448284131,0
0,0.23098703118405317,0
0,0.4118055361074717,0
0,0.04845186501652251,0
0,0.7724511066679597,1
0,0.01181568069663691,0
0,0.019702121154409058,0
0,0.6150901302536035,1
0,0.08397444022715148,0
0,0.16712379327060997,0
0,0.0012782106765240142,0
0,0.17240326948697474,0
0,0.15467630456944698,0
0,0.028900028540702807,0
0,0.04883214388854468,0
0,0.1928071155238127,0
0,0.1849254072823722,0
0,0.5497160769837357,1
0,0.681141137707437,1
0,0.3722891773065138,0
0,0.02907962904926029,0
0,0.07672829452528024,0
0,0.02471585275068248,0
0,0.11682442325386268,0
0,0.04266364016666819,0
0,0.05834342236213999,0
0,0.015194915602483794,0
0,0.05622608980990602,0
0,0.039887461891732416,0
0,0.005103825897159817,0
0,0.045496975473888465,0
0,0.171667034241907,0
0,0.7886728367268006,1
0,0.025634479478182592,0
0,0.0366507859198315,0
0,0.09036133314905061,0
0,0.15301469428835823,0
0,0.04804997982596894,0
0,0.42582895552706024,0
0,0.7225911612740645,1
0,0.728638358561155,1
0,0.023772410540597956,0
0,0.10472053782575469,0
0,0.06545020371457598,0
0,0.1943861751657133,0
0,0.02441812638647038,0
0,0.13145728707512208,0
0,0.09380239278145093,0
0,0.1180661216588861,0
0,0.052302742050322495,0
0,0.06220261087374724,0
0,0.5233442718076935,1
0,0.14995722626471197,0
0,0.08302886089025459,0
0,0.05195359483274989,0
0,0.06377381371415292,0
0,0.34208082586058214,0
0,0.06739036585496885,0
0,0.0266886342345654,0
0,0.24899459798250614,0
0,0.026363926920534284,0
0,0.19637477691310357,0
0,0.05642283656991191,0
0,0.3508684597166327,0
0,0.017595608420922847,0
0,0.5165559694814237,1
0,0.022504940828699884,0
0,0.047919622912573484,0
0,0.1468231589480661,0
0,0.18961799911668928,0
0,0.46582389395840795,0
0,0.04276522997472082,0
0,0.31234032094033654,0
0,0.8735844840766783,1
0,0.06050187086943121,0
0,0.09646732613707115,0
0,0.09927402828897744,0
0,0.13581179067783786,0
0,0.0364123199741686,0
0,0.30877789362805974,0
0,0.1954281088643403,0
0,0.010328108390042971,0
0,0.004945219489895777,0
0,0.39458696597230924,0
0,0.11091788420682888,0
0,0.1702013947498974,0
0,0.1771898169753257,0
0,0.07260576118548757,0
0,0.17851182400684554,0
0,0.5059027844313881,0
0,0.05080354069825163,0
0,0.18460139768695508,0
0,0.23909631321288802,0
0,0.1367168246706726,0
0,0.1031118144991009,0
0,0.15518058776264002,0
0,0.4466376336204776,0
0,0.0682069155125844,0
0,0.31865041355508833,0
0,0.20951278087378572,0
0,0.0126458331963602,0
0,0.009951124327368962,0
0,0.10554557094054269,0
0,0.6227939315094315,1
0,0.14327705299540677,0
0,0.0392950012092458,0
0,0.14543238711651366,0
0,0.8957089098592989,1
0,0.09278006974869789,0
0,0.02597948829578831,0
0,0.08380575375500883,0
0,0.09614131852320447,0
0,0.04568019196457859,0
0,0.19483833057997615,0
0,0.03907437504383719,0
0,0.3150423399466318,0
0,0.5886868256001335,1
0,0.020766269973429306,0
0,0.7380240316597264,1
0,0.11224308970425731,0
0,0.04804684268985613,0
0,0.07304093717999731,0
0,0.5175235914913187,1
0,0.3742270755264337,0
0,0.04522653440757821,0
0,0.038082438588051895,0
0,0.1985037682581547,0
0,0.619395968735538,1
0,0.05128728916393124,0
0,0.30010708305737,0
0,0.6063188667518322,1
0,0.23010717587830326,0
0,0.04999632379046335,0
0,0.19302855726661206,0
0,0.34258251921221905,0
0,0.03142759569262098,0
0,0.02376156100682799,0
0,0.09110051392923185,0
0,0.18728546255711825,0
0,0.1260417086715057,0
0,0.0234442461670145,0
0,0.2616287921120567,0
0,0.043921182899354844,0
0,0.008191324767628133,0
0,0.18438128688693786,0
0,0.12370415777812063,0
0,0.060400490752536215,0
0,0.04462908879663605,0
0,0.198897643863847,0
0,0.4463130853135748,0
0,0.014444422702696292,0
0,0.034349695760288054,0
0,0.10578663693444312,0
0,0.11734281055115475,0
0,0.013254126257743911,0
0,0.049789069329125295,0
0,0.1219276639556912,0
0,0.05554134467237489,0
0,0.2617990949117487,0
0,0.014463280013829065,0
0,0.3690260928594727,0
0,0.17729636469171275,0
0,0.0771970249902137,0
0,0.11425693614005412,0
0,0.16371426306180667,0
0,0.20641800053265694,0
0,0.18519290862132406,0
0,0.2909889403735157,0
0,0.32087634340926025,0
0,0.08019922822304092,0
0,0.19531719099834338,0
0,0.19730671848117382,0
0,0.16267625313988768,0
0,0.16293183149067397,0
0,0.26333537462942835,0
0,0.3533922851846906,0
0,0.20576380806680877,0
0,0.1013925637253444,0
0,0.4915768514704016,0
0,0.0875653088434765,0
0,0.29556914771737525,0
0,0.7051344583106669,1
0,0.9301586615872165,1
0,0.02717904819427591,0
0,0.3707892919126183,0
0,0.33637774100701096,0
0,0.4894463910294587,0
0,0.05457178505595528,0
0,0.3659318210344026,0
0,0.019029730682330947,0
0,0.6027002222406509,1
0,0.11420517636310326,0
0,0.157047817472204,0
0,0.016072087751087292,0
0,0.05917421909250163,0
0,0.65306599854646,1
0,0.09357358472488288,0
0,0.23331045756792357,0
0,0.11767329009931801,0
0,0.04853562240117577,0
0,0.0025838064860784125,0
0,0.03670161907464733,0
0,0.3302562884981714,0
0,0.03850329036121322,0
0,0.0738472422030877,0
0,0.03305371184844304,0
0,0.34260636515448206,0
0,0.09255669045857219,0
0,0.6047213114967341,1
0,0.15930840767152643,0
0,0.03312609839111583,0
0,0.3410914027023999,0
0,0.11851842784963297,0
0,0.24385676243797982,0
0,0.032470741655210945,0
0,0.0344448250908384,0
0,0.35695871936447804,0
0,0.48178294935243726,0
0,0.6779480999946996,1
0,0.040554979576336685,0
0,0.06515314625169956,0
0,0.05760746676044745,0
0,0.17949623888652608,0
0,0.016296357297419916,0
0,0.1970866716578345,0
0,0.290673113812998,0
0,0.4335197842492814,0
0,0.049580672149593254,0
0,0.32594453706821586,0
0,0.1292480041452071,0
0,0.5134459065886519,1
0,0.09458126493941056,0
0,0.22912631698821373,0
0,0.08564776312524736,0
0,0.019517998539088272,0
0,0.2419955153462668,0
0,0.08465087891663857,0
0,0.24466558107523304,0
0,0.24931662785867706,0
0,0.058750855907228415,0
0,0.22693199402735337,0
0,0.06423142369907738,0
0,0.022742914335589226,0
0,0.1229330684559671,0
0,0.33940595374666055,0
0,0.10059155073061393,0
0,0.06952642317772899,0
0,0.05761587118280725,0
0,0.03289345271210282,0
0,0.28718279805329516,0
0,0.11478336392423857,0
0,0.6886256333424609,1
0,0.019684694466255506,0
0,0.08437593641949036,0
0,0.022215418319475544,0
0,0.11771002263320617,0
0,0.0714351993726178,0
0,0.2969803959523187,0
0,0.03039046854053458,0
0,0.05276262425067627,0
0,0.09808756749862492,0
0,0.0024439861397837813,0
0,0.08570655978467029,0
0,0.02819593348397701,0
0,0.01420921001902804,0
0,0.11595316648115844,0
0,0.05531722781021894,0
0,0.020292341723384986,0
0,0.08721395787108781,0
0,0.06601766189053244,0
0,0.9348674540369465,1
0,0.40805512191627313,0
0,0.09916955766706867,0
0,0.2230922166872345,0
0,0.07881364473560314,0
0,0.9550872132037654,1
0,0.060593758246066595,0
0,0.6671040479112984,1
0,0.19056367941534277,0
0,0.14377160963458577,0
0,0.0717122206223336,0
0,0.002556543836798029,0
0,0.08307555344465464,0
0,0.8581740845940323,1
0,0.1141999340365646,0
0,0.2106045684228368,0
0,0.01598443228802578,0
0,0.01110741915982322,0
0,0.135261062500976,0
0,0.3216170039569096,0
0,0.09191377019730015,0
0,0.20869642550043857,0
0,0.0213182467504814,0
0,0.5793668262666417,1
0,0.16723408599307168,0
0,0.03042504705930454,0
0,0.40467364876847645,0
0,0.7567702625747784,1
0,0.03200591339767195,0
0,0.02713174375320614,0
0,0.0812128139795283,0
0,0.37292839380021287,0
0,0.4469814600747423,0
0,0.024700232716875183,0
0,0.14068800587746144,0
0,0.23640295215163523,0
0,0.7763167646641845,1
0,0.2565872903939892,0
0,0.6912952553223306,1
0,0.09925848019892165,0
0,0.4578767373201757,0
0,0.20003302742624487,0
0,0.6016356897600013,1
0,0.0725728902992487,0
0,0.08457472488157909,0
0,0.044296633853081045,0
0,0.5315957621467036,1
0,0.0938367782643857,0
0,0.03346741472328254,0
0,0.21940222225614484,0
0,0.31393741736314906,0
0,0.0234947916590195,0
0,0.13746594227395192,0
0,0.36171256530803136,0
0,0.402582603216435,0
0,0.5270672594349778,1
0,0.018660659077441234,0
0,0.49409620127881754,0
0,0.37681960765128586,0
0,0.543710858232772,1
0,0.07957071409748374,0
0,0.06570181902508142,0
0,0.108161251218966,0
0,0.2552993002524017,0
0,0.12856076456012042,0
0,0.06579175706019977,0
0,0.1270379816040646,0
0,0.45029030596191083,0
0,0.29089819323365396,0
0,0.20883143776628357,0
0,0.07795214831188825,0
0,0.015309366108311667,0
0,0.11865718375423837,0
0,0.07216668960915032,0
0,0.29980230714051226,0
0,0.20660236862084086,0
0,0.06844264898235186,0
0,0.39054112515794964,0
0,0.04541216697200176,0
0,0.04967368079956316,0
0,0.6252985766108131,1
0,0.02993585691213505,0
0,0.36708020248860035,0
0,0.6948269361799659,1
0,0.16143288794168614,0
0,0.5300947720461384,1
0,0.6821856313654457,1
0,0.03855086501987445,0
0,0.3353247878935483,0
0,0.6697586545952192,1
0,0.006069433616146909,0
0,0.057201085162433676,0
0,0.3013610537269897,0
0,0.11452028799480822,0
0,0.15490968895186322,0
0,0.15741787134514684,0
0,0.3015992643605457,0
0,0.09657093666001834,0
0,0.48533815204270403,0
0,0.07875145333053153,0
0,0.030579955514252872,0
0,0.34000012871531154,0
0,0.44331804531697294,0
0,0.16681594900731955,0
0,0.058632162167525856,0
0,0.40687287121554316,0
0,0.32107116330852553,0
0,0.4533175528611866,0
0,0.017662209967765043,0
0,0.6069809901409678,1
0,0.48663089958215644,0
0,0.36558600462448665,0
0,0.0694428844938242,0
0,0.04862363475217857,0
0,0.0897242371441832,0
0,0.044618240473085734,0
0,0.15817506457280853,0
0,0.06651088197069348,0
0,0.01866443706202225,0
0,0.593020883335084,1
0,0.40668725914681936,0
0,0.09069482564661026,0
0,0.05420261518352592,0
0,0.02236766302000234,0
0,0.44458285462037556,0
0,0.08786845868837224,0
0,0.0040366543969500525,0
0,0.460192228350114,0
0,0.00798319528616165,0
0,0.07118269032076097,0
0,0.1326787014959819,0
0,0.09779253051881862,0
0,0.3078904011141492,0
0,0.9129422686340845,1
0,0.06451349950761762,0
0,0.04016498571261006,0
0,0.008181690954658833,0
0,0.32029203888790697,0
0,0.17458014280639175,0
0,0.18193088183343137,0
0,0.0951504634327829,0
0,0.026202977569595675,0
0,0.4388275065190312,0
0,0.054817669096775004,0
0,0.1292387937177983,0
0,0.3567873734326507,0
0,0.27557980849402036,0
0,0.4109041105698749,0
0,0.8368159202082788,1
0,0.18609745090364987,0
0,0.541159531978089,1
0,0.03875032145257605,0
0,0.26080224934718976,0
0,0.2303249206333424,0
0,0.015446551908529107,0
0,0.14658856577363266,0
0,0.0878501882247847,0
0,0.6646165649065946,1
0,0.8254392767294972,1
0,0.10609821285656557,0
0,0.5649040971136167,1
0,0.0009614771178184362,0
0,0.2885120646100226,0
0,0.06641123729890805,0
0,0.0892192559040765,0
0,0.16009759215887764,0
0,0.11632528496094549,0
0,0.058981153466589914,0
0,0.0857462966340825,0
0,0.1751836716995181,0
0,0.5227461274199856,1
0,0.10126004041258994,0
0,0.0346863498790512,0
0,0.015934490916245596,0
0,0.3732075766168903,0
0,0.135934188498911,0
0,0.3295996391475888,0
0,0.11441033333804496,0
0,0.09650306186942317,0
0,0.028097546588683363,0
0,0.11109187814036481,0
0,0.18470438761455932,0
0,0.024879908756470517,0
0,0.05593057238316782,0
0,0.16890413184515427,0
0,0.6728572744503912,1
0,0.9137430154732772,1
0,0.5478464149377867,1
0,0.12508158472051906,0
0,0.6553161041941113,1
0,0.07937452478297684,0
0,0.4207961167281379,0
0,0.15941428425114448,0
0,0.08264769423146791,0
0,0.019026525449427754,0
0,0.26381438234681087,0
0,0.04670069676855057,0
0,0.08376009648633838,0
0,0.2669678940530411,0
0,0.0581479717995865,0
0,0.23103554375966215,0
0,0.1965625597349746,0
0,0.10443621112610789,0
0,0.02338694940430137,0
0,0.3831843362143068,0
0,0.6204515248691269,1
0,0.724498485141405,1
0,0.09979488848955756,0
0,0.05240144303883878,0
0,0.39219638870837786,0
0,0.10826323249068177,0
0,0.15346773786199153,0
0,0.0238944536159864,0
0,0.2981263370159497,0
0,0.02390406858865889,0
0,0.032306458472010365,0
0,0.003273132356839559,0
0,0.8854812989262593,1
0,0.013356239606343858,0
0,0.4746422346665547,0
0,0.030959495974166213,0
0,0.5220747113215306,1
0,0.8398472502887916,1
0,0.3095327402932104,0
0,0.09465947772701654,0
0,0.016577890670761136,0
0,0.5155195632256542,1
0,0.6251397473649387,1
0,0.07524330944182699,0
0,0.6407509030981426,1
0,0.04629399542591896,0
0,0.11146370604455866,0
0,0.0052668646864184685,0
0,0.03127321827964963,0
0,0.14063551763840126,0
0,0.11963363552231716,0
0,0.005174486960708958,0
0,0.3128200719131749,0
0,0.25295226250745134,0
0,0.7890207617835443,1
0,0.41927694398270765,0
0,0.0043295826674124216,0
0,0.2675046758373964,0
0,0.5429627567437166,1
0,0.039588306364337175,0
0,0.10106237482185267,0
0,0.2756614868664973,0
0,0.15722278937522305,0
0,0.20962183481084118,0
0,0.11781518041516474,0
0,0.05396676946906681,0
0,0.32620679791043655,0
0,0.04301013556703943,0
0,0.06466922017962898,0
0,0.38417768062063234,0
0,0.005337025884566094,0
0,0.02539608863405562,0
0,0.00016599557065322975,0
0,0.601550884360958,1
0,0.6412412625554377,1
0,0.3953919133585207,0
0,0.30146279897482625,0
0,0.43128161385850117,0
0,0.6825222509085352,1
0,0.14186073028626076,0
0,0.3223978778668834,0
0,0.03082207017522882,0
0,0.45653107375014473,0
0,0.05807151222312664,0
0,0.34424241271845957,0
0,0.10939362412924344,0
0,0.6216291364829296,1
0,0.24030735094357306,0
0,0.09240208382319764,0
0,0.039381077415839294,0
0,0.06381369202793769,0
0,0.029054973500093718,0
0,0.09601391983262772,0
0,0.07305212889830212,0
0,0.5746842244243902,1
0,0.10863711812218667,0
0,0.17306078810896322,0
0,0.17597139810268597,0
0,0.45417582155663294,0
0,0.4858167232321669,0
0,0.1711931203225827,0
0,0.10153348526402091,0
0,0.16354830314824167,0
0,0.16959118272746912,0
0,0.0699038427716104,0
0,0.48392472422771593,0
0,0.3615404087118635,0
0,0.4465129947522088,0
0,0.5107022443109343,0
0,0.07822614711718603,0
0,0.19528330801277852,0
0,0.05976350638355767,0
0,0.03422527355266517,0
0,0.3388872997714783,0
0,0.9154902645432628,1
0,0.33230783048300394,0
0,0.411730025054941,0
0,0.13802873638633553,0
0,0.011161194636681509,0
0,0.5230508079008097,1
0,0.0985705536335864,0
0,0.251102643209502,0
0,0.09361554175582287,0
0,0.4213596566127433,0
0,0.03456441634973008,0
0,0.040025950983448425,0
0,0.8062185220851933,1
0,0.19497147175009624,0
0,0.1965354283230509,0
0,0.9142673723280543,1
0,0.356144869011476,0
0,0.0442629087171167,0
0,0.24140984567650586,0
0,0.07259898108555156,0
0,0.44887740005186466,0
0,0.053476180988287055,0
0,0.14249089496588527,0
0,0.22087924224631983,0
0,0.03523887508693413,0
0,0.003001968536186254,0
0,0.03261565034400045,0
0,0.341345333485767,0
0,0.018303107824618643,0
0,0.9106519466990213,1
0,0.1868499616079463,0
0,0.016484410432123,0
0,0.11113774824275419,0
0,0.27670730171701124,0
0,0.017217930358535336,0
0,0.04869519771003893,0
0,0.7275916412012456,1
0,0.4394871761363055,0
0,0.5255696584387978,1
0,0.20835210604182486,0
0,0.1868305226513024,0
0,0.16946669824968338,0
0,0.03874850499945236,0
0,0.5018835849903637,0
0,0.04680909799192453,0
0,0.21748589558466253,0
0,0.2904399025968911,0
0,0.24678663488545635,0
0,0.04690586988638722,0
0,0.043728569298252515,0
0,0.0755264224917283,0
0,0.015568804005780715,0
0,0.017107581040089432,0
0,0.05326333733734346,0
0,0.4664831387566639,0
0,0.016589792714910775,0
0,0.25297100967652714,0
0,0.031709604925732444,0
0,0.6062111681069141,1
0,0.3960851139103925,0
0,0.007394113088911053,0
0,0.09970536711035893,0
0,0.33282328336820954,0
0,0.07014658969917582,0
0,0.4914879475658475,0
0,0.04272430336505797,0
0,0.1872629396333732,0
0,0.10238015221385796,0
0,0.19177964906673553,0
0,0.015574219212652202,0
0,0.10680134172203906,0
0,0.07145652997277278,0
0,0.5245854888404909,1
0,0.04770888873560021,0
0,0.4429595341789455,0
0,0.09532784492747817,0
0,0.00962091595052075,0
0,0.28810098245846116,0
0,0.03429332295604091,0
0,0.02627479455117666,0
0,0.008392567706984237,0
0,0.6343870458413866,1
0,0.2209167714042167,0
0,0.3047987497271197,0
0,0.12450805745163308,0
0,0.03513423811892717,0
0,0.10429331274177502,0
0,0.5067471361391794,0
0,0.20184704182752344,0
0,0.1077429295483779,0
0,0.05711120644515778,0
0,0.26867351138810003,0
0,0.06915445635559687,0
0,0.012795078472895051,0
0,0.03477625960729147,0
0,0.2804868680967578,0
0,0.11126368980563435,0
0,0.09499585237163785,0
0,0.1432306207000675,0
0,0.01570153664962543,0
0,0.14573713805174315,0
0,0.2129191552776751,0
0,0.03794790484859574,0
0,0.7838676770786276,1
0,0.2814740895087454,0
0,0.626912297943424,1
0,0.019107604952463556,0
0,0.12079425168954457,0
0,0.20462727242447518,0
0,0.10645536195183627,0
0,0.08078121112959036,0
0,0.10454100741920372,0
0,0.5180330229960162,1
0,0.0312583961767338,0
0,0.4142343865097582,0
0,0.8920543745346647,1
0,0.5952166716071502,1
0,0.007999459184746831,0
0,0.014395689518048317,0
0,0.025322354839334423,0
0,0.2918408605110025,0
0,0.30968380649156235,0
0,0.26447492117595545,0
0,0.07053502599000655,0
0,0.006283098708225592,0
0,0.244106674605429,0
0,0.22369144709147756,0
0,0.026457172419501306,0
0,0.030052899128638424,0
0,0.47152802734543714,0
0,0.03511284566299934,0
0,0.116448606878463,0
0,0.8328283654504054,1
0,0.0854078262494682,0
0,0.062483823480788195,0
0,0.013861131890071198,0
0,0.028108066790938566,0
0,0.008939497584302122,0
0,0.1691897818552146,0
0,0.20124864069164022,0
0,0.15985089689388568,0
0,0.6010384428861614,1
0,0.03394176586186491,0
0,0.12022225715201099,0
0,0.19316387223145096,0
0,0.562576344772753,1
0,0.16656700878426686,0
0,0.1830448343154425,0
0,0.14565269763441974,0
0,0.019572675529371766,0
0,0.6290562475071663,1
0,0.02241896032331911,0
0,0.025862383959909727,0
0,0.1811052740235031,0
0,0.07542012268457515,0
0,0.028163481839008405,0
0,0.10010245903238665,0
0,0.17492701601621882,0
0,0.0907419379584736,0
0,0.10055584761410975,0
0,0.03090580067695015,0
0,0.04969010990994997,0
0,0.10817786270206815,0
0,0.029103492371351077,0
0,0.23373898117102615,0
0,0.2738297933494224,0
0,0.025589919838090846,0
0,0.12992899287613452,0
0,0.1425670838395702,0
0,0.06407988769509583,0
0,0.015928639953585625,0
0,0.010741485065501826,0
0,0.0414055526813998,0
0,0.4912748477665946,0
0,0.03309680071090717,0
0,0.2742106336712322,0
0,0.45933810125281904,0
0,0.8484421280625607,1
0,0.13870392330218956,0
0,0.08491345786961857,0
0,0.40190448658115935,0
0,0.4443630281234344,0
0,0.018448096314141377,0
0,0.11187557678446727,0
0,0.07988292693228193,0
0,0.033293088812870734,0
0,0.2408116616718046,0
0,0.30987990539036536,0
0,0.022159228611618523,0
0,0.08020412336349726,0
0,0.13486049084838692,0
0,0.6090580061999615,1
0,0.007283909896600361,0
0,0.10223937358559607,0
0,0.2651310778188763,0
0,0.29243829977059044,0
0,0.8559578512828113,1
0,0.12409753057486993,0
0,0.38269435180735534,0
0,0.01655957811853527,0
0,0.5136977874983472,1
0,0.2212292030265188,0
0,0.03494535263253776,0
0,0.04791635423481804,0
0,0.08437978934158649,0
0,0.5825914819141875,1
0,0.013132652909886225,0
0,0.29835030817476316,0
0,0.03917614146330103,0
0,0.17422429694358577,0
0,0.009247887138847596,0
0,0.09518494129843334,0
0,0.11914611571820444,0
0,0.0862510991019482,0
0,0.34624812477566624,0
0,0.1891986546301399,0
0,0.10193701915150948,0
0,0.026184976364048068,0
0,0.09680624136179708,0
0,0.01995070834296993,0
0,0.03358758567227434,0
0,0.8132382943189671,1
0,0.061494348387990276,0
0,0.22364829332302139,0
0,0.043237526799265444,0
0,0.2799674660281299,0
0,0.051812560591752065,0
0,0.40486916862541217,0
0,0.708880558251041,1
0,0.026493605560934642,0
0,0.1699293039482212,0
0,0.43858988983844804,0
0,0.08780220209161026,0
0,0.06397569535748988,0
0,0.17429548761692587,0
0,0.16134751779977344,0
0,0.1907196950847514,0
0,0.15801240507327374,0
0,0.026087842056332553,0
0,0.2584476214366845,0
0,0.15271047296261833,0
0,0.1772158333583996,0
0,0.1455611948927092,0
0,0.025293938608130243,0
0,0.6322971642470883,1
0,0.07570192132370904,0
0,0.026120195787390263,0
0,0.4490590806586789,0
0,0.0005904962555982931,0
0,0.7233644002810392,1
0,0.03131404942812707,0
0,0.1323912463795571,0
0,0.3789268000306518,0
0,0.3112768400462085,0
0,0.4253866293427672,0
0,0.027700708996653185,0
0,0.19080237163100736,0
0,0.09709558475259854,0
0,0.7456881567131768,1
0,0.27197811200198413,0
0,0.08271906534185147,0
0,0.18940579908490926,0
0,0.4184338851101663,0
0,0.08138211464598018,0
0,0.9823491698702509,1
0,0.10461833588501596,0
0,0.15555057035580255,0
0,0.07725034951475397,0
0,0.7195739692206957,1
0,0.1811098594875223,0
0,0.4403160519852734,0
0,0.07008549411051992,0
0,0.14509916697150946,0
0,0.33865763260646115,0
0,0.03563887482181747,0
0,0.05334376516513852,0
0,0.009524687709114,0
0,0.09099987626832641,0
0,0.20386853748266665,0
0,0.05251475159216735,0
0,0.008220189742243337,0
0,0.8906723008064514,1
0,0.04830468396846824,0
0,0.00524364739023517,0
0,0.18274839264604756,0
0,0.03440445638821075,0
0,0.18565104208713712,0
0,0.01669752592144133,0
0,0.01383752464383457,0
0,0.014864370667728591,0
0,0.041840107183453025,0
0,0.009407391855770419,0
0,0.12079744523180631,0
0,0.09509119406973507,0
0,0.05226245568366627,0
0,0.2158046741943726,0
0,0.8239391567301809,1
0,0.14192013378477458,0
0,0.04614000989467179,0
0,0.05682482674397445,0
0,0.125619728462504,0
0,0.47144879243236415,0
0,0.42087407975494123,0
0,0.7477231685971548,1
0,0.035279891563731715,0
0,0.4439124436609019,0
0,0.15175310521619334,0
0,0.6102222115175747,1
0,0.28623842184553616,0
0,0.06835190205224177,0
0,0.7355753212782238,1
0,0.004791584086621358,0
0,0.03618821701745536,0
0,0.36941139765265435,0
0,0.18817215332419898,0
0,0.03316890012519934,0
0,0.039284017894289786,0
0,0.2338986083775906,0
0,0.01606774620031185,0
0,0.27473213523136697,0
0,0.1383493337575988,0
0,0.0960853116668281,0
0,0.010254395635334864,0
0,0.14238177729790213,0
0,0.025908094046235532,0
0,0.14124553122368658,0
0,0.03323415599724024,0
0,0.0422606069916937,0
0,0.009706539811245344,0
0,0.009129315909774286,0
0,0.2588672001514078,0
0,0.7190808297064194,1
0,0.02385202299895952,0
0,0.1694465854540897,0
0,0.1179706936277107,0
0,0.7704570320164806,1
0,0.23181226719172607,0
0,0.0016293488453517338,0
0,0.0857757890413316,0
0,0.04732437843283777,0
0,0.21823436518875403,0
0,0.6588061924341804,1
0,0.18630795742343556,0
0,0.5861779739504872,1
0,0.15292533738500177,0
0,0.07812811466185446,0
0,0.9306617572952495,1
0,0.40194283241593437,0
0,0.13285796194462154,0
0,0.5756400800784536,1
0,0.14659743775908324,0
0,0.018476706635244262,0
0,0.035014242428836724,0
0,0.3613658703039622,0
0,0.5599493948595217,1
0,0.8781637757816225,1
0,0.035268583058589376,0
0,0.030473141192320113,0
0,0.2250778817725579,0
0,0.5842229056044421,1
0,0.04232738350242599,0
0,0.11827677057655236,0
0,0.10830274164424486,0
0,0.053594957309855994,0
0,0.9748105874331724,1
0,0.41708590008799323,0
0,0.029893871684537644,0
0,0.017819905198206032,0
0,0.005536674311612781,0
0,0.0895499766376085,0
0,0.43929130020324975,0
0,0.31077650503845083,0
0,0.06523362149348556,0
0,0.10937193608739647,0
0,0.142432122141739,0
0,0.27512710764016163,0
0,0.1343726731367648,0
0,0.5759733778952733,1
0,0.6075270254157238,1
0,0.06350645661720097,0
0,0.014765312508782512,0
0,0.2228581572488859,0
0,0.02131664311392388,0
0,0.17306344527311412,0
0,0.032606192629806796,0
0,0.32292406057178563,0
0,0.10111165318453873,0
0,0.18430755663418882,0
0,0.33404794574973934,0
0,0.0225116161998357,0
0,0.0304371001568338,0
0,0.12508172151447602,0
0,0.5107317446629343,0
0,0.5296261191442732,1
0,0.03278636172810582,0
0,0.062383791182144654,0
0,0.029808864276406513,0
0,0.17235951963648014,0
0,0.42565633785038065,0
0,0.3355520354413869,0
0,0.44301704639249856,0
0,0.0968476784085045,0
0,0.2476616027500858,0
0,0.6460601276244312,1
0,0.0730879302047154,0
0,0.05849178081394498,0
0,0.260677085210117,0
0,0.08315803557734042,0
0,0.14411421162359822,0
0,0.2669855552233489,0
0,0.13287641477639392,0
0,0.34002917447629777,0
0,0.016501342239592987,0
0,0.8034535096965388,1
0,0.021901139837094824,0
0,0.30631071361312334,0
0,0.028164871161409536,0
0,0.2687732139169584,0
0,0.0034797222666947437,0
0,0.252113974418673,0
0,0.02622032836216826,0
0,0.09618392773511167,0
0,0.03252047252249123,0
0,0.22294051858437255,0
0,0.37966553322364427,0
0,0.02697154588884933,0
0,0.2618382445946394,0
0,0.2673720366208241,0
0,0.16705367208215888,0
0,0.008401411326351135,0
0,0.020713423459020944,0
0,0.10533911342396525,0
0,0.03205843103054203,0
0,0.2128442178851766,0
0,0.05179008638446858,0
0,0.37745862704231725,0
0,0.13370526139574726,0
0,0.11735344880030349,0
0,0.639669097233606,1
0,0.10879238924335599,0
0,0.008473757760016565,0
0,0.4651055698512598,0
0,0.03470370032020358,0
0,0.7943242287759569,1
0,0.6013338049935899,1
0,0.925845952463028,1
0,0.312593011832238,0
0,0.16979097116997197,0
0,0.2875604322969456,0
0,0.17072124146830817,0
0,0.011941403406868055,0
0,0.671990963264283,1
0,0.029459247500680207,0
0,0.03080129228167241,0
0,0.026931367576618345,0
0,0.031734833004830876,0
0,0.04994338139022006,0
0,0.019514365780256508,0
0,0.10094849790982892,0
0,0.0939605385522291,0
0,0.2973158731061822,0
0,0.2402780631386293,0
0,0.11854264199047551,0
0,0.08404513081773277,0
0,0.34724929177815134,0
0,0.16942184290101625,0
0,0.8360766505838512,1
0,0.8881135323007009,1
0,0.40262356762838314,0
0,0.3143135887510687,0
0,0.9173112083056599,1
0,0.08928110896710384,0
0,0.011997923684435488,0
0,0.004182130117180584,0
0,0.16815510932808644,0
0,0.08451322943741221,0
0,0.14927095013933342,0
0,0.49129827044973706,0
0,0.01193986743283588,0
0,0.02121376009818341,0
0,0.0458516708793225,0
0,0.09927035445895678,0
0,0.9864795577758542,1
0,0.2230858200850164,0
0,0.03430570582769835,0
0,0.3893947170354677,0
0,0.8381369642710778,1
0,0.03008180645089375,0
0,0.1362536790000726,0
0,0.2864350669933797,0
0,0.10273300920333792,0
0,0.012476467017216011,0
0,0.07017842653776785,0
0,0.14149292596172602,0
0,0.04114681381480843,0
0,0.024072669664419538,0
0,0.02819357268984083,0
0,0.03995025966649236,0
0,0.13275316298127893,0
0,0.23781502294902562,0
0,0.1973796491182697,0
0,0.3843693222997103,0
0,0.2102632699978334,0
0,0.014112261640419446,0
0,0.23944859692900666,0
0,0.08771434564193877,0
0,0.04851544879855846,0
0,0.6641461254085242,1
0,0.03585399342996528,0
0,0.7034110392832543,1
0,0.08260392840760372,0
0,0.1068156143078209,0
0,0.37960278847681,0
0,0.019696043854183443,0
0,0.013572878025167899,0
0,0.07735341244751529,0
0,0.21066462922148196,0
0,0.37970270462691735,0
0,0.3038648111148191,0
0,0.0846515624085924,0
0,0.19731561203026576,0
0,0.8117539639681789,1
0,0.16653441119385323,0
0,0.09471970137027821,0
0,0.05195307723834927,0
0,0.04230494624632049,0
0,0.05184288291036652,0
0,0.02207628051388231,0
0,0.696006758424635,1
0,0.7134826282886263,1
0,0.0031554987031954694,0
0,0.6591228423532516,1
0,0.12308702021287876,0
0,0.1151442932359752,0
0,0.09290586269972223,0
0,0.03934354899968145,0
0,0.029272042315650334,0
0,0.08692149060159932,0
0,0.05157092742506939,0
0,0.0035842729155424265,0
0,0.3039991076626437,0
0,0.03936759959137543,0
0,0.12096398936579515,0
0,0.040375733045977094,0
0,0.35601159705832264,0
0,0.3910739772630254,0
0,0.42241220605338464,0
0,0.009664810433994236,0
0,0.0898514505096457,0
0,0.754964119706263,1
0,0.08867465891695903,0
0,0.23669765294722064,0
0,0.1093550460432918,0
0,0.005202879496038627,0
0,0.5092341749313197,0
0,0.9298405822088263,1
0,0.9956484835393626,1
0,0.4967355906420892,0
0,0.03961202624464331,0
0,0.3929406353296384,0
0,0.34410151080779683,0
0,0.34526888504479236,0
0,0.2797842831754807,0
0,0.18699069176556676,0
0,0.12857190185117667,0
0,0.7762617536606393,1
0,0.004024546634125951,0
0,0.47262106446120705,0
0,0.08013768355491122,0
0,0.1508499515214877,0
0,0.10335810630246078,0
0,0.8871404545761459,1
0,0.829267200044151,1
0,0.051846426594881846,0
0,0.0996113756882516,0
0,0.3958086868864264,0
0,0.08481500690151565,0
0,0.6618934737158184,1
0,0.11175092977315822,0
0,0.2935510393464564,0
0,0.11546354167648677,0
0,0.03885390336186101,0
0,0.26220754750655556,0
0,0.02075886068270057,0
0,0.14243975590747823,0
0,0.8383711645271794,1
0,0.27530001018080413,0
0,0.08333884678026927,0
0,0.04567569235285088,0
0,0.6464879508328191,1
0,0.1315899835370128,0
0,0.4670053207180988,0
0,0.0880697867503673,0
0,0.08850754818291039,0
0,0.03899556645331565,0
0,0.8824269188061752,1
0,0.04403461237818246,0
0,0.18344227784258554,0
0,0.014159328741748285,0
0,0.043961787313438826,0
0,0.8332042014394361,1
0,0.036266103963244485,0
0,0.8297477530645333,1
0,0.008596273974698972,0
0,0.07500129202488003,0
0,0.15260655088179964,0
0,0.09496609805266219,0
0,0.03198444603038797,0
0,0.08798828953209958,0
0,0.290207341299311,0
0,0.06816967429665335,0
0,0.1493568076815912,0
0,0.3289023598376623,0
0,0.2815540655958206,0
0,0.25460607433248683,0
0,0.04381370466583337,0
0,0.0011477641411721162,0
0,0.3400046954821034,0
0,0.13630882918740217,0
0,0.09475192475027684,0
0,0.1628548120665669,0
0,0.02760948596016964,0
0,0.3554436549507819,0
0,0.008604522102440695,0
0,0.04303136404826366,0
0,0.030330349045182673,0
0,0.00494281263077537,0
0,0.0880135888258349,0
0,0.1367424614174053,0
0,0.05429287046138249,0
0,0.1603167986224342,0
0,0.26577516677115093,0
0,0.035104766331050884,0
0,0.17260250051974396,0
0,0.1672335012904434,0
0,0.07840518530151265,0
0,0.6392137928671002,1
0,0.44442040719068443,0
0,0.15563528378363653,0
0,0.29213042324613364,0
0,0.06621449040366684,0
0,0.7249109998849513,1
0,0.11041368092402916,0
0,0.014977203751769374,0
0,0.041047952992804476,0
0,0.01680592239451329,0
0,0.04525513573029905,0
0,0.24523046559775083,0
0,0.03416299793870545,0
0,0.5242440680888879,1
0,0.12621237089876713,0
0,0.4544320606278715,0
0,0.02739632888526257,0
0,0.21989779793506734,0
0,0.1410875564729154,0
0,0.06700007791493022,0
0,0.07079409058498488,0
0,0.9670639941722141,1
0,0.34790180259286013,0
0,0.552017713872489,1
0,0.045817273572104064,0
0,0.2868897613705587,0
0,0.5555091918317735,1
0,0.22419587109473668,0
0,0.0190266735200761,0
0,0.03073942030253199,0
0,0.05732714202693063,0
0,0.03311786841070475,0
0,0.2984121753960139,0
0,0.008848911208876653,0
0,0.04331215854022517,0
0,0.0030688567041460874,0
0,0.04476497066739138,0
0,0.05454720557608416,0
0,0.007981239437470124,0
0,0.3787335585961266,0
0,0.12947070428050036,0
0,0.042980575824441175,0
0,0.02941699803035404,0
0,0.03382827455208713,0
0,0.11813715915873571,0
0,0.07725264173843513,0
0,0.042697732794653075,0
0,0.1215711411078677,0
0,0.012154568836467412,0
0,0.04006219226014946,0
0,0.1230093698058079,0
0,0.02744371903098465,0
0,0.19836081015263637,0
0,0.18890877905873713,0
0,0.009388848831945048,0
0,0.22076693408582412,0
0,0.6214841899975221,1
0,0.07636311197196624,0
0,0.042404732340585935,0
0,0.2540702071915321,0
0,0.19729126760147822,0
0,0.03005120887707822,0
0,0.07899175769002384,0
0,0.5744011111222284,1
0,0.16711213098616967,0
0,0.1476540080931533,0
0,0.4012130824357756,0
0,0.317224752384615,0
0,0.05280482251651556,0
0,0.1014840273819609,0
0,0.011652700869686953,0
0,0.08286784364978365,0
0,0.022110994490718017,0
0,0.09743291927773952,0
0,0.00721541334771721,0
0,0.05277250184603169,0
0,0.37436911979327064,0
0,0.02834733631382759,0
0,0.10294173326482915,0
0,0.1102476565949249,0
0,0.09602627119975013,0
0,0.4649091983115541,0
0,0.8364740151317377,1
0,0.4407361253686183,0
0,0.5741454902694719,1
0,0.08117017312870255,0
0,0.14876428794994737,0
0,0.08973841470187836,0
0,0.01382180058522712,0
0,0.18116845075316548,0
0,0.10788645582578277,0
0,0.17853118055071318,0
0,0.06817570164677357,0
0,0.37101753243425856,0
0,0.00884376107187822,0
0,0.001538792372222615,0
0,0.05222565579439627,0
0,0.19325607231682546,0
0,0.024973684881204463,0
0,0.03725378337648444,0
0,0.1763503009382759,0
0,0.13367503905365477,0
0,0.09378304794325057,0
0,0.41771368643159057,0
0,0.147016744743191,0
0,0.17952443411115848,0
0,0.0063717043925861395,0
0,0.02505829427696697,0
0,0.07606158891016795,0
0,0.09758608434604156,0
0,0.16371326641180192,0
0,0.03508461244811502,0
0,0.1048418283731415,0
0,0.2049741829897436,0
0,0.029928068021000048,0
0,0.021740642928515897,0
0,0.016217442007631342,0
0,0.8456173496897845,1
0,0.20442177572555395,0
0,0.09885628910805164,0
0,0.292606048870755,0
0,0.057488901520655354,0
0,0.9717905916383267,1
0,0.12407591438799868,0
0,0.07460909692917231,0
0,0.2724970619433424,0
0,0.04649490545714544,0
0,0.312384354660899,0
0,0.018533559855654087,0
0,0.5333770669310505,1
0,0.04657532064292618,0
0,0.21939887648511908,0
0,0.02445617015611212,0
0,0.08069525041441657,0
0,0.5365553792775145,1
0,0.2457816316962309,0
0,0.6692517526425505,1
0,0.07981361730282194,0
0,0.019668037833437613,0
0,0.017379885012388747,0
0,0.01169298225981463,0
0,0.7103504587719564,1
0,0.11716530603541793,0
0,0.19237483875514413,0
0,0.5209653379193246,1
0,0.3102092186401835,0
0,0.043816014059143975,0
0,0.09556754483803716,0
0,0.1621273846048847,0
0,0.023057668592266635,0
0,0.03737197144001618,0
0,0.1316078023908339,0
0,0.016386164861390603,0
0,0.05650222583436677,0
0,0.08606612029190248,0
0,0.1601944577482658,0
0,0.863103834434775,1
0,0.3639694626443723,0
0,0.47677737900236744,0
0,0.7168477237230917,1
0,0.2971518493214663,0
0,0.023507889884469346,0
0,0.11222247361794364,0
0,0.29727676967242017,0
0,0.027196316919013842,0
0,0.28953115009027297,0
0,0.18905012898597578,0
0,0.1551994126101218,0
0,0.2948449160309257,0
0,0.007219034042406966,0
0,0.29144715598660964,0
0,0.08590909197143458,0
0,0.038811207400639806,0
0,0.03183123369042736,0
0,0.1432508134505024,0
0,0.1463292051229709,0
0,0.24861257080148635,0
0,0.031018274913904034,0
0,0.10214868740242262,0
0,0.21974476489888092,0
0,0.22148886870724613,0
0,0.008564092754185949,0
0,0.02269868645308316,0
0,0.09459601295648022,0
0,0.9603774093749201,1
0,0.06664063419903477,0
0,0.14907131727263467,0
0,0.1895144933289738,0
0,0.018353303685037525,0
0,0.04696656851277029,0
0,0.3535692299315627,0
0,0.05633813551862752,0
0,0.047648953409103904,0
0,0.07661668142358004,0
0,0.27724081733850003,0
0,0.3516909074487978,0
0,0.05568190052831921,0
0,0.17579309095350107,0
0,0.16709408863756203,0
0,0.047657500119201494,0
0,0.05872737057459084,0
0,0.9422734337327515,1
0,0.2770425248450292,0
0,0.02679185316769574,0
0,0.12653124379390507,0
0,0.7837227622690816,1
0,0.29426886490659154,0
0,0.0121989634678556,0
0,0.4456759982786969,0
0,0.004559205276275124,0
0,0.09207029447509808,0
0,0.054253783258228015,0
0,0.8197078741395202,1
0,0.09571258911725636,0
0,0.2392359585600741,0
0,0.0050408928247699615,0
0,0.8548709183182994,1
0,0.19407723547700403,0
0,0.15019150608413523,0
0,0.08651125588973686,0
0,0.07273066608866527,0
0,0.0497166426399323,0
0,0.04576729127094945,0
0,0.01944404536212689,0
0,0.0019213575294828977,0
0,0.2615024350051144,0
0,0.025579612911676385,0
0,0.3950265339553216,0
0,0.4961599898395233,0
0,0.6489548769575532,1
0,0.1959625957054834,0
0,0.057864844870051974,0
0,0.10017061048888906,0
0,0.06207438357059005,0
0,0.27206101257508325,0
0,0.376324306089708,0
0,0.19806104257450732,0
0,0.012048833525644138,0
0,0.09753755911457956,0
0,0.33089269779986585,0
0,0.054971060916460236,0
0,0.02174862653802602,0
0,0.5959140512033997,1
0,0.022391183845165,0
0,0.2246017897561201,0
0,0.07200102017563956,0
0,0.4414751432706562,0
0,0.07456864218056514,0
0,0.017773997985911234,0
0,0.2378841195433591,0
0,0.6159062697077716,1
0,0.612473692945977,1
0,0.1361006863067766,0
0,0.42248453156962396,0
0,0.15738538170561264,0
0,0.06808176813918947,0
0,0.11199418735781452,0
0,0.038712113256511214,0
0,0.04671701529492625,0
0,0.15805578565694872,0
0,0.030683125127733534,0
0,0.22040271039986145,0
0,0.06145376015576996,0
0,0.33662046897768555,0
0,0.3806135335320351,0
0,0.5870255925034199,1
0,0.020995284004255935,0
0,0.13457065192900547,0
0,0.7544160406638973,1
0,0.5427408509490461,1
0,0.3964076327342796,0
0,0.10110297775055505,0
0,0.29203074926051936,0
0,0.14108168692118706,0
0,0.09792505701745044,0
0,0.257835979298142,0
0,0.42561914130064615,0
0,0.17071073782947038,0
0,0.1610667146295697,0
0,0.08121671099594857,0
0,0.20464985860021984,0
0,0.39609771628962065,0
0,0.3965218828076909,0
0,0.0156546285556053,0
0,0.13533452652920452,0
0,0.3369318616704575,0
0,0.06163108205893577,0
0,0.08558670020264811,0
0,0.09006307794004728,0
0,0.07742225492962661,0
0,0.05423744528703104,0
0,0.323067581635086,0
0,0.19537650198945544,0
0,0.04668484458597825,0
0,0.05801819795360304,0
0,0.11493782321551214,0
0,0.04247076150670999,0
0,0.014031964563344478,0
0,0.04132167056920874,0
0,0.012833335294853504,0
0,0.11636777625105396,0
0,0.07956845513869805,0
0,0.02086821443667016,0
0,0.15419779756496954,0
0,0.3339546338603764,0
0,0.6518912457145796,1
0,0.08151066757129258,0
0,0.057867832962600396,0
0,0.38927118563444296,0
0,0.106980788735787,0
0,0.18531192062755134,0
0,0.8573456880329804,1
0,0.0003421140992249218,0
0,0.18649171492120095,0
0,0.02200633632055585,0
0,0.08336069043830355,0
0,0.2414172211607478,0
0,0.8345963815027555,1
0,0.05199151234386064,0
0,0.027799124716655393,0
0,0.11214418756354616,0
0,0.0727391745508948,0
0,0.18438805094001348,0
0,0.10617367905931524,0
0,0.5060037791375676,0
0,0.20621396182797472,0
0,0.10512266247955399,0
0,0.10028595061560884,0
0,0.042863594930165214,0
0,0.8254314243413661,1
0,0.013517998753736223,0
0,0.3369475676505906,0
0,0.6052849910770607,1
0,0.04477421709611555,0
0,0.09333604027486989,0
0,0.2820714989354674,0
0,0.6404011655370323,1
0,0.03623334163158083,0
0,0.07453903697333496,0
0,0.10732375229028286,0
0,0.15830867886286626,0
0,0.2813304998802382,0
0,0.285223760400544,0
0,0.033449755058025415,0
0,0.2952965735959189,0
0,0.21078711163526953,0
0,0.24996553643512934,0
0,0.6540204943624491,1
0,0.749451162939955,1
0,0.27940617350805774,0
0,0.03630253408643233,0
0,0.002736207693867281,0
0,0.07712972505789614,0
0,0.03792170074823473,0
0,0.016306722081875467,0
0,0.003615160458084023,0
0,0.017757399269397064,0
0,0.8941190411993077,1
0,0.341814848916994,0
0,0.678381510560535,1
0,0.003915901758674186,0
0,0.01584529778105369,0
0,0.013133369214012276,0
0,0.22487361449790158,0
0,0.33469747762267543,0
0,0.05146557409708305,0
0,0.1550515980428127,0
0,0.051117663642434516,0
0,0.8968134464041515,1
0,0.2793142882294273,0
0,0.0683114141484375,0
0,0.8617376363266782,1
0,0.43286319716191096,0
0,0.48145996877876884,0
0,0.007494158320454468,0
0,0.25643507033190865,0
0,0.004188784387344716,0
0,0.6869570907285353,1
0,0.4750474261392393,0
0,0.2980537634663144,0
0,0.11961307620319155,0
0,0.23719142107456853,0
0,0.15725573278980615,0
0,0.021419979646138874,0
0,0.2994517887801478,0
0,0.033268701855674494,0
0,0.02497509349351485,0
0,0.30699019439360953,0
0,0.342872014037781,0
0,0.2914084894652451,0
0,0.20458187496245483,0
0,0.13969565984999668,0
0,0.5929199824850373,1
0,0.11575322596220995,0
0,0.05941790950695192,0
0,0.07507606336767099,0
0,0.05278974935992608,0
0,0.25096585563168355,0
0,0.0075631063694898,0
0,0.3369599840143221,0
0,0.09375583725609857,0
0,0.07483219890059442,0
0,0.1692352264886926,0
0,0.43764558619305516,0
0,0.0319364423038,0
0,0.5872156504430989,1
0,0.6486016127384228,1
0,0.002679917641894163,0
0,0.10005777974855713,0
0,0.005783781448399928,0
0,0.11078683969087467,0
0,0.025246858273696837,0
0,0.11194133530092376,0
0,0.07053147259540675,0
0,0.12590147514065234,0
0,0.010949357225815429,0
0,0.4070386537054072,0
0,0.12728449815709234,0
0,0.045935189651691154,0
0,0.2597844154951397,0
0,0.16129346017827886,0
0,0.01847318478444192,0
0,0.917847288001552,1
0,0.00220454430057707,0
0,0.6593928337257607,1
0,0.0965879871271908,0
0,0.12753331526540193,0
0,0.7585463420856275,1
0,0.1121249644981466,0
0,0.7553875408548207,1
0,0.07550787491107103,0
0,0.8204634847505836,1
0,0.20099791209872095,0
0,0.11079151886347877,0
0,0.43898705746669203,0
0,0.05616813612703951,0
0,0.03284834097318202,0
0,0.19681916124779406,0
0,0.6545190601266518,1
0,0.09782021564557619,0
0,0.2719366978650775,0
0,0.030602210002275924,0
0,0.20482918885286439,0
0,0.8890958221174894,1
0,0.9230803143681501,1
0,0.04263387634829886,0
0,0.059734389309500265,0
0,0.0507308861314002,0
0,0.16124837430778416,0
0,0.01724897918743957,0
0,0.03421555888114519,0
0,0.06768124906611082,0
0,0.07310440506629297,0
0,0.03460178546906323,0
0,0.12187102903892119,0
0,0.3213280098851455,0
0,0.18222142712289244,0
0,0.05879318428030678,0
0,0.03469634097145764,0
0,0.29440896121588794,0
0,0.5135627959643828,1
0,0.09452804407314234,0
0,0.8098524612291936,1
0,0.06124622739250495,0
0,0.18475049893606738,0
0,0.11529266436094,0
0,0.1927998241702023,0
0,0.02274206522346315,0
0,0.056945989419322204,0
0,0.08736715147418936,0
0,0.0825111633366632,0
0,0.30663535101354344,0
0,0.2836512579535823,0
0,0.07254777088194564,0
0,0.01744034410233503,0
0,0.05648083961346955,0
0,0.16067161552902565,0
0,0.01893387013581599,0
0,0.05375986623688059,0
0,0.6914842372701301,1
0,0.8567053627715298,1
0,0.27005349012158586,0
0,0.03943165892951278,0
0,0.09060537818177536,0
0,0.1694725801689269,0
0,0.3579783306413092,0
0,0.08816838307468053,0
0,0.25852966045236986,0
0,0.596956045454712,1
0,0.048965383570483814,0
0,0.10200270461612186,0
0,0.08218985042361115,0
0,0.03875761000198212,0
0,0.44635957367407736,0
0,0.08512708530041675,0
0,0.11596021130725445,0
0,0.22701355106291168,0
0,0.21730330710306672,0
0,0.4523685384683213,0
0,0.15294161133894818,0
0,0.03899188150132831,0
0,0.3725647369677085,0
0,0.18825728615048218,0
0,0.016504982251130527,0
0,0.00755205751784921,0
0,0.039663844321397516,0
0,0.05256102019198473,0
0,0.10966532731696584,0
0,0.052003265344443786,0
0,0.07260665370848095,0
0,0.35932060747112055,0
0,0.12272234130021517,0
0,0.935349200033711,1
0,0.22686243972363754,0
0,0.29661000976188645,0
0,0.8994393656936323,1
0,0.41374474088329544,0
0,0.6104117186238803,1
0,0.8300645902240997,1
0,0.18953148667930345,0
0,0.27846193634080907,0
0,0.29103062846606453,0
0,0.0021832991110436943,0
0,0.5943102656023392,1
0,0.22638733506558648,0
0,0.6018350296228878,1
0,0.024367315801044117,0
0,0.5837861774133337,1
0,0.5536420680358437,1
0,0.6006166957067193,1
0,0.09991389405284624,0
0,0.03517233214649798,0
0,0.10764590936573804,0
0,0.16675542875039004,0
0,0.5592953737597816,1
0,0.26562410875028286,0
0,0.016947505424876816,0
0,0.3214776828407608,0
0,0.07195020098389408,0
0,0.09423239158494659,0
0,0.5329891269727155,1
0,0.2262552103438596,0
0,0.38990812260352276,0
0,0.018292944364930157,0
0,0.07144117455498926,0
0,0.16143266591494382,0
0,0.2083507720371116,0
0,0.035766932955034775,0
0,0.4082325888862934,0
0,0.22588779039042833,0
0,0.15248567771673432,0
0,0.03938354628803029,0
0,0.9319642008903752,1
0,0.6439859743014765,1
0,0.1187693032809903,0
0,0.02465945150765264,0
0,0.29123614320208874,0
0,0.06228568098468044,0
0,0.038754998464798074,0
0,0.6469904672170421,1
0,0.2606336690168736,0
0,0.07096435020965809,0
0,0.004651698404609665,0
0,0.9949785074978851,1
0,0.1308272216328528,0
0,0.012744393837553042,0
0,0.06525713936862523,0
0,0.16219785525028943,0
0,0.8359015834946341,1
0,0.03854192631981755,0
0,0.007486645004949434,0
0,0.03738894735763104,0
0,0.5356125196832885,1
0,0.015720251621836104,0
0,0.09611504839494023,0
0,0.024792903844577503,0
0,0.5696659198542666,1
0,0.23686702845686478,0
0,0.4768470416129471,0
0,0.17504232663963698,0
0,0.03896714608082072,0
0,0.06074300324277943,0
0,0.012614689942428111,0
0,0.38534583995437044,0
0,0.3835664338573509,0
0,0.005540722281682181,0
0,0.0037718267734432676,0
0,0.07924227993701949,0
0,0.06052571919222306,0
0,0.08022941182313291,0
0,0.4497364233674754,0
0,0.013932421697782497,0
0,0.2777088127774869,0
0,0.9222079959432444,1
0,0.04404448463013318,0
0,0.06252583139419107,0
0,0.09206900422692553,0
0,0.11557144151377777,0
0,0.04864466444781414,0
0,0.09031390705806709,0
0,0.18812185035223072,0
0,0.5694087900574428,1
0,0.24188443612306715,0
0,0.051374367802850235,0
0,0.06713649306175222,0
0,0.1192024096829277,0
0,0.03451223428365904,0
0,0.10474949110953889,0
0,0.23801417808967504,0
0,0.009160087565251149,0
0,0.8815349946701817,1
0,0.20493670226215802,0
0,0.502245379625259,0
0,0.15678679098644632,0
0,0.7148660248347963,1
0,0.2058377061048545,0
0,0.026108534172166995,0
0,0.15259677401508684,0
0,0.041091567320232024,0
0,0.2280878258946716,0
0,0.6642843512266924,1
0,0.06495396388282287,0
0,0.3398994057205117,0
0,0.7111693719802,1
0,0.15151981108553722,0
0,0.2126432367992683,0
0,0.021541046621033975,0
0,0.14755363361023438,0
0,0.060401936984103496,0
0,0.29800214788902074,0
0,0.08957287794546595,0
0,0.08105603330017748,0
0,0.05443820535716499,0
0,0.1537524525781843,0
0,0.04767198528453528,0
0,0.7638848714600599,1
0,0.19972863360918197,0
0,0.016819638100194604,0
0,0.009333220628368893,0
0,0.14951249638951214,0
0,0.9354477705548612,1
0,0.5888812501519487,1
0,0.03644121253550668,0
0,0.1289695900757515,0
0,0.04644869615409832,0
0,0.4791738769476942,0
0,0.0008464277874823624,0
0,0.10549898329670437,0
0,0.015830445511924043,0
0,0.7624117459646036,1
0,0.05852516944639001,0
0,0.26422723876057125,0
0,0.13932517752500823,0
0,0.27236444294557205,0
0,0.07398127849209533,0
0,0.0808466010609882,0
0,0.17549514687972764,0
0,0.6090044070861319,1
0,0.18346269104379903,0
0,0.07438580109056078,0
0,0.2682122255294363,0
0,0.025354091418745138,0
0,0.97256092921208,1
0,0.05741049508666954,0
0,0.03950640944594837,0
0,0.37314397038305935,0
0,0.05786828953828848,0
0,0.24390394745851662,0
0,0.11463958998288655,0
0,0.11854129389986436,0
0,0.12164055587980993,0
0,0.10555043469203582,0
0,0.028168537621648254,0
0,0.006619545041402392,0
0,0.19343166831990477,0
0,0.1615739395267794,0
0,0.0981803560006233,0
0,0.10887142223476681,0
0,0.08896485200652092,0
0,0.20305997813806448,0
0,0.0998441928351364,0
0,0.015983540655017583,0
0,0.8909268588793222,1
0,0.031046238758155032,0
0,0.747174423653243,1
0,0.18078079134817288,0
0,0.0819155141116043,0
0,0.04087636305434086,0
0,0.04111894830234129,0
0,0.034578517576479756,0
0,0.0121957263300592,0
0,0.3227514707241363,0
0,0.9727430915861917,1
0,0.04864401800015062,0
0,0.702771426216277,1
0,0.49786468714194215,0
0,0.41235879203305276,0
0,0.327967568647043,0
0,0.6176835945244784,1
0,0.18685697101258553,0
0,0.013496582032764388,0
0,0.1537055709196395,0
0,0.6545373199456045,1
0,0.40243806089902967,0
0,0.11223455257783498,0
0,0.05484297455747893,0
0,0.001655835542506592,0
0,0.2431294648313875,0
0,0.016872992851712464,0
0,0.20362328562131682,0
0,0.018951788581797704,0
0,0.6499237697234186,1
0,0.01748312175757228,0
0,0.19106124298657554,0
0,0.4211714220556784,0
0,0.022317666378497237,0
0,0.07314910918898422,0
0,0.059727927858399366,0
0,0.6791463433097342,1
0,0.6295544162053949,1
0,0.23427792143973578,0
0,0.09145514494159362,0
0,0.213673732283708,0
0,0.022861356555461447,0
0,0.1329090885820443,0
0,0.034888398040703004,0
0,0.11597322368741482,0
0,0.07454726487508913,0
0,0.24871685946973168,0
0,0.025885440015541935,0
0,0.04400136385724475,0
0,0.27059700942348575,0
0,0.102430831279403,0
0,0.19635118181845074,0
0,0.08127322864434496,0
0,0.7180405745722057,1
0,0.4131790129605279,0
0,0.3631408943486789,0
0,0.07654155740665448,0
0,0.21868014971455013,0
0,0.569626823985932,1
0,0.1606767451754549,0
0,0.18505409010948232,0
0,0.07904184922995565,0
0,0.05527386338373609,0
0,0.13498833464386986,0
0,0.1800193732151183,0
0,0.1193488479674244,0
0,0.744862313132912,1
0,0.05412073446645828,0
0,0.16727829732351024,0
0,0.0730416039886379,0
0,0.3876759881553332,0
0,0.4692535060256766,0
0,0.03929630317577034,0
0,0.021841146913321136,0
0,0.12110795239931622,0
0,0.2771367723030889,0
0,0.005862673476945695,0
0,0.07236111017312401,0
0,0.1341691195010663,0
0,0.7782526717837477,1
0,0.04755357288974386,0
0,0.31457518480449076,0
0,0.10502730109625866,0
0,0.5835508177436582,1
0,0.4078036290173384,0
0,0.5125291429091264,1
0,0.17061629663828354,0
0,0.2562510424627777,0
0,0.19851863012379084,0
0,0.0788863370342131,0
0,0.17103925966819705,0
0,0.4176684816842812,0
0,0.04639870230474373,0
0,0.1445362740605583,0
0,0.1936828974666927,0
0,0.2501985535108672,0
0,0.07050853125299271,0
0,0.11079479905626628,0
0,0.018214124295289243,0
0,0.16313028024719042,0
0,0.02302543697985524,0
0,0.09915959348305407,0
0,0.18402716818088866,0
0,0.02422108822132659,0
0,0.04104850897721133,0
0,0.04194946319630987,0
0,0.07067870570881317,0
0,0.050282248012024064,0
0,0.3036396781904638,0
0,0.4550731404541427,0
0,0.027969954925355738,0
0,0.06404455989257479,0
0,0.10616672216036323,0
0,0.01861896924071673,0
0,0.0010311356297847607,0
0,0.0291989811193875,0
0,0.06767773563229466,0
0,0.04642203234601243,0
0,0.0325180314829866,0
0,0.03399991548595315,0
0,0.273335115033149,0
0,0.40849826758845614,0
0,0.9871474095225445,1
0,0.028076373087508936,0
0,0.00232644764581954,0
0,0.15419814126453046,0
0,0.05664113742944575,0
0,0.31356864513880006,0
0,0.47537621930129637,0
0,0.0020553569694094784,0
0,0.4742159194138618,0
0,0.015964852826640764,0
0,0.09782677163976586,0
0,0.016136276249064965,0
0,0.13224381398749463,0
0,0.2757032034568851,0
0,0.21394772125429756,0
0,0.3933565190691186,0
0,0.09850576256686,0
0,0.6680021887507871,1
0,0.06185977375611068,0
0,0.1515687313014472,0
0,0.21278815138437004,0
0,0.3853157675635196,0
0,0.0966588550909261,0
0,0.9868364317539013,1
0,0.5098640891052433,0
0,0.010309688351274774,0
0,0.6314789956742036,1
0,0.09515871005054584,0
0,0.42592833427051024,0
0,0.3866197903836724,0
0,0.35262090111988786,0
0,0.03262896923209302,0
0,0.5590066675524461,1
0,0.09240293597817811,0
0,0.03848157033382525,0
0,0.20995897272113348,0
0,0.304275560876223,0
0,0.10742623684326988,0
0,0.01518553170860888,0
0,0.7129016818191162,1
0,0.6933809618445704,1
0,0.2712239018948774,0
0,0.3752003900726232,0
0,0.06183820254404083,0
0,0.6247917582600684,1
0,0.13112689450261064,0
0,0.07100417469733904,0
0,0.8563371381899486,1
0,0.2767363128249889,0
0,0.06311313530451791,0
0,0.9146620831009317,1
0,0.4632681583556279,0
0,0.021882238632522973,0
0,0.04443093950877958,0
0,0.41656327888788885,0
0,0.018362457089754987,0
0,0.10986383914879683,0
0,0.005266199341179709,0
0,0.3237922855008957,0
0,0.35687563804140454,0
0,0.15898875122612285,0
0,0.14785762634115177,0
0,0.40477592770132426,0
0,0.14987777858279916,0
0,0.3234782741860628,0
0,0.06380572330266986,0
0,0.05175409760852028,0
0,0.019189989715919505,0
0,0.8156999036559903,1
0,0.4677099272578183,0
0,0.1803278622781656,0
0,0.013749647753835846,0
0,0.08759209999814452,0
0,0.30768138375916615,0
0,0.541825062598708,1
0,0.005513426518461105,0
0,0.014605780767531362,0
0,0.21754565084304464,0
0,0.0267317510889993,0
0,0.08788803274108654,0
0,0.03861651568777473,0
0,0.3069425570906912,0
0,0.008688773679906338,0
0,0.02721359134054629,0
0,0.2517390762123059,0
0,0.41994817620710345,0
0,0.10490322817081912,0
0,0.6332415801687217,1
0,0.01854134875778412,0
0,0.11083721138814472,0
0,0.01113383158092349,0
0,0.5479267265508164,1
0,0.09346825160664647,0
0,0.14644575940162455,0
0,0.7342808607177556,1
0,0.5106098322792724,0
0,0.11089586835088715,0
0,0.6220370276002288,1
0,0.8934342055197239,1
0,0.12998403852078413,0
0,0.16569985362075287,0
0,0.07905412593539846,0
0,0.1547019188816042,0
0,0.02014553461484218,0
0,0.11183786270395193,0
0,0.05992513652387603,0
0,0.16545152607291644,0
0,0.05781339092706083,0
0,0.08365351401594753,0
0,0.23167847081174514,0
0,0.08491800810781941,0
0,0.20666957623072618,0
0,0.07338940762515847,0
0,0.015972378740130536,0
0,0.7644900961266229,1
0,0.47076212597397243,0
0,0.09966415960286362,0
0,0.038755765266801113,0
0,0.029997627574117842,0
0,0.028077770867928384,0
0,0.06472645425603116,0
0,0.3041866852042565,0
0,0.023241457152664784,0
0,0.05296792193526243,0
0,0.013235721857591405,0
0,0.03382688629953672,0
0,0.05977388284280819,0
0,0.6477335735104014,1
0,0.011110109771465643,0
0,0.2748476249282256,0
0,0.2981715378402181,0
0,0.07150633143992935,0
0,0.110968320052786,0
0,0.5571996549913513,1
0,0.08782360316870316,0
0,0.00455940281707537,0
0,0.04126309593094244,0
0,0.47870257032794106,0
0,0.6120926729278311,1
0,0.29639949303806973,0
0,0.041546920448758046,0
0,0.173692707936889,0
0,0.059978163623839086,0
0,0.05211025049288985,0
0,0.8997178756915815,1
0,0.17951592668792601,0
0,0.1343700675270234,0
0,0.14152539886806864,0
0,0.1840847436801358,0
0,0.08580270806785721,0
0,0.008261191839971484,0
0,0.12668652522173138,0
0,0.033709267847982935,0
0,0.2652299051511696,0
0,0.05578985092157094,0
0,0.08444585400417838,0
0,0.7208474462434061,1
0,0.2100406150936003,0
0,0.01793680354276362,0
0,0.1428186020029994,0
0,0.5938193786794237,1
0,0.02777895957417745,0
0,0.030524347985272378,0
0,0.09595601212447714,0
0,0.598438165990909,1
0,0.11723510849700071,0
0,0.15220115587886884,0
0,0.2807450350889636,0
0,0.7219982580059597,1
0,0.5151315326451574,1
0,0.289541950732548,0
0,0.7102775842682778,1
0,0.047864874032708546,0
0,0.27705199811831477,0
0,0.09741999414171731,0
0,0.13206280874205356,0
0,0.01804974394715551,0
0,0.11466447183865387,0
0,0.008162431826079453,0
0,0.05196810797110453,0
0,0.2765985094437726,0
0,0.11462856945024318,0
0,0.2974502356330553,0
0,0.017453974441873056,0
0,0.20013487503037858,0
0,0.06453650329253799,0
0,0.45167858438619335,0
0,0.2711931585812198,0
0,0.6611385213338337,1
0,0.034002668149039066,0
0,0.9579206834468669,1
0,0.042728788388147615,0
0,0.18083932874439804,0
0,0.47239899175512784,0
0,0.011785863604151757,0
0,0.07111430770320672,0
0,0.3868334248142643,0
0,0.3189420573615327,0
0,0.9472895294596004,1
0,0.04820679295344375,0
0,0.002132988139015249,0
0,0.5975319597733258,1
0,0.2651309308273558,0
0,0.013966458049386664,0
0,0.3848062177332765,0
0,0.022937083936073254,0
0,0.3088400480868249,0
0,0.3144311688911946,0
0,0.027165384448187457,0
0,0.293966015661173,0
0,0.010596147769947243,0
0,0.003521968312185294,0
0,0.5905569017665121,1
0,0.1603397427642775,0
0,0.13066047440352024,0
0,0.0021930830468091227,0
0,0.48980677358315894,0
0,0.132223103040576,0
0,0.030849364886521017,0
0,0.10162433906616901,0
0,0.03973512765962909,0
0,0.07571288048601646,0
0,0.19472658255704892,0
0,0.4360984534619266,0
0,0.20605024878377282,0
0,0.016721011906987566,0
0,0.6824420575680293,1
0,0.05871115596413662,0
0,0.03062005733268682,0
0,0.12245492932933656,0
0,0.14088310509821234,0
0,0.00865228454651152,0
0,0.44260559520687154,0
0,0.059787744057283744,0
0,0.07600289401337526,0
0,0.04982539321674904,0
0,0.1258194305018618,0
0,0.10988921227427237,0
0,0.08890612458291379,0
0,0.043509040695784755,0
0,0.1125783000015415,0
0,0.29805483282956474,0
0,0.13213373936144546,0
0,0.05829734056096762,0
0,0.037957527416015754,0
0,0.41675669560280965,0
0,0.9070523452374041,1
0,0.13629652214883406,0
0,0.18716008943174142,0
0,0.042067222036856505,0
0,0.09149552059047981,0
0,0.2595954259247726,0
0,0.4352603175734543,0
0,0.2677065514854966,0
0,0.017883744990096595,0
0,0.017817670388987402,0
0,0.764244450485883,1
0,0.09800022780548813,0
0,0.17018227720114865,0
0,0.030296258380248742,0
0,0.07031532951102211,0
0,0.1274201598069834,0
0,0.0760034166361966,0
0,0.004532395373998835,0
0,0.11420102932749704,0
0,0.05985827979103959,0
0,0.4288208457667194,0
0,0.1663059709999337,0
0,0.06548375478975052,0
0,0.13476109917420495,0
0,0.22101387756841656,0
0,0.219772082130699,0
0,0.10581726705888007,0
0,0.6618369328984166,1
0,0.01610579791433017,0
0,0.17439715448940687,0
0,0.16749375310991174,0
0,0.06925624334324369,0
0,0.2389831174914038,0
0,0.06242752585203384,0
0,0.7435525347363472,1
0,0.09431052587051736,0
0,0.36238147059127107,0
0,0.157674005746199,0
0,0.10023885724584271,0
0,0.04482413319280011,0
0,0.03854274466539657,0
0,0.9500529639933777,1
0,0.045592089193509426,0
0,0.18729179772867371,0
0,0.32050526909482613,0
0,0.12278619462905473,0
0,0.17964372213609756,0
0,0.9544351510382024,1
0,0.008160352014031171,0
0,0.11596418898867054,0
0,0.19372030187239708,0
0,0.11376449531172297,0
0,0.03439389041083736,0
0,0.2692965770251526,0
0,0.07183950103992026,0
0,0.38428524629300936,0
0,0.029767241732798617,0
0,0.33471337024331294,0
0,0.07798709341168948,0
0,0.19634754221263467,0
0,0.9064988172931416,1
0,0.07688764540505844,0
0,0.24403880671745967,0
0,0.10573476019773259,0
0,0.2806234463436328,0
0,0.1310511705128325,0
0,0.09414568825210534,0
0,0.10726408374721165,0
0,0.019273206585360542,0
0,0.0166175429667996,0
0,0.14514763631865749,0
0,0.06365081426644117,0
0,0.0509162542979046,0
0,0.23375755650184118,0
0,0.057766117477524526,0
0,0.025965584741984578,0
0,0.13613763425594141,0
0,0.10621095184561775,0
0,0.8720171837819323,1
0,0.6596215861281192,1
0,0.01929041632756401,0
0,0.8195312662744089,1
0,0.1549588079043294,0
0,0.02496591216950295,0
0,0.24901052401345747,0
0,0.6024837594580855,1
0,0.14328912103435149,0
0,0.07411122756661415,0
0,0.1857337288746988,0
0,0.4336793481364941,0
0,0.27683194729225397,0
0,0.07905964344786753,0
0,0.08012008000474383,0
0,0.29773243859350373,0
0,0.03624364079257489,0
0,0.04143141747451928,0
0,0.18883117960600726,0
0,0.37060104633868834,0
0,0.04806373156068477,0
0,0.1697378840823295,0
0,0.032677300878077305,0
0,0.3208292902199696,0
0,0.39502031035252827,0
0,0.020001116118669976,0
0,0.466545326501706,0
0,0.6200267227715104,1
0,0.14460738341699492,0
0,0.33775632524557236,0
0,0.38410789989334404,0
0,0.12321165458112253,0
0,0.04514849576749455,0
0,0.05690025297244504,0
0,0.03140235201164435,0
0,0.04967848790853799,0
0,0.5168295489414108,1
0,0.18146224566246144,0
0,0.027414888971118094,0
0,0.26378417555232925,0
0,0.15943962789134344,0
0,0.12411260981955298,0
0,0.2327120390295807,0
0,0.030929028862514727,0
0,0.2483108235378367,0
0,0.0360204032838553,0
0,0.6227486752640801,1
0,0.5657748341470906,1
0,0.5298115247056128,1
0,0.2088199596039456,0
0,0.08280590857060943,0
0,0.45984656612987,0
0,0.20739031057507804,0
0,0.23690446573056548,0
0,0.05972432464355105,0
0,0.06228971294137776,0
0,0.016475746355976147,0
0,0.2990459160307274,0
0,0.3646654659046776,0
0,0.02188229975038105,0
0,0.13912574828704893,0
0,0.19849793043253294,0
0,0.5697807541752691,1
0,0.3430040172799939,0
0,0.24406096829628615,0
0,0.1903956082422758,0
0,0.001715545986452276,0
0,0.02427474809751988,0
0,0.03897186213384342,0
0,0.03351716432277916,0
0,0.05687687146098557,0
0,0.005278556693755033,0
0,0.06430073290957201,0
0,0.06615126537940992,0
0,0.09891758418097782,0
0,0.03214424452628818,0
0,0.036662017557271394,0
0,0.174753493354003,0
0,0.7092504291468074,1
0,0.15438242007792233,0
0,0.003004989617655688,0
0,0.15268711486554667,0
0,0.01691025959110023,0
0,0.02577339016602278,0
0,0.08461900141050059,0
0,0.06541752693295014,0
0,0.22809460725261563,0
0,0.09500809991591114,0
0,0.04507959325770917,0
0,0.16066258868523964,0
0,0.03859731710946545,0
0,0.04403468295328481,0
0,0.1373453980655762,0
0,0.570715116846996,1
0,0.1654028885338279,0
0,0.324684301935024,0
0,0.07260424818850848,0
0,0.14443915249138198,0
0,0.037441193887751016,0
0,0.01997446148877431,0
0,0.01839183210380956,0
0,0.45849645709894893,0
0,0.421796794277945,0
0,0.050141948874480806,0
0,0.050316538095451696,0
0,0.30192107051484235,0
0,0.09098488931208097,0
0,0.15013835992807278,0
0,0.19554955512987957,0
0,0.016241908441040637,0
0,0.1367091004317406,0
0,0.0819513544655205,0
0,0.09137685027147917,0
0,0.16181672193044064,0
0,0.04594048474036194,0
0,0.0542689592069275,0
0,0.08733124487046566,0
0,0.11598997890552776,0
0,0.01102588465637592,0
0,0.6151221057577869,1
0,0.3750123253631498,0
0,0.184994829546123,0
0,0.033227795705042085,0
0,0.1772030195761382,0
0,0.1566384876260261,0
0,0.08973347381293083,0
0,0.7363231887696556,1
0,0.03393847225905151,0
0,0.035246517253876376,0
0,0.10110989670414108,0
0,0.0517947945203315,0
0,0.6890702202804636,1
0,0.06571056514489748,0
0,0.047825924890524805,0
0,0.041001193814967196,0
0,0.04129423194011347,0
0,0.2533396085121522,0
0,0.03404257329338412,0
0,0.4307490261876811,0
0,0.08688653240924446,0
0,0.12428700237298211,0
0,0.02748029913658973,0
0,0.16345616032229623,0
0,0.13763813565954375,0
0,0.2619002964555965,0
0,0.3555483916576273,0
0,0.5751478494648928,1
0,0.3808022809947073,0
0,0.13942364165533738,0
0,0.07907244417789891,0
0,0.4365851481205719,0
0,0.2429357460510797,0
0,0.023801055818073503,0
0,0.3727303891103723,0
0,0.055367499013720706,0
0,0.20261100003527116,0
0,0.20677340475848358,0
0,0.10014794652570098,0
0,0.11957923082201484,0
0,0.06996924949664325,0
0,0.0331126900727504,0
0,0.11660315551716058,0
0,0.3466898291397177,0
0,0.07376395559004256,0
0,0.033455460569484716,0
0,0.07351593790304926,0
0,0.05482150841498733,0
0,0.17379281937202917,0
0,0.09754354007868915,0
0,0.11055583994583205,0
0,0.3158721804651645,0
0,0.25501744655387926,0
0,0.0629046217820288,0
0,0.5693479952686836,1
0,0.29098916284828885,0
0,0.04929618731394304,0
0,0.5436295690769486,1
0,0.0830499282906266,0
0,0.01193792579196973,0
0,0.019731383036792664,0
0,0.05754805970538278,0
0,0.0748636023712832,0
0,0.23873830479737762,0
0,0.02710453565760671,0
0,0.0707951495979112,0
0,0.013784505708031474,0
0,0.036655113180580436,0
0,0.0901723374792097,0
0,0.06617163283641757,0
0,0.026504379639149006,0
0,0.1807690313767252,0
0,0.8427001393192427,1
0,0.16140100552716685,0
0,0.47883652865115683,0
0,0.024135895585357496,0
0,0.012072962085713979,0
0,0.15909800225824405,0
0,0.2521713397711636,0
0,0.4515176246178457,0
0,0.4762733570429385,0
0,0.26880298383126383,0
0,0.04424582915525445,0
0,0.1487746978082352,0
0,0.013636910786637112,0
0,0.08432130468422086,0
0,0.02863453941283739,0
0,0.07868212796736314,0
0,0.02576510010852161,0
0,0.09205782064921744,0
0,0.3263420272469137,0
0,0.13699027102409897,0
0,0.039192203636426344,0
0,0.004055183231346411,0
0,0.06540485947655332,0
0,0.04806295357761366,0
0,0.7446917896522441,1
0,0.09931250588889429,0
0,0.20305876072055662,0
0,0.06161207980080697,0
0,0.11057184209631768,0
0,0.012930145011993877,0
0,0.12145017767535315,0
0,0.04218568119073109,0
0,0.038193464345188964,0
0,0.039006289179753614,0
0,0.14255474761420717,0
0,0.1303725434261892,0
0,0.014144448641025431,0
0,0.07500373440195705,0
0,0.14077474796607958,0
0,0.09573238917298854,0
0,0.2290892455000116,0
0,0.23697834309014706,0
0,0.04460327500417041,0
0,0.31355289711945916,0
0,0.34735392018739075,0
0,0.011132377026137058,0
0,0.13841708501353142,0
0,0.0860277387076858,0
0,0.49995005090863115,0
0,0.43763498203790024,0
0,0.03909421534636355,0
0,0.01832049639998646,0
0,0.0447349925808705,0
0,0.4405915323459126,0
0,0.030421008129436287,0
0,0.28738540766910325,0
0,0.018010501253083785,0
0,0.06223254290937532,0
0,0.0023742980127834726,0
0,0.1458557736938848,0
0,0.03017939288771512,0
0,0.28860982588290507,0
0,0.04321143475779156,0
0,0.16930149863641486,0
0,0.09008838773642915,0
0,0.013462672413555591,0
0,0.19206075083382532,0
0,0.024072700556619843,0
0,0.038786971753712825,0
0,0.16847808360157385,0
0,0.8511852946436077,1
0,0.2813347454175487,0
0,0.44938412968655,0
0,0.02190554660133566,0
0,0.15560706953174727,0
0,0.018052791409178977,0
0,0.010105662432200338,0
0,0.0033618086987409843,0
0,0.31181423421368476,0
0,0.22593474488971688,0
0,0.08096929978923419,0
0,0.055685850034106366,0
0,0.728276048986297,1
0,0.13236330430728752,0
0,0.08916017452347277,0
0,0.05821067021692816,0
0,0.01954027157459732,0
0,0.06748118062542795,0
0,0.2020389238920294,0
0,0.2620490526478968,0
0,0.027825402032435376,0
0,0.45628002661593753,0
0,0.13599799644124622,0
0,0.17437003801007686,0
0,0.08581857868252346,0
0,0.814905905513547,1
0,0.0315496361602122,0
0,0.04631411648648695,0
0,0.07577189486018937,0
0,0.004237599509707098,0
0,0.5782402596484306,1
0,0.11614978755949322,0
0,0.15115902182973293,0
0,0.11029756243693883,0
0,0.47317457707020494,0
0,0.5890301356110214,1
0,0.1305625892203147,0
0,0.21475244947781985,0
0,0.009220596430707965,0
0,0.16655107005944983,0
0,0.017105647226149233,0
0,0.31853200022292905,0
0,0.4270195358241924,0
0,0.036477475855429806,0
0,0.04624795634538484,0
0,0.9058312224566932,1
0,0.016461075573289435,0
0,0.2065251031272639,0
0,0.10479030046191473,0
0,0.16480446363699686,0
0,0.07143483163176886,0
0,0.18792466886510362,0
0,0.039859471720095074,0
0,0.05029034205560164,0
0,0.19990047343892112,0
0,0.4547323909233233,0
0,0.054505828135487225,0
0,0.1597264755352906,0
0,0.795001919049692,1
0,0.01463292158303056,0
0,0.03182635598520805,0
0,0.6050849914968867,1
0,0.48893948267548953,0
0,0.11385627276948866,0
0,0.14975476195082882,0
0,0.006838352079202355,0
0,0.008479213773409319,0
0,0.755960498813495,1
0,0.02378332511290001,0
0,0.3439830799997758,0
0,0.025530346411567435,0
0,0.16040604776455716,0
0,0.09312344048919348,0
0,0.42916293853337817,0
0,0.7600653569726843,1
0,0.17799666608388925,0
0,0.4182908308244565,0
0,0.16424775007310286,0
0,0.02697824031715188,0
0,0.022095081397412633,0
0,0.8533142183928354,1
0,0.18795599967705168,0
0,0.14851760612028864,0
0,0.007287161381701136,0
0,0.16871344953587664,0
0,0.06142761824892089,0
0,0.16760670314976986,0
0,0.015604098349526361,0
0,0.23794496542622803,0
0,0.002075091293313586,0
0,0.063634972915842,0
0,0.1731690413279421,0
0,0.017620373516806908,0
0,0.015250732288440323,0
0,0.020569226941387027,0
0,0.24719458057087104,0
0,0.01734578603181895,0
0,0.01831087381896214,0
0,0.13465727341244627,0
0,0.5004025292447934,0
0,0.028126746391456223,0
0,0.15648925818606316,0
0,0.03309912898147991,0
0,0.0358340041561914,0
0,0.15552344159574452,0
0,0.03163640622226872,0
0,0.5862316638452283,1
0,0.6241258780412632,1
0,0.3516253128372018,0
0,0.18661352488826566,0
0,0.018563257282814074,0
0,0.22452071342849236,0
0,0.02984897101371631,0
0,0.5635202588058428,1
0,0.1964325849826473,0
0,0.018748799030957573,0
0,0.6609633078272565,1
0,0.030107784694127317,0
0,0.3664865303949924,0
0,0.2399375887857365,0
0,0.1232911689857413,0
0,0.19691384019765154,0
0,0.15060988541211107,0
0,0.7794858813041935,1
0,0.05305477860591331,0
0,0.20935875857324604,0
0,0.26670674273744593,0
0,0.031376878945898704,0
0,0.3116036431838545,0
0,0.5695766701385675,1
0,0.3077097743917912,0
0,0.008898926730933917,0
0,0.5117274113188378,1
0,0.43912347452252787,0
0,0.2795798375667679,0
0,0.021915519781280087,0
0,0.8001036653581889,1
0,0.47989030871265953,0
0,0.02380345546630354,0
0,0.48064249114865076,0
0,0.10092702960602533,0
0,0.08721674156645313,0
0,0.4097949408456661,0
0,0.8922445744537737,1
0,0.7329183463478898,1
0,0.16026400886314776,0
0,0.19888164422103632,0
0,0.12974508291634257,0
0,0.2517223569515909,0
0,0.043540131359556755,0
0,0.057595829954289295,0
0,0.6178907025609793,1
0,0.06068116195196759,0
0,0.0055728592822427625,0
0,0.039773025019957775,0
0,0.026005310938428998,0
0,0.19483152162322662,0
0,0.13413033233027397,0
0,0.19154873445023113,0
0,0.447752795949432,0
0,0.7258701546947665,1
0,0.2916287864383676,0
0,0.008638354069732538,0
0,0.08120189693295995,0
0,0.02449537725468043,0
0,0.308722413237647,0
0,0.020772370601331285,0
0,0.10210840187228366,0
0,0.10520080560473476,0
0,0.7849265089020536,1
0,0.06990294457697051,0
0,0.4240036449632927,0
0,0.07142498837809401,0
0,0.834883253554722,1
0,0.2869438791563035,0
0,0.04070259706273469,0
0,0.021322022938358148,0
0,0.4116958957408741,0
0,0.9327098781113559,1
0,0.1285023783551308,0
0,0.20253372370579745,0
0,0.006806824067542715,0
0,0.04992371468453055,0
0,0.2383635807377441,0
0,0.18551879323941603,0
0,0.10414663573255473,0
0,0.002818641307567251,0
0,0.013120337401869304,0
0,0.6134406228549439,1
0,0.05996218785482754,0
0,0.8622142045575246,1
0,0.04206042763868338,0
0,0.009456468568152477,0
0,0.019047169329604978,0
0,0.07639444449427744,0
0,0.21970096265086203,0
0,0.18150889339075046,0
0,0.023603722433223496,0
0,0.04145598953550887,0
0,0.0006733922567969898,0
0,0.05044551587843621,0
0,0.19752596086087235,0
0,0.0035191376562535527,0
0,0.032736588234376536,0
0,0.468387696679584,0
0,0.09628309945039472,0
0,0.03560765078380075,0
0,0.21878359674430242,0
0,0.25227415114421936,0
0,0.26961817611833094,0
0,0.03603247733297228,0
0,0.007043839044942693,0
0,0.068522888339326,0
0,0.1633908018493766,0
0,0.22900210004659977,0
0,0.027639215088342266,0
0,0.6484756360160511,1
0,0.35964478558923335,0
0,0.01760913020437058,0
0,0.8510483842346566,1
0,0.03257374656500699,0
0,0.012124902118368565,0
0,0.05948983441415953,0
0,0.465579497782459,0
0,0.4798217952688448,0
0,0.34905538031028266,0
0,0.13121517493978965,0
0,0.7142058542615635,1
0,0.022222074376038955,0
0,0.22519241948302077,0
0,0.030175620338870588,0
0,0.3326133473827152,0
0,0.20311414962901012,0
0,0.12741154269046073,0
0,0.0108397541455121,0
0,0.1740830449383738,0
0,0.06049497701526012,0
0,0.07812038232720096,0
0,0.0752376641416469,0
0,0.24510224224713065,0
0,0.11329991053391832,0
0,0.6386227719391596,1
0,0.3361802996644078,0
0,0.001002726873686362,0
0,0.10578104103132309,0
0,0.6342803611957174,1
0,0.12641308187675346,0
0,0.09231974139794308,0
0,0.049620285955303364,0
0,0.01517631429772838,0
0,0.10101109886730923,0
0,0.07394889837030263,0
0,0.18097578416346083,0
0,0.11451912821938114,0
0,0.18717714094845148,0
0,0.16410492733681378,0
0,0.007876722099500471,0
0,0.2702224485745259,0
0,0.25625640780259096,0
0,0.008769465324297367,0
0,0.146895781919497,0
0,0.00029904464062028104,0
0,0.24251538532419892,0
0,0.4394899640685233,0
0,0.5147535381067059,1
0,0.2240458315358815,0
0,0.3256715932084431,0
0,0.2665195142342685,0
0,0.3225823654412338,0
0,0.36080479478108907,0
0,0.08213701839424625,0
0,0.5651877056864684,1
0,0.036337540003600725,0
0,0.0702070882627075,0
0,0.23960196244278337,0
0,0.05126811799582143,0
0,0.006023200645448749,0
0,0.127837557612205,0
0,0.030167985352946427,0
0,0.006084869375652717,0
0,0.44475439770752234,0
0,0.17527244902165393,0
0,0.0420480652949008,0
0,0.22681297576235232,0
0,0.5595753641696007,1
0,0.10394876392268888,0
0,0.09731835020923466,0
0,0.15235254934710485,0
0,0.16827441160118725,0
0,0.06945747047505513,0
0,0.07077302289790108,0
0,0.011544959751687029,0
0,0.28023663031026663,0
0,0.06432306935798232,0
0,0.007465035858003798,0
0,0.3012643313944136,0
0,0.0866960717397256,0
0,0.4063082520607767,0
0,0.04413489607075854,0
0,0.0995835105994328,0
0,0.2254943671167556,0
0,0.027938285311143306,0
0,0.1379743388934835,0
0,0.5236409854415883,1
0,0.0071913874265816715,0
0,0.07997563965693544,0
0,0.11832394181864003,0
0,0.012996852623215484,0
0,0.23059382850059867,0
0,0.21250551016688676,0
0,0.29358583294879775,0
0,0.32258555464266464,0
0,0.11653149157446079,0
0,0.43380959022653104,0
0,0.23554812026963617,0
0,0.10437797652053708,0
0,0.6421477506427449,1
0,0.6995698358019787,1
0,0.5809532117758475,1
0,0.20250092373366693,0
0,0.009034465428146003,0
0,0.6718378434437857,1
0,0.2567127603581102,0
0,0.21234812973609773,0
0,0.009312645073485502,0
0,0.1985090273819867,0
0,0.9462116334073858,1
0,0.21785313910947557,0
0,0.016467052480201288,0
0,0.060589786439693157,0
0,0.023898241894252784,0
0,0.09234936132955414,0
0,0.05574699566914139,0
0,0.975079329117886,1
0,0.04464471956938124,0
0,0.012091259759654333,0
0,0.028046664996109014,0
0,0.0878073416505667,0
0,0.12688338584748274,0
0,0.01052230683273157,0
0,0.05043277575521874,0
0,0.2130187326931762,0
0,0.029212748502281,0
0,0.6916481186605211,1
0,0.14900157687609544,0
0,0.8301716863026016,1
0,0.5453359078814219,1
0,0.7914553663598768,1
0,0.9866949493180497,1
0,0.1870216021525694,0
0,0.0024967782785064027,0
0,0.29845117835487467,0
0,0.027291215308667096,0
0,0.4232336776785235,0
0,0.1293694085668774,0
0,0.002279182627484163,0
0,0.0839818169523459,0
0,0.03198952691207865,0
0,0.4721631686181866,0
0,0.5159261339827408,1
0,0.056872017380213705,0
0,0.03726173572902471,0
0,0.037446294538062155,0
0,0.18940264915821117,0
0,0.047577644779347894,0
0,0.13703103658925353,0
0,0.06036655429593851,0
0,0.02826090479332481,0
0,0.15829997103157534,0
0,0.19034501369025078,0
0,0.06484489044060263,0
0,0.0788036129558629,0
0,0.625702732997647,1
0,0.10979190723181517,0
0,0.043015300185111585,0
0,0.02961104470364844,0
0,0.13201749644348845,0
0,0.14805615355193522,0
0,0.2563330425837302,0
0,0.12701631187620813,0
0,0.022273654993843955,0
0,0.10665638664075984,0
0,0.0376054196712127,0
0,0.26946445420257514,0
0,0.30639644237324964,0
0,0.13885988030664656,0
0,0.09330825304063892,0
0,0.5849604063993693,1
0,0.03293853776748157,0
0,0.25360909868249465,0
0,0.3176325976767052,0
0,0.08599819464957188,0
0,0.16234649895143205,0
0,0.20679104453339636,0
0,0.31479682293511985,0
0,0.04800510812008991,0
0,0.243413277069466,0
0,0.024162511170026223,0
0,0.16384248329727463,0
0,0.3705650810822361,0
0,0.051197072811866993,0
0,0.08061788209373179,0
0,0.030137741351248068,0
0,0.08225353839529329,0
0,0.581444448531186,1
0,0.17153088150806042,0
0,0.26441502898015223,0
0,0.009949519324143577,0
0,0.12851042425433837,0
0,0.3460993118051688,0
0,0.01844167844744955,0
0,0.005361226567407081,0
0,0.38439757870357116,0
0,0.45449929877663375,0
0,0.06791890737049225,0
0,0.036574412242319686,0
0,0.16132556496923892,0
0,0.4238081417916812,0
0,0.2377230509953236,0
0,0.050255807185683406,0
0,0.1364219008998306,0
0,0.04236922816388552,0
0,0.4502395737029014,0
0,0.02342642400834843,0
0,0.12593617431111456,0
0,0.22030963107461407,0
0,0.3228810203384542,0
0,0.6037420148924295,1
0,0.4356251838674208,0
0,0.6602051347818781,1
0,0.21255278994618454,0
0,0.7807072823690557,1
0,0.15989120508016888,0
0,0.813622544723517,1
0,0.11426267210239639,0
0,0.3337370620854208,0
0,0.13211566118067064,0
0,0.024940369899186892,0
0,0.18782013424737787,0
0,0.837394344857087,1
0,0.03667724335958793,0
0,0.15232816430418517,0
0,0.05806420906185811,0
0,0.315077175836232,0
0,0.8183844665086835,1
0,0.04118105754936186,0
0,0.16565206822908451,0
0,0.024407468811837398,0
0,0.42235301998658326,0
0,0.3854619930805832,0
0,0.15773168807891383,0
0,0.22193162041394285,0
0,0.04065924683852109,0
0,0.27782085631379927,0
0,0.2137143292224369,0
0,0.042896521444502844,0
0,0.11917774689411112,0
0,0.2266483878354399,0
0,0.056636801635885796,0
0,0.015348928392618082,0
0,0.6194148612110749,1
0,0.09641106895203012,0
0,0.22720863719549464,0
0,0.3210313441245169,0
0,0.09529207048848759,0
0,0.15189378226573386,0
0,0.10965352047242954,0
0,0.2260268928025862,0
0,0.04846776964305008,0
0,0.05912900981373109,0
0,0.06245038613459171,0
0,0.07293307134986758,0
0,0.7227583814317343,1
0,0.30420092241988744,0
0,0.015176613459520262,0
0,0.045862670239296174,0
0,0.3501930069435593,0
0,0.16739349179323243,0
0,0.27669560693314255,0
0,0.050645823941784136,0
0,0.05834052143691399,0
0,0.04183187032947625,0
0,0.14360233860635563,0
0,0.003118113658594812,0
0,0.17007213291245646,0
0,0.00647078052874081,0
0,0.5037163092595883,0
0,0.05472460113553251,0
0,0.29515971698732585,0
0,0.3772473177822131,0
0,0.3890805667416767,0
0,0.4136931907157401,0
0,0.395446785031241,0
0,0.19417592102514747,0
0,0.039759860776702495,0
0,0.21920233789270463,0
0,0.028920739791445226,0
0,0.10265990272495884,0
0,0.1442070391970536,0
0,0.8538502767730516,1
0,0.11938472177237398,0
0,0.9983698534847812,1
0,0.009034860291649027,0
0,0.0451285296221482,0
0,0.051479797869200344,0
0,0.25680927459038877,0
0,0.24365329175440076,0
0,0.013573630862145268,0
0,0.24956935958129914,0
0,0.004636775375830619,0
0,0.4675307694533595,0
0,0.6687761096575898,1
0,0.027681428996687556,0
0,0.7866139108414227,1
0,0.018417600641631844,0
0,0.17709434862585055,0
0,0.09683715424379556,0
0,0.06735515940326638,0
0,0.0075640936413040715,0
0,0.07628901184627687,0
0,0.1225708517682725,0
0,0.02634198928248712,0
0,0.3713487838114795,0
0,0.026336904226092955,0
0,0.8666915025721739,1
0,0.17139638383297728,0
0,0.7016793118722473,1
0,0.24491857740793543,0
0,0.01850430094148545,0
0,0.6126970266038112,1
0,0.11272697106628914,0
0,0.230212134252723,0
0,0.025246379051941242,0
0,0.21163382397384392,0
0,0.2101209835204233,0
0,0.6695967419442568,1
0,0.40958623928615767,0
0,0.0011899386321215406,0
0,0.00151783485452727,0
0,0.05286093466671814,0
0,0.2521351014240494,0
0,0.03841542276354562,0
0,0.8255945397410385,1
0,0.009603042810161468,0
0,0.17604867552589581,0
0,0.7534152401400166,1
0,0.016937913076112386,0
0,0.20518118259968954,0
0,0.036318683453509006,0
0,0.3976317125162944,0
0,0.3242718463419179,0
0,0.061103456230901236,0
0,0.28000069394709887,0
0,0.04576601396133052,0
0,0.016279909624626204,0
0,0.11921780107556014,0
0,0.010954415087333243,0
0,0.11976983267505845,0
0,0.07069060194400234,0
0,0.05075696921952671,0
0,0.2913941042564771,0
0,0.4851400280075621,0
0,0.6358272441966569,1
0,0.029821336743252175,0
0,0.25779590227787913,0
0,0.09205980281897753,0
0,0.034760715688142256,0
0,0.22089969843812846,0
0,0.14584773054516847,0
0,0.49397629014554917,0
0,0.16756173370940167,0
0,0.478201661559556,0
0,0.09806885350464922,0
0,0.03301889720118137,0
0,0.4315344410426667,0
0,0.170446798143429,0
0,0.1560406851715796,0
0,0.10566682718225179,0
0,0.25109356580114867,0
0,0.23464546510811507,0
0,0.4323492749908348,0
0,0.284307526872188,0
0,0.006104130244800306,0
0,0.026428851937207884,0
0,0.01914039124479214,0
0,0.47350079971519954,0
0,0.11884468424600132,0
0,0.30461325523523813,0
0,0.1921502892529743,0
0,0.41923934493487025,0
0,0.22817558247335828,0
0,0.3329003906063611,0
0,0.005510630626812106,0
0,0.9634122190482676,1
0,0.1187655811883007,0
0,0.5168862887383391,1
0,0.11810429072050946,0
0,0.4241687286343829,0
0,0.060294955603387934,0
0,0.18061310002693476,0
0,0.3747692426474618,0
0,0.1395270460499003,0
0,0.04491380654242334,0
0,0.5689698637144268,1
0,0.10598899054474506,0
0,0.005899236992072327,0
0,0.6706792300956488,1
0,0.24191498488292912,0
0,0.9219948940145902,1
0,0.28243517890689107,0
0,0.06293792912977703,0
0,0.0024394572141529865,0
0,0.14378099474960543,0
0,0.04396571636931203,0
0,0.038476031457633314,0
0,0.03233595179524499,0
0,0.03046259038440835,0
0,0.3677443998168372,0
0,0.14518100469812895,0
0,0.6153527124997566,1
0,0.025158806907912865,0
0,0.10414182686088203,0
0,0.054543490513895815,0
0,0.09301221795269314,0
0,0.5999375796109923,1
0,0.049715062233777606,0
0,0.04884431123924565,0
0,0.4027500136445015,0
0,0.515277382507259,1
0,0.007901420155813453,0
0,0.21371746034405698,0
0,0.02601760784868871,0
0,0.1206723098576298,0
0,0.021354968397788103,0
0,0.03320618459475951,0
0,0.04815099469211127,0
0,0.03645969169047643,0
0,0.013545797133327394,0
0,0.06475945904857078,0
0,0.1872172284306957,0
0,0.2439888878866583,0
0,0.1641791185040942,0
0,0.3339391239363593,0
0,0.03248698244483029,0
0,0.9838881201311522,1
0,0.10207972098987686,0
0,0.06206246934730193,0
0,0.0669415472441386,0
0,0.038235647471065407,0
0,0.05633818597850201,0
0,0.13966626802091145,0
0,0.09570582044572448,0
0,0.07001314789813509,0
0,0.04457205402396229,0
0,0.2838177302843785,0
0,0.5362438101240827,1
0,0.49226803818373605,0
0,0.15763534197272963,0
0,0.8574792705039093,1
0,0.6940667145178409,1
0,0.21223969874910087,0
0,0.8334544036811259,1
0,0.11433985114619998,0
0,0.41977398961515716,0
0,0.25745037703603363,0
0,0.0062177787395038845,0
0,0.08212386869012557,0
0,0.008162804253655459,0
0,0.0023396283972205857,0
0,0.727536426700193,1
0,0.03239733644020515,0
0,0.13287684777410824,0
0,0.29389567794161253,0
0,0.07988342933974368,0
0,0.9250056032229897,1
0,0.3981194020631829,0
0,0.27390407747760814,0
0,0.13129385598434767,0
0,0.0367260372365061,0
0,0.04363143133498326,0
0,0.027018244120651177,0
0,0.16354270372268292,0
0,0.031889079834237215,0
0,0.24641559514228048,0
0,0.15473900181122344,0
0,0.30357039565824445,0
0,0.003973864109487364,0
0,0.09347523413484747,0
0,0.018488002440972366,0
0,0.6383148878503637,1
0,0.4404014984638302,0
0,0.11696939440118646,0
0,0.45073627167499924,0
0,0.127093760250751,0
0,0.09722422633740709,0
0,0.5161570796533969,1
0,0.03382088632311601,0
0,0.09147839181460433,0
0,0.08135440852181071,0
0,0.012955672385235832,0
0,0.06856304682005346,0
0,0.2781718318759739,0
0,0.11614505890826728,0
0,0.13797545109894696,0
0,0.08025811345468584,0
0,0.35220267989842036,0
0,0.05452303798270485,0
0,0.3769243598220108,0
0,0.01079384304452127,0
0,0.8867741574174642,1
0,0.10626957190828817,0
0,0.07984451584860439,0
0,0.07064580296411876,0
0,0.03225710248624553,0
0,0.08694322387048019,0
0,0.1523100583822966,0
0,0.18435182536324363,0
0,0.13081976838513357,0
0,0.4941863945489159,0
0,0.13552309962514428,0
0,0.013948288451099845,0
0,0.0343180129885631,0
0,0.7271096150482103,1
0,0.026525975838576073,0
0,0.1106349334756211,0
0,0.9316770702513674,1
0,0.18138358888442105,0
0,0.8827233972847469,1
0,0.017740915399490683,0
0,0.05902177087695706,0
0,0.3126448888326577,0
0,0.06654549928575043,0
0,0.07267090420968765,0
0,0.09167067015842825,0
0,0.39942929870713473,0
0,0.9564439728045044,1
0,0.008202367201485084,0
0,0.1272669903612943,0
0,0.024098832249640052,0
0,0.08697335519942398,0
0,0.22830201766578778,0
0,0.6156137174561651,1
0,0.40567861729556404,0
0,0.02962355135455426,0
0,0.08369024416544278,0
0,0.03515266594004061,0
0,0.29142750705869935,0
0,0.4934810370295663,0
0,0.229706269737663,0
0,0.9222922871109697,1
0,0.09383586196892085,0
0,0.2011613960996721,0
0,0.036994617312939494,0
0,0.12451981356114306,0
0,0.08130902286454625,0
0,0.17073356471662476,0
0,0.019486913216623384,0
0,0.030315716476455964,0
0,0.3256404003676747,0
0,0.23443805442259358,0
0,0.27079309797357876,0
0,0.08044508270119334,0
0,0.08815690648793742,0
0,0.44897228707192854,0
0,0.21546390997889917,0
0,0.007838827439325062,0
0,0.5303276502802892,1
0,0.08851965894481961,0
0,0.0888470998610049,0
0,0.037835112512286426,0
0,0.6718036203488588,1
0,0.26747008628319247,0
0,0.06626129471961613,0
0,0.08843923589949926,0
0,0.018849461097217555,0
0,0.15905817333920547,0
0,0.2708167899575889,0
0,0.012454501046660764,0
0,0.10700877011064112,0
0,0.5373611105811266,1
0,0.29274075504078695,0
0,0.0033955778397175636,0
0,0.056862801539085926,0
0,0.02878941771139194,0
0,0.08506975886848234,0
0,0.36306712895812915,0
0,0.05715096183482707,0
0,0.4498345789044704,0
0,0.21114439859494782,0
0,0.06375951619436082,0
0,0.09944728238543094,0
0,0.11573186827672374,0
0,0.05706638552213047,0
0,0.13239525204789035,0
0,0.07204670308560922,0
0,0.31648346200114047,0
0,0.09056762435982796,0
0,0.07393011438451992,0
0,0.1294362805921554,0
0,0.7378936597778897,1
0,0.32435153496492025,0
0,0.1398747354327679,0
0,0.13542660263074457,0
0,0.310986429961087,0
0,0.03765801901502397,0
0,0.11333729263539846,0
0,0.0327755607675949,0
0,0.1319903810821484,0
0,0.13484850845518614,0
0,0.33465888506449065,0
0,0.07003371762010853,0
0,0.1668273403966249,0
0,0.39818888032251254,0
0,0.26349338077136353,0
0,0.01176184876516725,0
0,0.06213021622745761,0
0,0.08079649525416802,0
0,0.09222512460137666,0
0,0.17240035829336656,0
0,0.1953143960105576,0
0,0.09807757830650309,0
0,0.26064760063417425,0
0,0.2993389000591721,0
0,0.078133563734383,0
0,0.17013933307933873,0
0,0.990341940340018,1
0,0.20853378557880042,0
0,0.6091821769048122,1
0,0.1012445901023221,0
0,0.0653604760283903,0
0,0.013763070220360581,0
0,0.03716317957194416,0
0,0.18109817065358763,0
0,0.005056504358883493,0
0,0.06712080822437777,0
0,0.05613578270624059,0
0,0.0707721257740882,0
0,0.03450886642218607,0
0,0.034988025351584615,0
0,0.1211121943864356,0
0,0.17291403185200233,0
0,0.7662801167005524,1
0,0.15202806625522333,0
0,0.05856895726792814,0
0,0.14651217591216958,0
0,0.08694506014690066,0
0,0.12315658856718575,0
0,0.693958149857689,1
0,0.028577438483143737,0
0,0.04809387423585157,0
0,0.05488461712017477,0
0,0.07042039182569722,0
0,0.2547226399573764,0
0,0.013489230236229529,0
0,0.5878346418559425,1
0,0.3150329537463411,0
0,0.004377682284681353,0
0,0.04040332059176526,0
0,0.11468271856622184,0
0,0.0691406148237256,0
0,0.138276531493318,0
0,0.0948368199792411,0
0,0.04462145607644752,0
0,0.11692150975567991,0
0,0.030994218806516313,0
0,0.04878242740582899,0
0,0.24101235353713218,0
0,0.06828459371886558,0
0,0.893598593103333,1
0,0.44408741402077795,0
0,0.1446283097440386,0
0,0.27947961742107635,0
0,0.4247306520588987,0
0,0.127426176478157,0
0,0.12863352640101455,0
0,0.019023745552737496,0
0,0.29896988492619947,0
0,0.03296691985023006,0
0,0.0188655129663091,0
0,0.11523295419951739,0
0,0.14179940587108794,0
0,0.028761443367322816,0
0,0.5168576810887636,1
0,0.23939255475452656,0
0,0.024252675184999295,0
0,0.015805671968815504,0
0,0.0037287748239851932,0
0,0.17925557358500196,0
0,0.06567447129237079,0
0,0.5918481956332002,1
0,0.005822371955295137,0
0,0.24804091674314618,0
0,0.0765496844836143,0
0,0.0951010094443651,0
0,0.8105906287742787,1
0,0.025354582384801073,0
0,0.1684618554993507,0
0,0.010531332098383707,0
0,0.5054475066918152,0
0,0.041186367916614015,0
0,0.036711076958500365,0
0,0.05414005331298412,0
0,0.010317042925447457,0
0,0.5435083992208152,1
0,0.15273515813843166,0
0,0.07884242955122654,0
0,0.6049380936524518,1
0,0.18091627899567872,0
0,0.853038417335129,1
0,0.027908528109529315,0
0,0.05720093850746826,0
0,0.8571352550987841,1
0,0.2046519890150838,0
0,0.15178253665988786,0
0,0.9594201889311811,1
0,0.7141292552419762,1
0,0.3945184023063148,0
0,0.8778197359685115,1
0,0.13585911577130796,0
0,0.2694537397649097,0
0,0.026925630162457116,0
0,0.01356873789309163,0
0,0.28839641506649166,0
0,0.37085367056448976,0
0,0.11213805428335004,0
0,0.2843579470888862,0
0,0.014282808393405321,0
0,0.060598338608076514,0
0,0.07117355106973841,0
0,0.04042325351551218,0
0,0.06773479324526871,0
0,0.013658215249934647,0
0,0.3781267199494215,0
0,0.13256728099519333,0
0,0.25747924327151317,0
0,0.08814111454930203,0
0,0.06902029795609023,0
0,0.048746523355428215,0
0,0.11170258758170695,0
0,0.09232839097308711,0
0,0.6328667820457932,1
0,0.05781456407036078,0
0,0.04511019951920097,0
0,0.06475626618047642,0
0,0.6907493819758581,1
0,0.22889398215536524,0
0,0.24747539901445587,0
0,0.6333304526585886,1
0,0.3206120650359428,0
0,0.9188906631380159,1
0,0.11224894629032892,0
0,0.14285326742930246,0
0,0.19256334937552294,0
0,0.01477671444013882,0
0,0.10466314879575812,0
0,0.09217899759872575,0
0,0.7600875683198135,1
0,0.5450324110442731,1
0,0.08396405091687457,0
0,0.0030684643857865537,0
0,0.36827535257456684,0
0,0.5521633673646482,1
0,0.5038416912026836,0
0,0.0253251391971327,0
0,0.043701508376516277,0
0,0.4114139870417354,0
0,0.1684285466745775,0
0,0.06957542273501031,0
0,0.003231465944956811,0
0,0.05476708361180645,0
0,0.0722929367499612,0
0,0.4819769121680524,0
0,0.1861654064801019,0
0,0.07364035422618946,0
0,0.04287245920634728,0
0,0.13659490300942656,0
0,0.025648522273898702,0
0,0.170295617583659,0
0,0.0709402642204882,0
0,0.6318720825930194,1
0,0.0011591261240686934,0
0,0.20883394122544804,0
0,0.002951898356909624,0
0,0.15979964706339345,0
0,0.6271860468135514,1
0,0.08087609798669106,0
0,0.036573909775900124,0
0,0.09479055317603907,0
0,0.7844356726734439,1
0,0.07482592118005352,0
0,0.06594857418068267,0
0,0.0529632919497841,0
0,0.04444786170113821,0
0,0.8510865710183898,1
0,0.08709256226126016,0
0,0.10057829525747874,0
0,0.0030490538251972325,0
0,0.03605683089981907,0
0,0.02804983089968582,0
0,0.0020029520373617223,0
0,0.0728026931949169,0
0,0.5875422601743219,1
0,0.06292756059997853,0
0,0.1726216982181336,0
0,0.24804060665478625,0
0,0.22244610130735415,0
0,0.735258680059394,1
0,0.011182126039254729,0
0,0.14992034812325536,0
0,0.09997168647090873,0
0,0.074901353158571,0
0,0.03683331541987265,0
0,0.053480411654483834,0
0,0.09543354165613818,0
0,0.7882150379153473,1
0,0.20473432733052524,0
0,0.15116291637389478,0
0,0.05093306857504402,0
0,0.03184777943126843,0
0,0.17664366120916944,0
0,0.030443018198533272,0
0,0.4568500467840178,0
0,0.022845566338489536,0
0,0.037425812281628126,0
0,0.08155669357447683,0
0,0.35651999487650715,0
0,0.03258932272954461,0
0,0.01898895761161882,0
0,0.45717404764772607,0
0,0.07632122919287675,0
0,0.4989234391178256,0
0,0.020584774791543352,0
0,0.4067337598349821,0
0,0.3238359742921491,0
0,0.016832959610962046,0
0,0.016851853727213754,0
0,0.0006754374313329299,0
0,0.15421134369141995,0
0,0.532038075790274,1
0,0.1575316298319216,0
0,0.021551693882981147,0
0,0.22917320488600967,0
0,0.6582024406132704,1
0,0.007466748263474161,0
0,0.08080693442611239,0
0,0.09094767023412433,0
0,0.027961172747003323,0
0,0.020878642949648682,0
0,0.09452290907668749,0
0,0.6338374816759497,1
0,0.07250075918480188,0
0,0.03356282923663447,0
0,0.001954548372819233,0
0,0.027211044208707087,0
0,0.12147318674412722,0
0,0.6956406538207636,1
0,0.14004502523238443,0
0,0.9147552600027611,1
0,0.04141085155615087,0
0,0.02682897744196473,0
0,0.5397314514837013,1
0,0.42117025602307834,0
0,0.1924425236823757,0
0,0.1640428671571431,0
0,0.45191945886630824,0
0,0.5374356906725866,1
0,0.5264767292691184,1
0,0.049792553386724336,0
0,0.65758691383667,1
0,0.05936343206425985,0
0,0.05382391877240295,0
0,0.18703496761402638,0
0,0.030273166593083486,0
0,0.3667564193189978,0
0,0.7846515524124398,1
0,0.4296569059920802,0
0,0.038457688269665925,0
0,0.0021631135004915327,0
0,0.006008091297098122,0
0,0.12558436133270912,0
0,0.08582827288930073,0
0,0.0011387601363695675,0
0,0.8571760177187469,1
0,0.29057164929133006,0
0,0.14062474481937262,0
0,0.23941946594119187,0
0,0.05574018934049536,0
0,0.10795487093389805,0
0,0.04020780663074277,0
0,0.042375078093728695,0
0,0.047344513376550504,0
0,0.12340963355187667,0
0,0.8690875116030695,1
0,0.28337809360300975,0
0,0.1305150278041979,0
0,0.08696383664367699,0
0,0.3011167483029074,0
0,0.6551564215247528,1
0,0.5984965530623833,1
0,0.06499377012696583,0
0,0.07983273851745848,0
0,0.22933252846209956,0
0,0.1297705570579873,0
0,0.4957242079255874,0
0,0.37202173899957364,0
0,0.06947933901919895,0
0,0.11698079662468354,0
0,0.06241679893328693,0
0,0.08719010866837085,0
0,0.14363347577066443,0
0,0.2039677882704959,0
0,0.03803660779652434,0
0,0.3532521374660211,0
0,0.06696452428614001,0
0,0.11104194690387843,0
0,0.1192904180524878,0
0,0.06790297370825817,0
0,0.17604796836295014,0
0,0.3886479288509248,0
0,0.24683499263235908,0
0,0.09955574874995148,0
0,0.9805532193298044,1
0,0.24366070670296797,0
0,0.08028877032633142,0
0,0.5432916122126731,1
0,0.3151479869862295,0
0,0.022915868152726872,0
0,0.07626544242101325,0
0,0.016835052546298374,0
0,0.21185798156392244,0
0,0.2900536368607369,0
0,0.2944571486482786,0
0,0.29073059517609423,0
0,0.03180334801859173,0
0,0.09066403507885874,0
0,0.16776520496760144,0
0,0.09526809678396339,0
0,0.029793817476642115,0
0,0.33700015809632766,0
0,0.054175261736193005,0
0,0.04849753504893632,0
0,0.14451248414831833,0
0,0.048319874673334144,0
0,0.028988148561351432,0
0,0.016737470518704937,0
0,0.4082238714738402,0
0,0.7044658810571236,1
0,0.08029501942050862,0
0,0.009787517707633952,0
0,0.0031792625133344084,0
0,0.12262177110410796,0
0,0.4509112703844946,0
0,0.01745259101487386,0
0,0.08326729028657329,0
0,0.035200301233367585,0
0,0.08621678273379176,0
0,0.2862449534844616,0
0,0.032129722749264636,0
0,0.06834713783309937,0
0,0.5162737450451018,1
0,0.16274831820663865,0
0,0.06091093710436722,0
0,0.6277480862198795,1
0,0.013120209592789152,0
0,0.0354052902240627,0
0,0.01702914883710272,0
0,0.09048795632369852,0
0,0.034172367307150266,0
0,0.1795105975171197,0
0,0.014429738537612244,0
0,0.1539132956744634,0
0,0.8260679364994632,1
0,0.03796801339508292,0
0,0.3734010432256668,0
0,0.16427150646861496,0
0,0.16510563481799673,0
0,0.18720397783765788,0
0,0.18445883011511652,0
0,0.4264323081804252,0
0,0.018829495500423756,0
0,0.3558681474081432,0
0,0.14319889966178986,0
0,0.8652215811502738,1
0,0.07714427599287302,0
0,0.07420065762944393,0
0,0.14252393109367412,0
0,0.10746700487243006,0
0,0.6807087881347356,1
0,0.3287008859466522,0
0,0.3942714948229612,0
0,0.6198187449838077,1
0,0.6621211083517153,1
0,0.03630991791996134,0
0,0.14075017149804997,0
0,0.06037060990558985,0
0,0.6149369853550762,1
0,0.04272349482222219,0
0,0.5234703536515452,1
0,0.2097013642466594,0
0,0.027016700502848285,0
0,0.5723847529583251,1
0,0.06870637817158544,0
0,0.03517468662324328,0
0,0.10307650921031881,0
0,0.12606767974213434,0
0,0.40863557086110713,0
0,0.1482452135638574,0
0,0.06638679623783068,0
0,0.5446884327433716,1
0,0.17555335360672283,0
0,0.053901552144968716,0
0,0.021304366863337188,0
0,0.1915077627896277,0
0,0.06740080930334622,0
0,0.3938715441173665,0
0,0.8837601010750016,1
0,0.5794350923294098,1
0,0.17636146732987817,0
0,0.03732995939066862,0
0,0.026677067604434314,0
0,0.04309719400339021,0
0,0.054401454861353324,0
0,0.004390696635072275,0
0,0.03205452119552975,0
0,0.27476105241135373,0
0,0.4331140239773984,0
0,0.013531804556291643,0
0,0.7237902960765222,1
0,0.012246437417864168,0
0,0.31309435464287527,0
0,0.05110489476738024,0
0,0.5474381560076825,1
0,0.24217966703586075,0
0,0.017290464354195453,0
0,0.3490444035182964,0
0,0.06592212265855418,0
0,0.8557887074882738,1
0,0.24414224080681612,0
0,0.022272039232241834,0
0,0.7296502649917661,1
0,0.4470343306157308,0
0,0.1826812260450822,0
0,0.005159329785709429,0
0,0.03171891815759781,0
0,0.3090370623833294,0
0,0.09446646576828552,0
0,0.21897288658948585,0
0,0.06636192694632433,0
0,0.0866892456585281,0
0,0.23335257926631187,0
0,0.2608318338624309,0
0,0.21350077403685855,0
0,0.015218151388171576,0
0,0.9940151866537386,1
0,0.1734119361648763,0
0,0.31275425431312237,0
0,0.061742416727885094,0
0,0.08757224621955044,0
0,0.09623956330566247,0
0,0.01564957651226428,0
0,0.07657498718471302,0
0,0.33298466452944614,0
0,0.6415871475603329,1
0,0.1510309064315226,0
0,0.14205218810501588,0
0,0.8162958639702356,1
0,0.10614520279368815,0
0,0.455471313935253,0
0,0.3601981572677595,0
0,0.0872492341461702,0
0,0.005778386490863635,0
0,0.6783939765776493,1
0,0.02959926970065739,0
0,0.8982186106489803,1
0,0.46385662178696163,0
0,0.09468104358770213,0
0,0.28039326302537115,0
0,0.8686221655781671,1
0,0.15983434159621912,0
0,0.1291180563634322,0
0,0.032086100844034,0
0,0.2445210095556581,0
0,0.20285373376616242,0
0,0.11967712887213486,0
0,0.7479479794910253,1
0,0.013332904412959102,0
0,0.3719761580890243,0
0,0.3381071174775852,0
0,0.21321863562141685,0
0,0.9892809970618478,1
0,0.009728945647931178,0
0,0.6536104381186214,1
0,0.8676282768746307,1
0,0.00798326639516307,0
0,0.14159790786505722,0
0,0.042056725107368895,0
0,0.04357880915528623,0
0,0.053206057613497046,0
0,0.2532107340567894,0
0,0.07595832887080542,0
0,0.007935015840261996,0
0,0.22795107842846996,0
0,0.2609998541228944,0
0,0.8861672607238925,1
0,0.38885219129521215,0
0,0.3187196355506407,0
0,0.03285819662291649,0
0,0.09992711442432996,0
0,0.2848219073605434,0
0,0.03722160187157829,0
0,0.39605318611970025,0
0,0.3475513917139826,0
0,0.024677696583501395,0
0,0.29056024068179254,0
0,0.006496367276564106,0
0,0.4484583306619217,0
0,0.31763237013334666,0
0,0.06633089489662056,0
0,0.0436947563346827,0
0,0.3434467949839165,0
0,0.697048337612169,1
0,0.04500039458247253,0
0,0.14200688850670912,0
0,0.5630430501952208,1
0,0.6797143856326054,1
0,0.2742807663086407,0
0,0.32164965505350723,0
0,0.16734785757532536,0
0,0.1075695101412413,0
0,0.09232147062427241,0
0,0.09149850513479436,0
0,0.016027111035450625,0
0,0.007233352448898067,0
0,0.2763938529386978,0
0,0.04101081353880345,0
0,0.8814007642081744,1
0,0.040578435555655115,0
0,0.14624986022110043,0
0,0.09688647942261511,0
0,0.12260901117159594,0
0,0.1680489486875351,0
0,0.35816712585773824,0
0,0.02288284263706616,0
0,0.6620447594130351,1
0,0.07629292499996199,0
0,0.07506857736147612,0
0,0.12332112518790207,0
0,0.08744028903219078,0
0,0.02705252842262816,0
0,0.0039316913656709165,0
0,0.21825894939396803,0
0,0.011325135648732273,0
0,0.04535977115921304,0
0,0.8450512227878285,1
0,0.06080982799442892,0
0,0.4947562907622872,0
0,0.035193353218926825,0
0,0.13314749123867897,0
0,0.06766329951229334,0
0,0.15928652747405544,0
0,0.13585668717687166,0
0,0.8068650589842101,1
0,0.13915313956224964,0
0,0.06149441895098555,0
0,0.07785804695641292,0
0,0.16332570847036473,0
0,0.28619257148972904,0
0,0.018447516578195124,0
0,0.07464158270187636,0
0,0.09393343113886606,0
0,0.4997106715425627,0
0,0.10403521399512228,0
0,0.5058086488564774,0
0,0.540561584119286,1
0,0.03298441715376399,0
0,0.26582915975720345,0
0,0.014578914656440813,0
0,0.47277917122983015,0
0,0.19192303373220568,0
0,0.9183354081487488,1
0,0.4389578594060782,0
0,0.21921609396712924,0
0,0.02702567054075048,0
0,0.3805529593653604,0
0,0.024910703989548776,0
0,0.4627462929089565,0
0,0.04025764570566934,0
0,0.3857048827861795,0
0,0.01899322970110839,0
0,0.2949106540096525,0
0,0.051555134252745626,0
0,0.5724441041710159,1
0,0.14361159837921356,0
0,0.154330782677217,0
0,0.14377923419317598,0
0,0.43054230003563204,0
0,0.5596630991435656,1
0,0.020847798817162595,0
0,0.07882058183465528,0
0,0.362025475945892,0
0,0.09902107937937367,0
0,0.31289808504979316,0
0,0.04070164848962173,0
0,0.013283904119747817,0
0,0.7622899408141994,1
0,0.9385852212227731,1
0,0.21551365919427837,0
0,0.2976747012212723,0
0,0.11783125526266722,0
0,0.5566010695282105,1
0,0.03446366434820103,0
0,0.08282497037667201,0
0,0.037612126545685014,0
0,0.007219600795573485,0
0,0.09037769776902145,0
0,0.02190618080403585,0
0,0.12050735123739283,0
0,0.04802988626158581,0
0,0.0580338473991497,0
0,0.4964276020705198,0
0,0.06239519090655896,0
0,0.147455460873913,0
0,0.07146849250088531,0
0,0.036831149134786564,0
0,0.15158247684643053,0
0,0.10020461811559037,0
0,0.20742310711994316,0
0,0.07805370077740603,0
0,0.09792938648980415,0
0,0.11382217136968988,0
0,0.40274161778280276,0
0,0.09882778909205629,0
0,0.04680933274613915,0
0,0.013216992442530497,0
0,0.024653268068724997,0
0,0.4050571105540015,0
0,0.09632969275811991,0
0,0.045722660190420886,0
0,0.060809698868576824,0
0,0.016909454365988334,0
0,0.3320281949611259,0
0,0.16678751692694932,0
0,0.15426752157997792,0
0,0.013770060624983597,0
0,0.02630931683632151,0
0,0.016321798775031274,0
0,0.30781022970070265,0
0,0.6022708113449032,1
0,0.09250597401703788,0
0,0.33480858872345653,0
0,0.016170915604779384,0
0,0.04183053289200216,0
0,0.5336045483395733,1
0,0.17379312144872758,0
0,0.6907118237917015,1
0,0.7006951330342606,1
0,0.039227541746588775,0
0,0.00596387574399673,0
0,0.026374072242456154,0
0,0.23254477167450888,0
0,0.9450431206853555,1
0,0.1285557324342329,0
0,0.16276168999989796,0
0,0.010537420179570009,0
0,0.3456971515124254,0
0,0.1674048102174627,0
0,0.023325444553676904,0
0,0.3817277996037956,0
0,0.26847481982231886,0
0,0.07734900968061145,0
0,0.12024496966266872,0
0,0.05481662786597096,0
0,0.02247754611967437,0
0,0.16507392873170612,0
0,0.3953239160368097,0
0,0.03811069778404628,0
0,0.07370423957474365,0
0,0.09740371296587018,0
0,0.35136377154192616,0
0,0.5907153947452929,1
0,0.5957154496615583,1
0,0.173211200255204,0
0,0.49512476230742597,0
0,0.8132038011101843,1
0,0.06598982343753809,0
0,0.5683731983971798,1
0,0.013654033237445917,0
0,0.5155047932472508,1
0,0.23273669806749853,0
0,0.6942839442127317,1
0,0.133448300685922,0
0,0.04447745449697335,0
0,0.04773764847293576,0
0,0.19935952038615187,0
0,0.6171281748587869,1
0,0.4040637162676442,0
0,0.255137422066436,0
0,0.022114584895811834,0
0,0.12604639883805074,0
0,0.19262562888316093,0
0,0.016720643347728464,0
0,0.02762122242122919,0
0,0.29740565924495593,0
0,0.5410127383035208,1
0,0.20968126019982478,0
0,0.08044749627826199,0
0,0.03537264907397053,0
0,0.1553995688689203,0
0,0.04400851033900696,0
0,0.02572359766857025,0
0,0.11422134329244904,0
0,0.006586416699397298,0
0,0.31434002241566533,0
0,0.055068164993727346,0
0,0.14519025019224668,0
0,0.041429506160567654,0
0,0.19344124844744703,0
0,0.1287781855009322,0
0,0.045758738208989624,0
0,0.7823156184556108,1
0,0.008696420664011396,0
0,0.1277124574827835,0
0,0.10160962181196018,0
0,0.011695196587266313,0
0,0.0219891262630504,0
0,0.019885164339625,0
0,0.6593896340984847,1
0,0.33348680418789284,0
0,0.04450689161295988,0
0,0.05942598282959826,0
0,0.06776366980584472,0
0,0.1358678257360237,0
0,0.24102180347576777,0
0,0.03125102384455346,0
0,0.06389248449228614,0
0,0.3038485874829729,0
0,0.10183853012156423,0
0,0.1513118641272926,0
0,0.056672156856753086,0
0,0.011892026833788955,0
0,0.11887968453238194,0
0,0.5168809104572342,1
0,0.09862587988487029,0
0,0.313631346722232,0
0,0.40429900337659613,0
0,0.06474752799763421,0
0,0.047174687636103475,0
0,0.11889307444622971,0
0,0.527039023690878,1
0,0.05191404985401865,0
0,0.12464801788382104,0
0,0.018809598489821628,0
0,0.12642431301175358,0
0,0.21512958003785512,0
0,0.05630874656187798,0
0,0.09167289397754191,0
0,0.7886709227957757,1
0,0.11093136341179326,0
0,0.5958825160428709,1
0,0.23110200622338858,0
0,0.007513900237182073,0
0,0.1664741053284855,0
0,0.10658586282876946,0
0,0.15394429381673913,0
0,0.08247903049576104,0
0,0.014690888989027885,0
0,0.009258470652267946,0
0,0.07856439355235798,0
0,0.19911879232645005,0
0,0.30788872251456867,0
0,0.49147978117948027,0
0,0.009124334138634454,0
0,0.4520351475835748,0
0,0.008229334042474253,0
0,0.14091710903933785,0
0,0.026964072421720015,0
0,0.1862505855819271,0
0,0.13253403858933416,0
0,0.682492144633122,1
0,0.5274694882593643,1
0,0.7045696144693808,1
0,0.11357891499340536,0
0,0.541109859963082,1
0,0.04739636323356422,0
0,0.0318662574603385,0
0,0.21046289875496302,0
0,0.24918781757045586,0
0,0.1816149400392875,0
0,0.09109215085344367,0
0,0.08559879951608507,0
0,0.17001677430018408,0
0,0.018871307703154913,0
0,0.1935178626733929,0
0,0.877452558016486,1
0,0.131537430308105,0
0,0.8410965504066916,1
0,0.040263561241064005,0
0,0.15921582080207622,0
0,0.9579714645996926,1
0,0.09586751831100392,0
0,0.5877447527110083,1
0,0.0234948672875525,0
0,0.16507948954992518,0
0,0.01276066019115774,0
0,0.21166247455869838,0
0,0.07106901971478384,0
0,0.30365649941370293,0
0,0.18289874019579666,0
0,0.08138088561065446,0
0,0.0327852562229433,0
0,0.15808665040880546,0
0,0.026803561877580987,0
0,0.13658788614326062,0
0,0.025477718081388386,0
0,0.22784017307772844,0
0,0.6057224379618461,1
0,0.014673555365971182,0
0,0.011144299130811374,0
0,0.24607781344797672,0
0,0.076611510712997,0
0,0.18636814791218317,0
0,0.6990658424725811,1
0,0.025367977828430897,0
0,0.16434888186636867,0
0,0.024234864820022618,0
0,0.30556045754785316,0
0,0.1766465894719024,0
0,0.05031000279530706,0
0,0.03385068375304665,0
0,0.2892510049409521,0
0,0.08231780810915978,0
0,0.011756330665278977,0
0,0.29843589460208103,0
0,0.3070172322667214,0
0,0.6458829864093073,1
0,0.28995757492107027,0
0,0.045986125088345486,0
0,0.22106582386672102,0
0,0.09639660430155857,0
0,0.046293704018730626,0
0,0.11624636969404312,0
0,0.1436230217447249,0
0,0.13815038793484263,0
0,0.19822810341509542,0
0,0.946066193733817,1
0,0.28266455070968427,0
0,0.05120556395668887,0
0,0.7923678625311833,1
0,0.3572151686167219,0
0,0.4479709126446727,0
0,0.010440716164529698,0
0,0.018355929306904703,0
0,0.0450725939609422,0
0,0.12938887084233328,0
0,0.4320718367737773,0
0,0.004774595408491999,0
0,0.10354283646665575,0
0,0.6556353510403774,1
0,0.06489865424333222,0
0,0.35062457777135664,0
0,0.2918862287189788,0
0,0.2010334646704018,0
0,0.17076454248582087,0
0,0.09524083920076586,0
0,0.4795699638044007,0
0,0.017183916247242918,0
0,0.06792252609191707,0
0,0.247827718015235,0
0,0.040059337396689015,0
0,0.4160667974375371,0
0,0.2830742862233326,0
0,0.27390248525997446,0
0,0.06154248887367718,0
0,0.08966106201153765,0
0,0.06625455928504975,0
0,0.18135532246413472,0
0,0.005285369248887977,0
0,0.38513172117564654,0
0,0.4251303588971811,0
0,0.4067127684420806,0
0,0.033598328906877174,0
0,0.02762484714695087,0
0,0.15364461683268907,0
0,0.03131924082082465,0
0,0.3992053029540802,0
0,0.007478763152890312,0
0,0.12134874133046736,0
0,0.1115124986996363,0
0,0.0436675241982235,0
0,0.07469579735499347,0
0,0.06181584529159023,0
0,0.03395848816061346,0
0,0.18439157652238053,0
0,0.2239942945864616,0
0,0.6528141614458604,1
0,0.19238182164108103,0
0,0.1454447750086765,0
0,0.054728128457030845,0
0,0.010359887289705792,0
0,0.16351481556083605,0
0,0.5917934429941422,1
0,0.04064548078805817,0
0,0.09198493384088921,0
0,0.07880850295282689,0
0,0.020890580648590534,0
0,0.2793729746898525,0
0,0.10258774703209048,0
0,0.4758608752465632,0
0,0.02575877827375545,0
0,0.2309650322822592,0
0,0.24716929634286083,0
0,0.46005192543384077,0
0,0.1684064373298312,0
0,0.413820987492511,0
0,0.014314983434403825,0
0,0.1566091094974377,0
0,0.35201013890496985,0
0,0.06310365031149265,0
0,0.09760153538890541,0
0,0.05804584461828043,0
0,0.5632644470562769,1
0,0.20647455002283124,0
0,0.00916701032995244,0
0,0.6242505974645021,1
0,0.06320273792776164,0
0,0.0013246097971544863,0
0,0.1664972549767058,0
0,0.008406015094955062,0
0,0.26278499655975057,0
0,0.7715661994156933,1
0,0.3283288860806225,0
0,0.12081387616375704,0
0,0.11421631935889354,0
0,0.19318197753172486,0
0,0.9951207911362729,1
0,0.6134028529741402,1
0,0.008650487144542508,0
0,0.292198303756669,0
0,0.06883878956382947,0
0,0.09589186651960695,0
0,0.09925995889225049,0
0,0.4421981643133086,0
0,0.044194186356914945,0
0,0.202448746824297,0
0,0.03413794163822456,0
0,0.2585178041379533,0
0,0.6325300763058859,1
0,0.8933840733786568,1
0,0.058618678780020764,0
0,0.13539578059535692,0
0,0.19399674841869072,0
0,0.20229598692655104,0
0,0.10175396433982262,0
0,0.18484452609415905,0
0,0.04428096715566072,0
0,0.04751254365265289,0
0,0.19634909779770868,0
0,0.0745826461169763,0
0,0.01880544137521799,0
0,0.2746088681845548,0
0,0.06100659515814588,0
0,0.05909652643503236,0
0,0.14059447350985702,0
0,0.032212350486623534,0
0,0.06283707871708322,0
0,0.23518392717233294,0
0,0.06566100002549113,0
0,0.05444140410410268,0
0,0.18786233020263926,0
0,0.8775173608537234,1
0,0.2625433358749246,0
0,0.27392420768647274,0
0,0.4828387594446045,0
0,0.07955855540965083,0
0,0.18486577640154342,0
0,0.06278089873094589,0
0,0.40515327470998974,0
0,0.4033553421154952,0
0,0.12250661140544832,0
0,0.3326190546659673,0
0,0.5423128891703813,1
0,0.03225829301749542,0
0,0.027271927005984763,0
0,0.27987767964992616,0
0,0.9025354723222994,1
0,0.21427340921057206,0
0,0.05197138780799884,0
0,0.3130899369132332,0
0,0.04132902854428946,0
0,0.05846192068633389,0
0,0.4484908224161867,0
0,0.49673942242275615,0
0,0.06024301268260909,0
0,0.07097601799326168,0
0,0.12122216213392832,0
0,0.06492779810142356,0
0,0.1476793589201446,0
0,0.03732906713730567,0
0,0.1314753582197065,0
0,0.03681841462717829,0
0,0.10267437821277296,0
0,0.04120301913379224,0
0,0.29069440467455043,0
0,0.024127257067110244,0
0,0.11149909424801233,0
0,0.1698452671355726,0
0,0.13456590899243345,0
0,0.09482064239306692,0
0,0.44616420035972687,0
0,0.10506701548191004,0
0,0.6655552809603147,1
0,0.1292563066370002,0
0,0.05830009106793648,0
0,0.16162819680985038,0
0,0.03947515594910173,0
0,0.5153997270954719,1
0,0.531194322490485,1
0,0.15871036743807934,0
0,0.2733299594082736,0
0,0.898320279276407,1
0,0.41385266042776864,0
0,0.18562578922315934,0
0,0.1551815744403411,0
0,0.30102167746021224,0
0,0.01702206051334171,0
0,0.11739098193609258,0
0,0.08668698683973204,0
0,0.030288150658038256,0
0,0.6905844812374069,1
0,0.01897584848437586,0
0,0.3263611650007746,0
0,0.0030956507247442405,0
0,0.020208157560689482,0
0,0.3225559394332845,0
0,0.13229103281889795,0
0,0.15105225198484484,0
0,0.21100882469035512,0
0,0.3464220891297962,0
0,0.09826480200120928,0
0,0.28279161686344134,0
0,0.057095810655820436,0
0,0.20914780256893856,0
0,0.06771488098481794,0
0,0.8439090375229987,1
0,0.45372415395900584,0
0,0.037682863859728535,0
0,0.05764428506064258,0
0,0.2662571134924052,0
0,0.5094440842696871,0
0,0.32130839252954296,0
0,0.07502903695815068,0
0,0.0374358593014044,0
0,0.05303319037004535,0
0,0.1403493306322894,0
0,0.012842058511889161,0
0,0.15142581836482874,0
0,0.005093122723768477,0
0,0.10888541053338735,0
0,0.022650183813890536,0
0,0.003961268930463748,0
0,0.3484174323987902,0
0,0.053387770411487845,0
0,0.013207205043112354,0
0,0.06307113098213135,0
0,0.25741741659389306,0
0,0.17423455440500774,0
0,0.1712706852959466,0
0,0.019141768057201088,0
0,0.8670455025011513,1
0,0.3994460104895801,0
0,0.08520761757676806,0
0,0.008729152136420717,0
0,0.07107488946255915,0
0,0.10166664394529293,0
0,0.3758455964197804,0
0,0.37308957334715354,0
0,0.30115389229337186,0
0,0.031201030006009205,0
0,0.5165170938187014,1
0,0.13920739803708762,0
0,0.04773600108486241,0
0,0.6694439464425336,1
0,0.16957035348516195,0
0,0.12218561297093604,0
0,0.018642102430731947,0
0,0.06013388551647102,0
0,0.06830264988101077,0
0,0.17041663310794775,0
0,0.08457775219678039,0
0,0.09622127319224862,0
0,0.2550611273472289,0
0,0.13364840951984375,0
0,0.07541401733029322,0
0,0.11909891269198984,0
0,0.1579086696033685,0
0,0.027389496682017993,0
0,0.0366211230051554,0
0,0.08761493609951815,0
0,0.09479842625554219,0
0,0.1471910176730783,0
0,0.12366707277857594,0
0,0.040263148052667924,0
0,0.4419475186617455,0
0,0.043788989062642586,0
0,0.4192951039694071,0
0,0.55716148442416,1
0,0.06286469379348959,0
0,0.0697828324708542,0
0,0.07320782404843633,0
0,0.12909711589909315,0
0,0.15827121931492588,0
0,0.006226820484643246,0
0,0.5974130753759708,1
0,0.6110063933640303,1
0,0.2448867080607469,0
0,0.45775778678381707,0
0,0.272433088811826,0
0,0.0294137278987459,0
0,0.022311606023093962,0
0,0.020031639164997363,0
0,0.03339534135227963,0
0,0.08452207890893469,0
0,0.1702759904359346,0
0,0.6594868640359111,1
0,0.026843778345571077,0
0,0.12791774163505693,0
0,0.153370869317352,0
0,0.2741867939086748,0
0,0.11486385154180526,0
0,0.23399606908140802,0
0,0.10239587321244235,0
0,0.4424052286215301,0
0,0.04789780895788347,0
0,0.20445291229576934,0
0,0.5028122833100236,0
0,0.35788265108483236,0
0,0.5610823537173091,1
0,0.025792195364460948,0
0,0.753115385444434,1
0,0.387562733743599,0
0,0.015478417047551032,0
0,0.024607721897838476,0
0,0.189491201038162,0
0,0.24761300186657081,0
0,0.11080688749481259,0
0,0.03372748163249258,0
0,0.07792293186642156,0
0,0.5389390002122062,1
0,0.04591232928893359,0
0,0.021686749544547593,0
0,0.29922409550305384,0
0,0.042070593117359216,0
0,0.016387388971991455,0
0,0.30565170997700997,0
0,0.09667827111096712,0
0,0.3442330221622694,0
0,0.039326998494538024,0
0,0.2831591908115827,0
0,0.43409673448547575,0
0,0.022823282661602773,0
0,0.08557616575398692,0
0,0.6127804841297945,1
0,0.02546473303083342,0
0,0.014173128115325489,0
0,0.09487317955258404,0
0,0.010139137317050606,0
0,0.5529415297292867,1
0,0.022213942131982377,0
0,0.019739051729352152,0
0,0.7479963084390248,1
0,0.018132604270854405,0
0,0.006307965139487082,0
0,0.2963113033606069,0
0,0.08966024861603965,0
0,0.8285519044618841,1
0,0.02171763416276285,0
0,0.14679944475509027,0
0,0.2658503199747082,0
0,0.1623914551183925,0
0,0.5360602459071035,1
0,0.13834528922447564,0
0,0.23102191206458314,0
0,0.019893624843900184,0
0,0.39188989967885085,0
0,0.04430659413832777,0
0,0.12712840455157867,0
0,0.15684123715527035,0
0,0.07398073255655548,0
0,0.06710014888330716,0
0,0.14828568447477827,0
0,0.058822293782865395,0
0,0.0274368297853802,0
0,0.006341310510177711,0
0,0.1297357865547972,0
0,0.827870026904879,1
0,0.5295430949348373,1
0,0.14263023220745727,0
0,0.061496218110697255,0
0,0.1930922570993366,0
0,0.08262567401091972,0
0,0.7283330996551378,1
0,0.0725493339136684,0
0,0.12965334084173155,0
0,0.3475442574291741,0
0,0.1830725844596854,0
0,0.25138943911808925,0
0,0.005416030708955778,0
0,0.29682529536226226,0
0,0.12986894766234405,0
0,0.4987512598139911,0
0,0.08260512448919055,0
0,0.11987356449962648,0
0,0.154759681458455,0
0,0.19245291728903596,0
0,0.18406060579064235,0
0,0.271359895710865,0
0,0.2497698314995271,0
0,0.07012667139037662,0
0,0.040232366450463776,0
0,0.08256983702353576,0
0,0.3339246025840519,0
0,0.014216289444234736,0
0,0.07624436335708888,0
0,0.08699981486202195,0
0,0.1637215494123886,0
0,0.7265520415182403,1
0,0.10585501833215076,0
0,0.1327935335347433,0
0,0.19426153751971795,0
0,0.11596187442038096,0
0,0.11089249913549593,0
0,0.15619652803594067,0
0,0.2683819803917424,0
0,0.3881977113307495,0
0,0.1288460119712571,0
0,0.04824689263904183,0
0,0.02365827406153384,0
0,0.029948970437264084,0
0,0.7124783608363715,1
0,0.5887348395619018,1
0,0.4535489470541954,0
0,0.4802070197056818,0
0,0.7730113982822353,1
0,0.4135179876659929,0
0,0.11067329238232798,0
0,0.013411912988420465,0
0,0.365335634306336,0
0,0.42585981131611444,0
0,0.1613122298188932,0
0,0.08379819606745621,0
0,0.02193488016818148,0
0,0.3501005839741722,0
0,0.25455321675618925,0
0,0.8551033866975047,1
0,0.11768685022438345,0
0,0.013696350451624498,0
0,0.4306906386210206,0
0,0.01359153740855537,0
0,0.04528810768588056,0
0,0.2110489774836903,0
0,0.3815090932793043,0
0,0.11183145200767217,0
0,0.01239557551615889,0
0,0.6423720306700623,1
0,0.1233677437838069,0
0,0.06775959563071725,0
0,0.09169144739290792,0
0,0.10671551858202487,0
0,0.20151474782916648,0
0,0.06539961686769981,0
0,0.010993819209431294,0
0,0.6834505026661605,1
0,0.054586566129866294,0
0,0.27429990501996887,0
0,0.10031520898987946,0
0,0.4219501203311486,0
0,0.2415433874344618,0
0,0.10178793487755783,0
0,0.35479178307520737,0
0,0.011475146956265449,0
0,0.12068541343676904,0
0,0.4993462648857309,0
0,0.09245131788816799,0
0,0.7834123955694389,1
0,0.15932425258770488,0
0,0.7319267794023616,1
0,0.05836900617457453,0
0,0.5650789509134478,1
0,0.8273683970123418,1
0,0.6614527044712915,1
0,0.017128335090206323,0
0,0.04179193096764204,0
0,0.6443088003559869,1
0,0.6279883505023477,1
0,0.12077791668851907,0
0,0.37791989486639177,0
0,0.17929758880380908,0
0,0.32508955868586475,0
0,0.3883986385172156,0
0,0.02759494848002925,0
0,0.364288164477713,0
0,0.07621817935996328,0
0,0.025989375782440913,0
0,0.014055586744712968,0
0,0.03739610548163301,0
0,0.4921055640781682,0
0,0.07751720333002836,0
0,0.03225014192614369,0
0,0.032725298812867655,0
0,0.011901721590836547,0
0,0.035864025906553514,0
0,0.44649645089495393,0
0,0.01749412074622889,0
0,0.16846108368420482,0
0,0.3793854425012011,0
0,0.14534060922154243,0
0,0.07544726035220396,0
0,0.24480301219686096,0
0,0.3053298992474568,0
0,0.03550953032075911,0
0,0.08106904204225363,0
0,0.19740078703618422,0
0,0.02038312363131135,0
0,0.11589437858386055,0
0,0.412281863717421,0
0,0.11667801161235568,0
0,0.07346263455665612,0
0,0.01796762048749194,0
0,0.42794754328772683,0
0,0.28408234986885167,0
0,0.09066212292639718,0
0,0.06217775443727666,0
0,0.15593185403346527,0
0,0.22686366819679069,0
0,0.05538796525413952,0
0,0.9071929245412123,1
0,0.052370361395284025,0
0,0.02102959091183307,0
0,0.27913347569880737,0
0,0.024508008392621794,0
0,0.06379000364811713,0
0,0.02342907373817255,0
0,0.11545646785423563,0
0,0.016857286578169515,0
0,0.25932770937624583,0
0,0.09697066092623352,0
0,0.05867916540508867,0
0,0.2236426723937832,0
0,0.01218357640867448,0
0,0.24550973959097716,0
0,0.24288302610351203,0
0,0.14663035973927194,0
0,0.09692498891657284,0
0,0.16174243338909047,0
0,0.12246009995209782,0
0,0.38823034521584143,0
0,0.23381782330910475,0
0,0.7264179443823715,1
0,0.2981038099397273,0
0,0.012467869959198612,0
0,0.08589236919034644,0
0,0.15353908901936697,0
0,0.010144724023659601,0
0,0.28041822305984737,0
0,0.7863222879318553,1
0,0.01638212824304208,0
0,0.018978166768269435,0
0,0.07528537607815602,0
0,0.06503307935552267,0
0,0.10881140181087073,0
0,0.7393515369017588,1
0,0.39617254671103297,0
0,0.008172088484169681,0
0,0.04803223509727246,0
0,0.29139896662269893,0
0,0.01221813419370766,0
0,0.2496960544880791,0
0,0.047607721714009885,0
0,0.07084164982483498,0
0,0.07711934616432058,0
0,0.11302281593540292,0
0,0.42726588610422633,0
0,0.004953574686603714,0
0,0.09153781532321284,0
0,0.05481025054937949,0
0,0.1569040108038717,0
0,0.17904657228117626,0
0,0.036706134239439976,0
0,0.10266969103144295,0
0,0.08445257908760297,0
0,0.4121700750597217,0
0,0.04002548509429212,0
0,0.06981605555533782,0
0,0.16667310014858547,0
0,0.7107230104166501,1
0,0.08581016800338231,0
0,0.10480725749758511,0
0,0.2074965381249601,0
0,0.02801309361368224,0
0,0.14391964087026463,0
0,0.6666193728989426,1
0,0.21656269363823466,0
0,0.030058149512222344,0
0,0.3146237833936587,0
0,0.5211277940784005,1
0,0.7094512362578461,1
0,0.13969859776058888,0
0,0.015825666716489332,0
0,0.0797298700704648,0
0,0.12007995916242667,0
0,0.3010742735693655,0
0,0.21308143912017805,0
0,0.08222559585873951,0
0,0.029399980879971373,0
0,0.8513043543007581,1
0,0.16980612089590813,0
0,0.21163613760320732,0
0,0.3088824194311075,0
0,0.0865085044351659,0
0,0.5566656780299227,1
0,0.06800140056001375,0
0,0.31524052478736764,0
0,0.47499699189032724,0
0,0.21936812134070652,0
0,0.08859031822873932,0
0,0.06627063686249603,0
0,0.04101702460841966,0
0,0.02307238654787184,0
0,0.027084129364796334,0
0,0.01951960575207923,0
0,0.42000950122700687,0
0,0.06428161111980756,0
0,0.012406964051860916,0
0,0.09522896554310195,0
0,0.46895357608065463,0
0,0.13521759005519104,0
0,0.043301157045883096,0
0,0.0461001573251903,0
0,0.028514157826942776,0
0,0.08886581681540524,0
0,0.47914756554580684,0
0,0.075897579177944,0
0,0.21783478693756703,0
0,0.6147622390354058,1
0,0.29749629917136544,0
0,0.5108169479559234,0
0,0.06099045917333566,0
0,0.27201534560413826,0
0,0.662342493365774,1
0,0.32204959435111385,0
0,0.041171830084196476,0
0,0.026802517936190245,0
0,0.08443965437364802,0
0,0.17737588375921212,0
0,0.13600776330739894,0
0,0.22961312035995193,0
0,0.31156762445200514,0
0,0.026096014156563607,0
0,0.3220706248377115,0
0,0.046835912489269084,0
0,0.04439647524606961,0
0,0.05798267723797656,0
0,0.5212094491771829,1
0,0.013582522442125296,0
0,0.10583152136285391,0
0,0.01311267014500632,0
0,0.05862375177548136,0
0,0.027989568782013148,0
0,0.3645005736436852,0
0,0.09959362376410569,0
0,0.21469770860415094,0
0,0.14348152644976725,0
0,0.006943614649053694,0
0,0.2039251653233265,0
0,0.10697711340134634,0
0,0.14609958950412202,0
0,0.0796342815767214,0
0,0.9225225844107977,1
0,0.681424727477216,1
0,0.04089661692592413,0
0,0.1093897480560341,0
0,0.12518161610659628,0
0,0.07073583542164372,0
0,0.06560547718517201,0
0,0.10614263155558931,0
0,0.06696554894661323,0
0,0.015181079207984567,0
0,0.017859499006829045,0
0,0.008674306147824431,0
0,0.09832487837687572,0
0,0.19849274432230507,0
0,0.831164030622398,1
0,0.0389159410728914,0
0,0.23990290324807598,0
0,0.20590267640379953,0
0,0.08224986533233222,0
0,0.08915986875922444,0
0,0.028846580195357775,0
0,0.28890461055623873,0
0,0.48151308360518963,0
0,0.09603567115845672,0
0,0.03578726746365503,0
0,0.23742643062129665,0
0,0.10077234647425488,0
0,0.13354871764293094,0
0,0.050892158271172244,0
0,0.7488058502823112,1
0,0.14617498403320608,0
0,0.08048233504961105,0
0,0.6948171907121236,1
0,0.9027547497330659,1
0,0.39478931832995723,0
0,0.12030452418376751,0
0,0.025217115501823418,0
0,0.11336515624425259,0
0,0.0145396778110102,0
0,0.0017224536153098516,0
0,0.030650311186609408,0
0,0.178309184387064,0
0,0.4892275068921944,0
0,0.17271612640529416,0
0,0.026763741605362473,0
0,0.11896183226306294,0
0,0.14862618457677038,0
0,0.12832614098339437,0
0,0.19204594500125283,0
0,0.03465125706385693,0
0,0.6452394660944585,1
0,0.1317906195189043,0
0,0.07059777250342378,0
0,0.12431627129830954,0
0,0.21282406527844222,0
0,0.9734276554442732,1
0,0.09941871248561199,0
0,0.06224850552504048,0
0,0.09674734923376133,0
0,0.0028137386290570925,0
0,0.12752130232031852,0
0,0.00740423056615462,0
0,0.016373147928009157,0
0,0.3040473426646016,0
0,0.17241973437520236,0
0,0.11271751750979088,0
0,0.15167286766950097,0
0,0.14500257590092827,0
0,0.5674834075856987,1
0,0.008445992019044703,0
0,0.6976344833332089,1
0,0.12035432957789677,0
0,0.1434804438144265,0
0,0.03486878880781403,0
0,0.32948659465400587,0
0,0.4465020429296922,0
0,0.49320513664607046,0
0,0.018203102064960557,0
0,0.1198617413013038,0
0,0.8861856496259792,1
0,0.047795924776572095,0
0,0.054699252069813235,0
0,0.6219864111038126,1
0,0.2341613451639013,0
0,0.32803121647586836,0
0,0.35259054837932774,0
0,0.005345945925935799,0
0,0.7666207773737291,1
0,0.009020474320827645,0
0,0.3280832868251566,0
0,0.03939092831622123,0
0,0.09145757976944682,0
0,0.13813504937323845,0
0,0.017871474531184355,0
0,0.12363183244923784,0
0,0.03413716662975894,0
0,0.05506035404102413,0
0,0.789326224554938,1
0,0.008794801691947584,0
0,0.14623927615534185,0
0,0.00040261356075658734,0
0,0.4225687583708407,0
0,0.07522406221711425,0
0,0.5373459321059963,1
0,0.17441737766242524,0
0,0.4224763076625769,0
0,0.08635015423910744,0
0,0.1255691953867623,0
0,0.1473453012430219,0
0,0.006796726227505384,0
0,0.42708595630755214,0
0,0.044298782050192366,0
0,0.04737349746489279,0
0,0.18354595343993654,0
0,0.2140556758831696,0
0,0.5113397965440399,1
0,0.5848470472924854,1
0,0.1664107253135487,0
0,0.2145942048037953,0
0,0.14894657855259158,0
0,0.04623395169197064,0
0,0.4718533990062927,0
0,0.03202830743043325,0
0,0.5955471250384953,1
0,0.07781646323071838,0
0,0.42267539196667187,0
0,0.34191442729224886,0
0,0.0419505705021648,0
0,0.05633910917245675,0
0,0.015176707056756831,0
0,0.3716193027432757,0
0,0.08228792204789433,0
0,0.07012219104281599,0
0,0.7839168715547234,1
0,0.004582967573771577,0
0,0.1805022427367977,0
0,0.5565478056382347,1
0,0.6883056453847252,1
0,0.0942731805016736,0
0,0.10088385531172081,0
0,0.06119562163749739,0
0,0.06409261763847257,0
0,0.17711192351779406,0
0,0.13143890669832017,0
0,0.037059806617864594,0
0,0.3463956570897702,0
0,0.03991222541224111,0
0,0.7406440389623254,1
0,0.7606681006269362,1
0,0.009688205820396586,0
0,0.019851316437056288,0
0,0.030035113188232616,0
0,0.06458260149573805,0
0,0.07647179481978712,0
0,0.7711310890646589,1
0,0.03580717518362315,0
0,0.6260903883912985,1
0,0.047800018225594355,0
0,0.6671781737006288,1
0,0.08419733275374305,0
0,0.11251245994169742,0
0,0.43304044322313423,0
0,0.05955038796668059,0
0,0.009319334537644657,0
0,0.0741486851890447,0
0,0.554506169021423,1
0,0.07074713568853289,0
0,0.3930239732505937,0
0,0.018867553469736443,0
0,0.8688828091886613,1
0,0.06419005214193382,0
0,0.20689820288975497,0
0,0.014505080721440057,0
0,0.03683002724201416,0
0,0.022988796494692727,0
0,0.4527400985127424,0
0,0.07584950709609832,0
0,0.04089444092201534,0
0,0.03507302192432302,0
0,0.2612960554634068,0
0,0.022938533820026783,0
0,0.5041865352309864,0
0,0.09302662300950727,0
0,0.8049607755890625,1
0,0.9344520099072683,1
0,0.20663088997026904,0
0,0.3779038696800598,0
0,0.2223964536333733,0
0,0.3637019227088788,0
0,0.0777333143952937,0
0,0.22969041652802474,0
0,0.0818809810137645,0
0,0.08038612328260533,0
0,0.05570073604848156,0
0,0.17125208124732264,0
0,0.48972025069909614,0
0,0.00909229327783982,0
0,0.053600590370787474,0
0,0.12139320670356299,0
0,0.34889192611090786,0
0,0.09763772749647219,0
0,0.38448230721016535,0
0,0.05637310603578805,0
0,0.04607905311819645,0
0,0.03410605177635884,0
0,0.18925370865173818,0
0,0.1380240575130786,0
0,0.02508811634405306,0
0,0.016648438351154583,0
0,0.8641771214847916,1
0,0.5004248532962533,0
0,0.9981217889764084,1
0,0.17292239242807092,0
0,0.009795397254212121,0
0,0.07114575966850005,0
0,0.06526726732853394,0
0,0.040962670931134836,0
0,0.11264760831552158,0
0,0.44205683209831503,0
0,0.10243112175589197,0
0,0.4673011208107748,0
0,0.30522381810517124,0
0,0.2758256716750401,0
0,0.07241532500247673,0
0,0.033913775424484253,0
0,0.02930204899579917,0
0,0.07756660888955988,0
0,0.8535495282953091,1
0,0.36058179795732664,0
0,0.11155939387018506,0
0,0.047497283502346686,0
0,0.9080741759169016,1
0,0.6869390642206011,1
0,0.021575165971306057,0
0,0.2842437569851382,0
0,0.014646892939694357,0
0,0.8649536685778875,1
0,0.0754180070295469,0
0,0.8766137990472331,1
0,0.04985996282395711,0
0,0.19255864871393397,0
0,0.07914164006863826,0
0,0.06208260941062158,0
0,0.017753669170698982,0
0,0.0219360361349279,0
0,0.5195039258984893,1
0,0.0424017334955429,0
0,0.11028759966472518,0
0,0.04071003644225056,0
0,0.08373780039086148,0
0,0.0058809297536202565,0
0,0.3723345766474856,0
0,0.10755458998145483,0
0,0.1385960392594723,0
0,0.4182653444044256,0
0,0.2851637231818077,0
0,0.01370020900339008,0
0,0.5749597779215132,1
0,0.035499426110793764,0
0,0.6477334123026993,1
0,0.044890425107253565,0
0,0.08775057245162234,0
0,0.1515466890084624,0
0,0.611809100653393,1
0,0.07350543868896485,0
0,0.03378959670895037,0
0,0.008495419199878762,0
0,0.02109254203512052,0
0,0.09128947647524789,0
0,0.40736191614680006,0
0,0.09575099368245517,0
0,0.03849384731305084,0
0,0.7263691412372709,1
0,0.11171020759534661,0
0,0.07366359823223222,0
0,0.049164884481872874,0
0,0.044213758466367305,0
0,0.012662231491811617,0
0,0.1727420886654418,0
0,0.05480810213898677,0
0,0.021943562791969892,0
0,0.062856371365974,0
0,0.017487752068228096,0
0,0.0013081220457546202,0
0,0.17248892466602697,0
0,0.7360892281922802,1
0,0.0334964456928142,0
0,0.025069248648191236,0
0,0.03706243735258781,0
0,0.14603973961737146,0
0,0.08240397081869041,0
0,0.17416867010290682,0
0,0.270402490368218,0
0,0.17893514754132422,0
0,0.21969258691397825,0
0,0.17255094171029176,0
0,0.43395738208969353,0
0,0.16054681947562482,0
0,0.144419750173967,0
0,0.18529865363949977,0
0,0.23875778426669325,0
0,0.10004535507326845,0
0,0.14517975265901287,0
0,0.04676275112399458,0
0,0.18863229585273392,0
0,0.2365180360453276,0
0,0.47138306501320226,0
0,0.3941379288713213,0
0,0.05331169331352556,0
0,0.006932084871650715,0
0,0.27725221225984975,0
0,0.011597560313973097,0
0,0.018985774278112752,0
0,0.26652734010281587,0
0,0.1614491703074598,0
0,0.012815856501591952,0
0,0.26936112123126166,0
0,0.16137160381178295,0
0,0.0302916843073781,0
0,0.05745567662985368,0
0,0.047208224676043985,0
0,0.041365379421292967,0
0,0.01116470593446278,0
0,0.8676159518287511,1
0,0.054409803788030446,0
0,0.23244608973910164,0
0,0.2848125241588714,0
0,0.018513318506373378,0
0,0.17602852324065676,0
0,0.822855470759164,1
0,0.04745598840818228,0
0,0.05502260182309269,0
0,0.0367401780123593,0
0,0.4639768849855923,0
0,0.12668062240824432,0
0,0.4556379484115226,0
0,0.02443350364355158,0
0,0.05892756652130997,0
0,0.03538401227983807,0
0,0.03551795516187562,0
0,0.07490480660309036,0
0,0.001261775554689252,0
0,0.1713914077314551,0
0,0.42830933170441227,0
0,0.0636017001704944,0
0,0.054570428484588984,0
0,0.2583626775783035,0
0,0.1400382890829812,0
0,0.03883101687196943,0
0,0.5824985063503743,1
0,0.043172205900331134,0
0,0.013326237983406455,0
0,0.1215972711551247,0
0,0.1328744549901116,0
0,0.6248763123289611,1
0,0.06025853941611394,0
0,0.09177610152869983,0
0,0.42750222684279654,0
0,0.004120919014141982,0
0,0.29240107147807953,0
0,0.46576485348739377,0
0,0.21876132650093058,0
0,0.30008248263353243,0
0,0.104957301485449,0
0,0.1264328468326853,0
0,0.8495201171268231,1
0,0.45595465235841803,0
0,0.2803813040765035,0
0,0.20541470326624892,0
0,0.09928705431807297,0
0,0.09045966122706828,0
0,0.054258049091211236,0
0,0.3322139176104917,0
0,0.12052411605059764,0
0,0.0756431979702443,0
0,0.04337010188267688,0
0,0.004768813976475048,0
0,0.46803243847518783,0
0,0.08906239506256815,0
0,0.027330255005184302,0
0,0.04773132444202366,0
0,0.029689226711361053,0
0,0.48858360469622386,0
0,0.11766993446804593,0
0,0.10221649970939273,0
0,0.3269364158824916,0
0,0.10120169194717056,0
0,0.365581332125577,0
0,0.015900850462827257,0
0,0.42919471374541013,0
0,0.05138721611611931,0
0,0.40259834019709506,0
0,0.27696571439515083,0
0,0.01620697571607583,0
0,0.028606903090097426,0
0,0.22484264158924636,0
0,0.04533438117724661,0
0,0.26088021501388453,0
0,0.011953268425144348,0
0,0.04718623941879843,0
0,0.009551504229469236,0
0,0.6357226971886436,1
0,0.43965466243711165,0
0,0.9588880857998913,1
0,0.028014777654588666,0
0,0.2526407090061661,0
0,0.13416854338938888,0
0,0.8930619863767959,1
0,0.39129017660969,0
0,0.746013916467146,1
0,0.3474117236660395,0
0,0.01765275333041553,0
0,0.2596416838812937,0
0,0.08835082915195182,0
0,0.06221158744368677,0
0,0.23456407020824305,0
0,0.23187020785883208,0
0,0.05811554618969154,0
0,0.15134972257839258,0
0,0.13798465618881275,0
0,0.2853680313524096,0
0,0.15372644574044933,0
0,0.9101053689268981,1
0,0.3052912517125127,0
0,0.032045636054897346,0
0,0.09748177264557074,0
0,0.23047422096600545,0
0,0.14263586903386835,0
0,0.3476246062371368,0
0,0.2939754148616201,0
0,0.3485767652449869,0
0,0.06783584735724722,0
0,0.3175735363904692,0
0,0.08161834030890391,0
0,0.0262815668192667,0
0,0.08717054041878533,0
0,0.9267663839098876,1
0,0.07483312521043854,0
0,0.1728018156497843,0
0,0.10323541028893145,0
0,0.057708252677901424,0
0,0.07693216474311242,0
0,0.378541250132392,0
0,0.00334522765927211,0
0,0.2637135591447426,0
0,0.19581686897940848,0
0,0.16204898677825316,0
0,0.011979733606663712,0
0,0.09391389337635365,0
0,0.6748338966734259,1
0,0.12076244693288161,0
0,0.18908985186236119,0
0,0.23428593412018914,0
0,0.1829528424078453,0
0,0.4350460342575671,0
0,0.182848069471406,0
0,0.0999003159405512,0
0,0.7461708900726685,1
0,0.17395250515579136,0
0,0.2302163933756982,0
0,0.031104978086584023,0
0,0.2958276133570879,0
0,0.45773230281235155,0
0,0.05292145223458497,0
0,0.21043594252403866,0
0,0.23084691497804669,0
0,0.2659220152031908,0
0,0.053234594259607235,0
0,0.5741657252439744,1
0,0.6699956174775907,1
0,0.26788618224652194,0
0,0.016040125064133007,0
0,0.5389645053756265,1
0,0.6284618384927407,1
0,0.10414504427989828,0
0,0.008730998749670362,0
0,0.20420171052201963,0
0,0.016248943023594663,0
0,0.12257401406500815,0
0,0.000908035677626485,0
0,0.16463878680550015,0
0,0.34270016553276156,0
0,0.15288960491563441,0
0,0.26838898982994647,0
0,0.014881235243282697,0
0,0.47667736944227534,0
0,0.1731709212893988,0
0,0.3150106106557741,0
0,0.4305006230190242,0
0,0.03192934284491553,0
0,0.12478545351893244,0
0,0.11835721993971855,0
0,0.5742470240048724,1
0,0.07292922180167112,0
0,0.08473399875976159,0
0,0.002104578986105689,0
0,0.11251412481174862,0
0,0.33861305079586335,0
0,0.0802271282158301,0
0,0.008855496038264238,0
0,0.18438147429624352,0
0,0.02632531451889874,0
0,0.0984899844563515,0
0,0.549367724307776,1
0,0.8526496165223094,1
0,0.030742756628358982,0
0,0.17433887296168538,0
0,0.14917986680476586,0
0,0.01283149195412662,0
0,0.009666752127376601,0
0,0.6861064662141501,1
0,0.0314894310424374,0
0,0.5329922800197265,1
0,0.21653159540653205,0
0,0.16892734822406633,0
0,0.011697104593890126,0
0,0.03312233821207113,0
0,0.3443840184525953,0
0,0.005426015865009217,0
0,0.45818812817895704,0
0,0.33430178200551813,0
0,0.37963556776437873,0
0,0.9050769980687762,1
0,0.45623216343573214,0
0,0.20008170685818782,0
0,0.06527912941054294,0
0,0.19521788093982292,0
0,0.05912807755988514,0
0,0.8545357578654273,1
0,0.22841151431845913,0
0,0.028151864928118046,0
0,0.06563358832539208,0
0,0.2982520056930032,0
0,0.8962412145862713,1
0,0.16899226727832997,0
0,0.028364542220910078,0
0,0.7396244255886503,1
0,0.5393044436938559,1
0,0.17859626395274697,0
0,0.09966141714870017,0
0,0.034990996022035814,0
0,0.24162921937558335,0
0,0.21341831529220265,0
0,0.05732910399619919,0
0,0.1499065830643171,0
0,0.10821558308221108,0
0,0.0432716208421313,0
0,0.015263173558313034,0
0,0.0900962717178514,0
0,0.011157009561701282,0
0,0.5600200245800292,1
0,0.8618639563704787,1
0,0.034409162464310555,0
0,0.35727344343765133,0
0,0.05000772500485616,0
0,0.06082446266640159,0
0,0.045003885600500164,0
0,0.17698807003325964,0
0,0.11475710516733578,0
0,0.5645401623029567,1
0,0.19145220973685853,0
0,0.044492128532278574,0
0,0.6591500229764699,1
0,0.08945830764859761,0
0,0.7084400137828649,1
0,0.03328407463601575,0
0,0.08499786332438133,0
0,0.12092787738838386,0
0,0.003512149380455667,0
0,0.22466053194220484,0
0,0.03950767886143071,0
0,0.5447323232436477,1
0,0.003001082891114272,0
0,0.08301357512788843,0
0,0.03202455320421759,0
0,0.020896432033376516,0
0,0.1687746557013095,0
0,0.02135699783004798,0
0,0.1426070038964339,0
0,0.8065891468610452,1
0,0.23738451477767625,0
0,0.1227419534192261,0
0,0.3469057280423212,0
0,0.08648996186036399,0
0,0.02227914857120458,0
0,0.014076702039691066,0
0,0.09564837211969877,0
0,0.1362369006314498,0
0,0.05086169671031246,0
0,0.4164447486337339,0
0,0.4379800839365456,0
0,0.26932021233010267,0
0,0.1898909305672472,0
0,0.2995901437417724,0
0,0.03839887328502076,0
0,0.9055784682665172,1
0,0.02277414180413458,0
0,0.07020804122577914,0
0,0.04451160642093403,0
0,0.05980098041591511,0
0,0.06181498074138475,0
0,0.07812728622404785,0
0,0.36030830810949316,0
0,0.21380134226113412,0
0,0.3919320665805426,0
0,0.03320726367214079,0
0,0.114794312025827,0
0,0.19700475552758942,0
0,0.4807181232585852,0
0,0.4480327342357798,0
0,0.04078576996145793,0
0,0.13434764497814874,0
0,0.156344412719619,0
0,0.1853935486072214,0
0,0.02247568493919489,0
0,0.11401981990853288,0
0,0.05942160148036734,0
0,0.10032513934702368,0
0,0.0292986611397491,0
0,0.027047379330399364,0
0,0.07764015877728722,0
0,0.23674638658505603,0
0,0.22967466350295956,0
0,0.2544354467026294,0
0,0.030689834913260734,0
0,0.1594767387898629,0
0,0.3425781106540831,0
0,0.4892955311977575,0
0,0.17335965097414116,0
0,0.12258339696347934,0
0,0.5111368172124915,1
0,0.02717005388463118,0
0,0.1384840057967034,0
0,0.06922071192532604,0
0,0.014662922416493793,0
0,0.6565751392433063,1
0,0.13283592352428983,0
0,0.12739944419439012,0
0,0.33808636756448407,0
0,0.02113931353731519,0
0,0.04116680612640392,0
0,0.022209113740879416,0
0,0.3175254555300647,0
0,0.5642641419616561,1
0,0.9778722113435332,1
0,0.1305198683257162,0
0,0.8362780955804204,1
0,0.11387981719935084,0
0,0.0419524500270729,0
0,0.8066861390771359,1
0,0.11530455388753962,0
0,0.3663880265435764,0
0,0.523492381619505,1
0,0.033329593386822655,0
0,0.7530015796688325,1
0,0.10446875132572674,0
0,0.14862520314866415,0
0,0.0019764519565907313,0
0,0.9978896802211027,1
0,0.12480009396072282,0
0,0.1837632007785613,0
0,0.1414084465742843,0
0,0.24381002426538537,0
0,0.7758014324774146,1
0,0.15301322485958155,0
0,0.7918698635418152,1
0,0.33456141309052423,0
0,0.17887413618113943,0
0,0.2328661400801016,0
0,0.5111477901568013,1
0,0.08180588621515186,0
0,0.18662499057065413,0
0,0.41180224512039415,0
0,0.011314106497884531,0
0,0.0366496704888898,0
0,0.010818449020041329,0
0,0.05633895618893534,0
0,0.29048107652500416,0
0,0.2778283095552821,0
0,0.22487253730563186,0
0,0.28268910628650673,0
0,0.5556326852901948,1
0,0.10710964354390362,0
0,0.038170219883175906,0
0,0.16883617483185806,0
0,0.05897247187003821,0
0,0.1106955660130997,0
0,0.5341273490570944,1
0,0.011657192715311505,0
0,0.1576134078449925,0
0,0.2751472335996275,0
0,0.19141405499635972,0
0,0.0025916591967911433,0
0,0.0793668410255528,0
0,0.1074669601155637,0
0,0.12164598390266396,0
0,0.09623904684580914,0
0,0.11391337247264118,0
0,0.03756120888177663,0
0,0.010934511655023219,0
0,0.23995924962819382,0
0,0.1168750170105749,0
0,0.09407541539881507,0
0,0.2394441979009068,0
0,0.30803376947315797,0
0,0.050256267701709254,0
0,0.3820075709022368,0
0,0.1806808250477725,0
0,0.0005508033512638391,0
0,0.4906144455504731,0
0,0.03678218356539859,0
0,0.06611328923646502,0
0,0.3918890005612517,0
0,0.5192539855960883,1
0,0.09267931223731637,0
0,0.15893248400570842,0
0,0.1877445102484888,0
0,0.09677003731980657,0
0,0.25355565556443466,0
0,0.0830108732364669,0
0,0.00400132660402965,0
0,0.2794520625951765,0
0,0.21646700007225927,0
0,0.2921484754230799,0
0,0.0571621300953032,0
0,0.003680702160206488,0
0,0.12275294008800311,0
0,0.09575298726104872,0
0,0.07291875937477232,0
0,0.03556072070467774,0
0,0.352668156407943,0
0,0.19232970128268626,0
0,0.08835544062360134,0
0,0.011425745170286529,0
0,0.42693783468034396,0
0,0.040047746545106115,0
0,0.01572060252668786,0
0,0.0023727414687353217,0
0,0.008808820867390276,0
0,0.09275237553619836,0
0,0.13271436479980028,0
0,0.014976316961503141,0
0,0.07840050146545254,0
0,0.005915183641782939,0
0,0.06923446627503028,0
0,0.18149714384053542,0
0,0.15302458534556865,0
0,0.2732647079098806,0
0,0.629433030414922,1
0,0.14213222282449225,0
0,0.02121141935996128,0
0,0.04400588610481823,0
0,0.29644399010165295,0
0,0.19806392288298943,0
0,0.027455545649628394,0
0,0.30399358100051826,0
0,0.1420721577173869,0
0,0.07893744173150209,0
0,0.04982227300784415,0
0,0.9405807725436857,1
0,0.3123783071109218,0
0,0.4577702081238016,0
0,0.07161156343854583,0
0,0.16374439728419032,0
0,0.2997943895421421,0
0,0.42812583280044886,0
0,0.018224762368591833,0
0,0.23822941923461102,0
0,0.03607109843729501,0
0,0.4745473739494751,0
0,0.08582607508517237,0
0,0.2181018863451356,0
0,0.04689750773779477,0
0,0.6612576334936854,1
0,0.07730119962317993,0
0,0.11261180846057518,0
0,0.04245536182689571,0
0,0.3099923911949905,0
0,0.168467635706135,0
0,0.08269569541792436,0
0,0.8467058598482872,1
0,0.5931134088959915,1
0,0.8076673565192057,1
0,0.14728435372683824,0
0,0.146623347626805,0
0,0.8102498137661027,1
0,0.33116486804390305,0
0,0.0028111381547688587,0
0,0.011223869695870506,0
0,0.3681628306720818,0
0,0.0639900414491518,0
0,0.1543602883918361,0
0,0.1576837232360198,0
0,0.09639827121250896,0
0,0.5096233863421505,0
0,0.1832763734674311,0
0,0.17520362825405986,0
0,0.06238552070349137,0
0,0.02715509167150725,0
0,0.09697741788674513,0
0,0.5808796298841129,1
0,0.29680187356796817,0
0,0.06429619462396394,0
0,0.13202011935232563,0
0,0.45486103393978317,0
0,0.001927272047157359,0
0,0.1844846347624634,0
0,0.2865817636997533,0
0,0.01369040350373567,0
0,0.4918266465629297,0
0,0.018363702837602695,0
0,0.12527235514500637,0
0,0.03697659308694192,0
0,0.1919882382958138,0
0,0.13195295086609626,0
0,0.36663138550657126,0
0,0.049627375232128894,0
0,0.03300717393158341,0
0,0.8963067334939853,1
0,0.13150412424003163,0
0,0.45178788374712814,0
0,0.26287824573062424,0
0,0.43009281612579586,0
0,0.2844721258771521,0
0,0.051089233348775395,0
0,0.0675507253394858,0
0,0.4989923615609154,0
0,0.06840759833275697,0
0,0.43253390970383143,0
0,0.4279111250047104,0
0,0.16688652176227484,0
0,0.12524452362362593,0
0,0.049754306070559584,0
0,0.11808110934027463,0
0,0.38673386435528434,0
0,0.1091452736180519,0
0,0.12265339193311364,0
0,0.021662001037039177,0
0,0.6893579190966831,1
0,0.8118389570069793,1
0,0.03786745211455607,0
0,0.05561049504117269,0
0,0.13109461028107985,0
0,0.04590509059696568,0
0,0.05194228037522204,0
0,0.01089988328713704,0
0,0.04389784420517323,0
0,0.0543226992963563,0
0,0.007162261853784489,0
0,0.1506761373671828,0
0,0.049133537061193874,0
0,0.16450364032238313,0
0,0.019970141543133722,0
0,0.026229469485875383,0
0,0.16888314967718393,0
0,0.0085442297019634,0
0,0.09043537548556574,0
0,0.38466163499399947,0
0,0.27971536211428155,0
0,0.010438046661756323,0
0,0.14400035607150685,0
0,0.15000239382956926,0
0,0.004160430773150223,0
0,0.6678018430900469,1
0,0.8237826372247165,1
0,0.09978381894643504,0
0,0.3947739437687919,0
0,0.03790116810659693,0
0,0.04333482396924034,0
0,0.05824299126587484,0
0,0.07497739435849281,0
0,0.0825184645985675,0
0,0.7436721256794,1
0,0.2048290252534068,0
0,0.44627623524189725,0
0,0.14103835039952647,0
0,0.4551820004849412,0
0,0.09364273169710373,0
0,0.4346996101914543,0
0,0.04026575430432434,0
0,0.1691787402969744,0
0,0.13282130377590118,0
0,0.34125503712528865,0
0,0.08571790827984005,0
0,0.6600002398604459,1
0,0.052908950552409746,0
0,0.07279690006920499,0
0,0.006037957442837494,0
0,0.21075373583445883,0
0,0.06541234336215442,0
0,0.5493728413006735,1
0,0.7035816405010636,1
0,0.26534048442197605,0
0,0.01599845606775478,0
0,0.05571471509830817,0
0,0.033539297992441784,0
0,0.013874382982996983,0
0,0.17553157470318903,0
0,0.13501114615912232,0
0,0.4139057037287524,0
0,0.34252481336616525,0
0,0.2105234940233066,0
0,0.009867586349540776,0
0,0.056479577069129656,0
0,0.1052025244193413,0
0,0.08034529260373727,0
0,0.09629385083936733,0
0,0.91003298144931,1
0,0.06692692935296989,0
0,0.10453751126642262,0
0,0.5850245198868151,1
0,0.05205564865756939,0
0,0.6082632225383793,1
0,0.20265404709031412,0
0,0.4124815671822346,0
0,0.06786920255080434,0
0,0.0181042657276615,0
0,0.003146172701104439,0
0,0.40130495891815804,0
0,0.06280401923381401,0
0,0.14427248878652355,0
0,0.041381117483236314,0
0,0.26875161906632844,0
0,0.29133763370459237,0
0,0.4583594327457162,0
0,0.6120738164521856,1
0,0.07903113852396217,0
0,0.4337178948224386,0
0,0.18257596978957677,0
0,0.5526274815837853,1
0,0.19366371699652357,0
0,0.043702139170999126,0
0,0.6501877590733061,1
0,0.11671145952015917,0
0,0.322541699993602,0
0,0.02677679968590379,0
0,0.025621535244203648,0
0,0.0549152124655881,0
0,0.22599835371232627,0
0,0.07461702372812676,0
0,0.23523811744043838,0
0,0.06252768581016958,0
0,0.12692330794713186,0
0,0.09125177350769693,0
0,0.010341978038292525,0
0,0.11168001951260682,0
0,0.3473880645965593,0
0,0.08237835326317962,0
0,0.1509817378914958,0
0,0.22887846986875576,0
0,0.15542209187448938,0
0,0.060416840346738186,0
0,0.4373271460219408,0
0,0.13491082957369965,0
0,0.3854087107623932,0
0,0.025038392476723532,0
0,0.11065362709337598,0
0,0.29877623345800636,0
0,0.09151580210325445,0
0,0.12933691331243669,0
0,0.16888313325116394,0
0,0.12132660785660042,0
0,0.05967578487630636,0
0,0.05888728124301309,0
0,0.06924803895313685,0
0,0.12160709802165048,0
0,0.4643939153627816,0
0,0.31230856639794047,0
0,0.07311200457790522,0
0,0.08895838990769414,0
0,0.0031999719110989244,0
0,0.007137667129334779,0
0,0.7139289128597105,1
0,0.048120593383812124,0
0,0.02263962606623495,0
0,0.5072025274697046,0
0,0.07388842043475782,0
0,0.5358465079629388,1
0,0.07642925618464841,0
0,0.14657493863215235,0
0,0.004463294505309386,0
0,0.003907515861653057,0
0,0.8453589396583663,1
0,0.15365605090224815,0
0,0.19062067700394064,0
0,0.7424930402042355,1
0,0.30651825447284275,0
0,0.8416142533272258,1
0,0.00890688447727244,0
0,0.7878323061665097,1
0,0.04909425757067763,0
0,0.17836934255308054,0
0,0.008573600008790363,0
0,0.15208405553352758,0
0,0.1938627486971963,0
0,0.38376503718439375,0
0,0.05215708632400713,0
0,0.051681853323351915,0
0,0.22263340121598452,0
0,0.22847103923794665,0
0,0.06919432010456211,0
0,0.0770159819241797,0
0,0.3731597834148325,0
0,0.014044781441348232,0
0,0.0341493907947335,0
0,0.2634396107322216,0
0,0.00720347526364217,0
0,0.03879758560256688,0
0,0.3687264300119466,0
0,0.06809055144493024,0
0,0.05583561373552953,0
0,0.4034315026080805,0
0,0.07220334883331016,0
0,0.021887794866762737,0
0,0.24086515297939054,0
0,0.023199626557192262,0
0,0.03664150137974744,0
0,0.5546552498231389,1
0,0.21337588535112387,0
0,0.09309857320120507,0
0,0.031710288039021886,0
0,0.19269701812278045,0
0,0.49984240999290847,0
0,0.1541098619801688,0
0,0.26801874522300756,0
0,0.21043702541427675,0
0,0.05172345846766951,0
0,0.1674234076747226,0
0,0.11315264424139526,0
0,0.05043636428153779,0
0,0.05300295736993586,0
0,0.19580211295205743,0
0,0.09164797164280351,0
0,0.07383446981729208,0
0,0.9896017867332108,1
0,0.09414378573050237,0
0,0.22337866389466438,0
0,0.008327792006774743,0
0,0.0027580310231654086,0
0,0.402765374449884,0
0,0.1510769489577918,0
0,0.14843770328346995,0
0,0.3404849339410361,0
0,0.09944227971365244,0
0,0.31083590376593445,0
0,0.07605285283586953,0
0,0.07022010870002235,0
0,0.12986067455145717,0
0,0.20998786199087238,0
0,0.005393856313918499,0
0,0.6605615010618546,1
0,0.17119864943883736,0
0,0.23689747015975413,0
0,0.046684882328315795,0
0,0.7083786149450292,1
0,0.08981493486058909,0
0,0.3028679421060375,0
0,0.019063456302900895,0
0,0.9523871869915439,1
0,0.7054707991602595,1
0,0.8238878461873207,1
0,0.07902619047261022,0
0,0.014276064823229693,0
0,0.8358271295006923,1
0,0.14255290419435546,0
0,0.1604188220842796,0
0,0.06732731335055021,0
0,0.0012540311194059522,0
0,0.020821585507197503,0
0,0.009871101834803891,0
0,0.04369682152502598,0
0,0.2131981092104761,0
0,0.4344336895861026,0
0,0.0016103891014180318,0
0,0.05647795776829268,0
0,0.0077905037450980395,0
0,0.04431028556205796,0
0,0.056757645679515654,0
0,0.08432977972994814,0
0,0.04654613421378395,0
0,0.09074071075182262,0
0,0.12940507994734518,0
0,0.08862288948328867,0
0,0.1087832740965902,0
0,0.2733326708095985,0
0,0.8320710803044086,1
0,0.06302899410237749,0
0,0.07181574352792179,0
0,0.02155133499322072,0
0,0.10581968643417777,0
0,0.476861128943222,0
0,0.02983552540707795,0
0,0.29500212207523707,0
0,0.08688681806664125,0
0,0.023832170907049696,0
0,0.9501533095873548,1
0,0.057919241333460984,0
0,0.11977719272037521,0
0,0.15539710273023719,0
0,0.06602016484081831,0
0,0.2839292426777932,0
0,0.08601233254626725,0
0,0.00658345691989667,0
0,0.04721185398503498,0
0,0.03760630156725469,0
0,0.16929748978465115,0
0,0.06877409746399524,0
0,0.9571748425049338,1
0,0.09299272292530403,0
0,0.04918092725924627,0
0,0.005353251101856056,0
0,0.08937927927217384,0
0,0.09631750146936606,0
0,0.5551677564368094,1
0,0.16696019100972156,0
0,0.15208358901446795,0
0,0.5775168299245738,1
0,0.15520612301609574,0
0,0.0675808736321557,0
0,0.1132901969712022,0
0,0.051996193574113045,0
0,0.3809295902554179,0
0,0.39720276279103534,0
0,0.07298892080191499,0
0,0.8491744175899336,1
0,0.03868317682969423,0
0,0.39951804833662535,0
0,0.2641604063051494,0
0,0.055524228253203495,0
0,0.014157826655632677,0
0,0.13503697156992062,0
0,0.01571566298545576,0
0,0.0941778541389874,0
0,0.06427765856473622,0
0,0.3810978462443602,0
0,0.009389228093709873,0
0,0.021362526789503386,0
0,0.11944698863182643,0
0,0.03690046695273727,0
0,0.21373945929336383,0
0,0.9983625188127125,1
0,0.22869649706585013,0
0,0.27708912532669105,0
0,0.03353436460169706,0
0,0.27113195872909407,0
0,0.4284849653936128,0
0,0.8176797550432564,1
0,0.5105733979257233,0
0,0.35361260077850243,0
0,0.04875646442801196,0
0,0.6636819827735371,1
0,0.5227877548677525,1
0,0.25979760969579707,0
0,0.1441855092604678,0
0,0.28426313591916375,0
0,0.3363947803579733,0
0,0.5248477785163901,1
0,0.014419341388506634,0
0,0.03210252054885855,0
0,0.04565959524642037,0
0,0.052018444476536266,0
0,0.05673569589095919,0
0,0.3242685748993182,0
0,0.2956388435109185,0
0,0.15909488262342525,0
0,0.4910496173153342,0
0,0.04579909249770277,0
0,0.12108475036676253,0
0,0.32583303909161176,0
0,0.11904641182487974,0
0,0.11686761042706725,0
0,0.03656965390474608,0
0,0.01763658518866608,0
0,0.15113916983564724,0
0,0.06152793134472034,0
0,0.18205386108203153,0
0,0.3719343755548281,0
0,0.07926205318890925,0
0,0.7399740548346815,1
0,0.7621655102021033,1
0,0.148561219276804,0
0,0.5962491573419295,1
0,0.4176652361938312,0
0,0.12846209685112425,0
0,0.253312513009687,0
0,0.18035990008636138,0
0,0.9176002702386549,1
0,0.024682117399280022,0
0,0.47378602179627144,0
0,0.9696664066224995,1
0,0.11525897328054387,0
0,0.38863439371713043,0
0,0.8109934544955726,1
0,0.14458924598691453,0
0,0.06792816892068679,0
0,0.7654676915546559,1
0,0.0904273346041891,0
0,0.23206529892597222,0
0,0.02446389831733451,0
0,0.21279901195372875,0
0,0.045748468861514825,0
0,0.06892278550583818,0
0,0.1962995359347902,0
0,0.20692748730440325,0
0,0.03680180171800948,0
0,0.13347318523875018,0
0,0.18753770170388673,0
0,0.022858296640107943,0
0,0.03815053994471659,0
0,0.11350910805390745,0
0,0.02812302828336313,0
0,0.01373876784152484,0
0,0.19629720028497658,0
0,0.04841225623416412,0
0,0.06764953062201284,0
0,0.10097590956133096,0
0,0.1540338209260987,0
0,0.028041794347196232,0
0,0.05492521748358008,0
0,0.36070125177372625,0
0,0.06707344914426426,0
0,0.05565634273433331,0
0,0.36535226740603055,0
0,0.42331598625226297,0
0,0.050764407092594284,0
0,0.8328719696963377,1
0,0.1340267375318259,0
0,0.05342496930313974,0
0,0.7607946967445277,1
0,0.3212231696659205,0
0,0.09815998804496259,0
0,0.036992192085011144,0
0,0.03211050507604349,0
0,0.06016657175574396,0
0,0.6290942687170257,1
0,0.23965724404952216,0
0,0.45230174745701096,0
0,0.5468821907778433,1
0,0.04765400800032429,0
0,0.04148419646831275,0
0,0.21176452529009224,0
0,0.2700866595239197,0
0,0.2731489398559143,0
0,0.5479774343343958,1
0,0.5056430900641379,0
0,0.46531438878718756,0
0,0.09413579451650456,0
0,0.03060497804184898,0
0,0.24112030013363026,0
0,0.0015284824087509862,0
0,0.08924456652312664,0
0,0.19297929778167586,0
0,0.040926699972483084,0
0,0.12425778062209164,0
0,0.023559798175759476,0
0,0.18732250237326575,0
0,0.7547573559298711,1
0,0.006646929670194572,0
0,0.18191765738493376,0
0,0.016964127246950882,0
0,0.26059523025420467,0
0,0.05209759536365861,0
0,0.08762457609031324,0
0,0.19368252390351826,0
0,0.07965181293891378,0
0,0.36897571313572236,0
0,0.27585711886089737,0
0,0.6672359763066907,1
0,0.13330231388316957,0
0,0.0478007518148043,0
0,0.35154564613074196,0
0,0.1810178580609495,0
0,0.07095264042398834,0
0,0.3720204761199462,0
0,0.04120065838969291,0
0,0.4440915404666984,0
0,0.2455614413326841,0
0,0.651042870263759,1
0,0.01199114958240016,0
0,0.21917311584749014,0
0,0.8351636377546283,1
0,0.09535924498198525,0
0,0.05986204917737109,0
0,0.16063515919958948,0
0,0.3963460235839431,0
0,0.32790912528829186,0
0,0.08590576691972951,0
0,0.3680404588771295,0
0,0.014813448273491217,0
0,0.21513717282741338,0
0,0.007311824364349863,0
0,0.24239062171218678,0
0,0.03514650852608119,0
0,0.10879844039924859,0
0,0.056704035000039746,0
0,0.7006468360914044,1
0,0.061185806479433086,0
0,0.042154597552529934,0
0,0.10321664580324079,0
0,0.3057127399957644,0
0,0.11157699534496814,0
0,0.0040712446939225565,0
0,0.5299356483149248,1
0,0.9006267728796334,1
0,0.01418203564348856,0
0,0.27659807637401035,0
0,0.13821358986898888,0
0,0.4923624317843158,0
0,0.04153080405601478,0
0,0.0099041670302058,0
0,0.21661704536328752,0
0,0.18287892794500496,0
0,0.05940780318645225,0
0,0.09973748128096659,0
0,0.10783644358050101,0
0,0.030809347435596556,0
0,0.05662617112072214,0
0,0.2630411370238844,0
0,0.13628052178714334,0
0,0.006360594079388557,0
0,0.2374442719643211,0
0,0.02667577381336962,0
0,0.21047304825879257,0
0,0.11631241818677678,0
0,0.321675997329197,0
0,0.014790603608090383,0
0,0.590454069796479,1
0,0.025302747416412412,0
0,0.07969943355971727,0
0,0.03262015105414867,0
0,0.050072507255372906,0
0,0.03313146085633724,0
0,0.29851172228408596,0
0,0.3615198982985911,0
0,0.13112482657005245,0
0,0.48364519226063923,0
0,0.046304930821285804,0
0,0.16072966477911968,0
0,0.2901385084265327,0
0,0.5392866524873036,1
0,0.043121934067163414,0
0,0.9520096166467893,1
0,0.023919168556083704,0
0,0.006448237965666924,0
0,0.2928082752609872,0
0,0.047254849232032305,0
0,0.08587198780847143,0
0,0.0910424702733096,0
0,0.17246693226292656,0
0,0.011951180681899745,0
0,0.01595498433023944,0
0,0.40557462890188295,0
0,0.18477239255721953,0
0,0.7132974573821318,1
0,0.15494267026978867,0
0,0.009678793517994323,0
0,0.07776930397051206,0
0,0.34273520340675295,0
0,0.14206759290200677,0
0,0.2918951434351604,0
0,0.6838283781538017,1
0,0.08199776735054881,0
0,0.014500874792194376,0
0,0.017685526547253864,0
0,0.1876255667972977,0
0,0.19737817933270022,0
0,0.010951579845208823,0
0,0.22946821789938848,0
0,0.2400020132208408,0
0,0.0672649650597008,0
0,0.17120639745562283,0
0,0.0008514084666523068,0
0,0.8368250525879246,1
0,0.33159984500731554,0
0,0.14724709637050218,0
0,0.7823963479597608,1
0,0.06963490365515516,0
0,0.3727305126061506,0
0,0.1612609187394494,0
0,0.06650918617133207,0
0,0.1615348974224936,0
0,0.05174736921854898,0
0,0.06187717237997174,0
0,0.3263674252631167,0
0,0.24079982065786754,0
0,0.5563061972585,1
0,0.0024914217603447786,0
0,0.19500207794503852,0
0,0.015966509041826404,0
0,0.2065500464258344,0
0,0.0583595628879983,0
0,0.34093805103781577,0
0,0.05429248143553986,0
0,0.05261932827610544,0
0,0.6537997977579547,1
0,0.114049446784174,0
0,0.16624783924285638,0
0,0.03991045961176305,0
0,0.5457590739449373,1
0,0.041518926180237975,0
0,0.05866558506544348,0
0,0.4692194153709484,0
0,0.10582484588559221,0
0,0.12026491368045997,0
0,0.048896128609876494,0
0,0.835573939853681,1
0,0.7149634242665501,1
0,0.03259660495261284,0
0,0.37989967663160756,0
0,0.738914832432425,1
0,0.131197185433126,0
0,0.18536478574111914,0
0,0.2880260931295724,0
0,0.29843667024890796,0
0,0.38199865867775246,0
0,0.01964390163103237,0
0,0.01040436965842077,0
0,0.18150582846747673,0
0,0.008750849340692458,0
0,0.04722002965486836,0
0,0.11655036102095127,0
0,0.020457582981206125,0
0,0.04106415857114033,0
0,0.020625102515226704,0
0,0.4799803047126321,0
0,0.06081963328314572,0
0,0.05260980170757304,0
0,0.027653312503378935,0
0,0.10003001117599766,0
0,0.17873630408735414,0
0,0.3483456266813004,0
0,0.0525537857739038,0
0,0.028402949326807536,0
0,0.34569145900164827,0
0,0.02704123523336288,0
0,0.958933335347025,1
0,0.06441530264850802,0
0,0.12388103070945733,0
0,0.05875314429373141,0
0,0.07482113348385629,0
0,0.9302148071436589,1
0,0.01669591357455985,0
0,0.08179384953733249,0
0,0.4044817752453898,0
0,0.25232393454752083,0
0,0.06924394554482975,0
0,0.005924453312057637,0
0,0.49115953403439283,0
0,0.05650362913542899,0
0,0.1534800836492007,0
0,0.3957520645966251,0
0,0.029238115011942012,0
0,0.05807134407932316,0
0,0.5591555156333508,1
0,0.018017484082255033,0
0,0.22129231519510126,0
0,0.009125262941416173,0
0,0.12140598039265431,0
0,0.3836141053116055,0
0,0.24572511162008828,0
0,0.005805293921742155,0
0,0.4019515984025485,0
0,0.4885159165722182,0
0,0.30109468469724693,0
0,0.24506288417991523,0
0,0.13902187374965655,0
0,0.08178863082122229,0
0,0.036141648736961914,0
0,0.18974900587267807,0
0,0.2128503202084218,0
0,0.05211875078463566,0
0,0.056341468163058545,0
0,0.20623261020885073,0
0,0.14345114504819273,0
0,0.05956591090997465,0
0,0.11361416028289768,0
0,0.08802525629276736,0
0,0.2038299306590283,0
0,0.08693544019389345,0
0,0.0021083087045601287,0
0,0.7130436465090128,1
0,0.07285488073061357,0
0,0.7193098146841284,1
0,0.3289395241760244,0
0,0.6868262404837813,1
0,0.032608056226815604,0
0,0.04811752524391125,0
0,0.24025849158795626,0
0,0.14021726994040343,0
0,0.5883928022924002,1
0,0.004146549112597306,0
0,0.6879320637974541,1
0,0.012001433245084504,0
0,0.014054113481452288,0
0,0.016351992719854918,0
0,0.04004725899775902,0
0,0.012920010293505167,0
0,0.0194700368101194,0
0,0.060837044243404775,0
0,0.19448450784517127,0
0,0.032817092504739465,0
0,0.0692039265271411,0
0,0.11780905691225177,0
0,0.0897722950906026,0
0,0.3219926323561107,0
0,0.10285914229385011,0
0,0.2240168733154122,0
0,0.034653826962390756,0
0,0.37769999148075106,0
0,0.01238018330708824,0
0,0.29599845440436134,0
0,0.28893175998473963,0
0,0.21394392579884045,0
0,0.18196744535644635,0
0,0.02063328001241622,0
0,0.03967619086469855,0
0,0.14648152583576585,0
0,0.37186531576187515,0
0,0.4048619849273093,0
0,0.14370181962883555,0
0,0.04252649201399678,0
0,0.008303304848628951,0
0,0.05151426723308521,0
0,0.14458184059887996,0
0,0.008507143865712538,0
0,0.006236112288161394,0
0,0.2842084822560852,0
0,0.1626998897532216,0
0,0.05206576571510757,0
0,0.08274557426463203,0
0,0.010194246864100613,0
0,0.06209674371497759,0
0,0.1239045163312625,0
0,0.045684319443228885,0
0,0.08147149522369317,0
0,0.029156616629654193,0
0,0.21342696099211708,0
0,0.8796289148762156,1
0,0.45414496010013916,0
0,0.05869641718773517,0
0,0.5081520996874885,0
0,0.031451827211898015,0
0,0.18003700555305296,0
0,0.2313629918579478,0
0,0.13910660921073573,0
0,0.6626505621736825,1
0,0.011244331018835103,0
0,0.5303618289836802,1
0,0.048744936649080174,0
0,0.7932700100316417,1
0,0.14691378130979146,0
0,0.021431876763272364,0
0,0.063266568027943,0
0,0.2952696336250268,0
0,0.6269667989644742,1
0,0.08711808849644126,0
0,0.026747475386774657,0
0,0.058753552178082924,0
0,0.02240974987877028,0
0,0.6054196530849288,1
0,0.1649676574363404,0
0,0.2841758286070916,0
0,0.13055248301821756,0
0,0.13206404722195864,0
0,0.14904177148241288,0
0,0.36317315698324115,0
0,0.9780860233496133,1
0,0.12371654327484595,0
0,0.5997306802321344,1
0,0.027719715708407432,0
0,0.13672321787436953,0
0,0.01865042462650282,0
0,0.3813974830746978,0
0,0.33355180386938227,0
0,0.16488795325630934,0
0,0.37491836893980557,0
0,0.01073845499498279,0
0,0.6693038942469568,1
0,0.5533656272681912,1
0,0.1880102169828017,0
0,0.3325830452085274,0
0,0.09019556414926441,0
0,0.09466036523261907,0
0,0.2741407219299947,0
0,0.7172093385161227,1
0,0.035511439621531755,0
0,0.5917646927080394,1
0,0.0345268831836852,0
0,0.117649285314768,0
0,0.11053189646456019,0
0,0.19024061679091242,0
0,0.17766620753502682,0
0,0.11321033622807018,0
0,0.03688111921212347,0
0,0.12768613167000745,0
0,0.12770026615987634,0
0,0.1229748429976958,0
0,0.05451540477025464,0
0,0.042641711390785104,0
0,0.028945368360456733,0
0,0.45380102969925323,0
0,0.24972582046356773,0
0,0.3072785507214461,0
0,0.03256051818563895,0
0,0.3715769458757715,0
0,0.029585493537977063,0
0,0.5877027897378961,1
0,0.1922301473789583,0
0,0.12710672508350165,0
0,0.3404951780778554,0
0,0.23522921361614832,0
0,0.18309801147687868,0
0,0.004133974262224066,0
0,0.05728758336472227,0
0,0.3644758201171831,0
0,0.27985101420703734,0
0,0.006476551600340394,0
0,0.036215587073975715,0
0,0.11801431596461426,0
0,0.28780883114947214,0
0,0.410947117033208,0
0,0.08618785726873292,0
0,0.23028933704731608,0
0,0.33155844406619717,0
0,0.15240150656655022,0
0,0.1663181047915374,0
0,0.1960455879590681,0
0,0.23880235231553607,0
0,0.19429441599598346,0
0,0.033477565170487375,0
0,0.1654957554054016,0
0,0.3169763900199417,0
0,0.04065880865984925,0
0,0.1751109504280745,0
0,0.5266705602211984,1
0,0.3596855144129674,0
0,0.40815729553805347,0
0,0.06390215865725356,0
0,0.68369326006316,1
0,0.0697456570740739,0
0,0.11150631058827672,0
0,0.9436229323878444,1
0,0.03595148529314663,0
0,0.4092909772896628,0
0,0.02565003203968913,0
0,0.09956145677965543,0
0,0.708756170850438,1
0,0.7276391661320942,1
0,0.03512261063070634,0
0,0.10345976907089108,0
0,0.16134567509687614,0
0,0.04305603662537077,0
0,0.8818805259585321,1
0,0.03230433307286494,0
0,0.01481964052552222,0
0,0.17405164681871713,0
0,0.12298726366269294,0
0,0.06595507885010551,0
0,0.38230358634185146,0
0,0.04691250119585469,0
0,0.06601284144305342,0
0,0.38828350002507395,0
0,0.36662064700591057,0
0,0.11406918914633146,0
0,0.5157844104646797,1
0,0.005326477683841321,0
0,0.02558760047466171,0
0,0.02420202961416981,0
0,0.06222595306058569,0
0,0.0456015744429572,0
0,0.15676740445963197,0
0,0.07350865831162369,0
0,0.11726897564192497,0
0,0.07525296006869805,0
0,0.048839028520784984,0
0,0.1059814307209515,0
0,0.19257399633425543,0
0,0.013971243250778108,0
0,0.3360505672344153,0
0,0.051476436510734365,0
0,0.102012158474133,0
0,0.20754461938622096,0
0,0.23438843756969882,0
0,0.5560084779355996,1
0,0.04347640378698285,0
0,0.11715708112560737,0
0,0.12803901658149178,0
0,0.0386503921472931,0
0,0.4801318940925301,0
0,0.008818011298889775,0
0,0.5690276584778652,1
0,0.19539214579296663,0
0,0.12953073048652697,0
0,0.2779671638430026,0
0,0.7748197186817161,1
0,0.11417071872134042,0
0,0.4434737099444494,0
0,0.16068970662089918,0
0,0.124851654674819,0
0,0.018718165464801102,0
0,0.4346056698100896,0
0,0.7737399152258515,1
0,0.03312698168144638,0
0,0.0037249735143750893,0
0,0.9191133958407002,1
0,0.5822375470317607,1
0,0.7572435217719714,1
0,0.13441656366170773,0
0,0.0048136859510160175,0
0,0.15447628193878746,0
0,0.07027078464910118,0
0,0.13857392499939625,0
0,0.019598786214782137,0
0,0.3918156154587752,0
0,0.043718854217316354,0
0,0.020507137591156625,0
0,0.923718658665115,1
0,0.0836058547481418,0
0,0.019359317051924674,0
0,0.12689515420998373,0
0,0.4808588873027468,0
0,0.03580662377337378,0
0,0.16235530402837273,0
0,0.04130679196500339,0
0,0.3116191667542701,0
0,0.8524038255964905,1
0,0.33572936212137316,0
0,0.019049866514400465,0
0,0.201547890253721,0
0,0.21355931721744204,0
0,0.2810890810261236,0
0,0.14268300338922454,0
0,0.028263528410518192,0
0,0.3260242532418078,0
0,0.09223767545217329,0
0,0.01851269843884924,0
0,0.36743304539681043,0
0,0.8829387828449878,1
0,0.9123325386679965,1
0,0.02199904408676783,0
0,0.4807016514093296,0
0,0.2738480893759394,0
0,0.014735307661383977,0
0,0.39364929887886474,0
0,0.07990553312239283,0
0,0.08458445133431504,0
0,0.10482926163958745,0
0,0.15549904589448224,0
0,0.013172377726459333,0
0,0.028126612072307034,0
0,0.18952948031699104,0
0,0.07586893596750931,0
0,0.05497800099133066,0
0,0.06832146137794923,0
0,0.8365567554562064,1
0,0.1193089775177837,0
0,0.054510457998356576,0
0,0.09890088588775932,0
0,0.14266439178552676,0
0,0.06223094477537831,0
0,0.23476763597844544,0
0,0.24520297682929632,0
0,0.0522118290915927,0
0,0.3309547406178404,0
0,0.04525905733109433,0
0,0.05526088385181618,0
0,0.014632998042286818,0
0,0.10725497271757937,0
0,0.5259887909265033,1
0,0.10450841641629986,0
0,0.099635356633328,0
0,0.022802701984402846,0
0,0.06411223329049467,0
0,0.4499549904562292,0
0,0.09220013730543569,0
0,0.0374579592115471,0
0,0.11162918786067003,0
0,0.6731088800867063,1
0,0.013955693244860295,0
0,0.008233072153671656,0
0,0.09635735152101826,0
0,0.04687098690255827,0
0,0.4635446508278031,0
0,0.25570583872947844,0
0,0.24307724375658815,0
0,0.036252012073740174,0
0,0.10619690222296828,0
0,0.08025572923046449,0
0,0.03588456846531643,0
0,0.051725694064213214,0
0,0.1343724251250448,0
0,0.6329700721992874,1
0,0.611311416964303,1
0,0.6715513292638924,1
0,0.04926885855643987,0
0,0.06981862877390496,0
0,0.7399260280298515,1
0,0.13994833869697842,0
0,0.011356362291061621,0
0,0.16424631943960358,0
0,0.7239189037775046,1
0,0.40988706722965024,0
0,0.12220221940404367,0
0,0.033392435045685474,0
0,0.037681906698095256,0
0,0.1586924443605642,0
0,0.03269180483671484,0
0,0.2846021542102964,0
0,0.47608704405341107,0
0,0.15048732265950202,0
0,0.9174295346705399,1
0,0.2546220458865294,0
0,0.20946315615844274,0
0,0.10614192054202562,0
0,0.0026027325193522183,0
0,0.037884538904804844,0
0,0.03524228481622334,0
0,0.2866757829080909,0
0,0.047512401403401294,0
0,0.1396055069437218,0
0,0.07053919713315973,0
0,0.4369570634113686,0
0,0.5829758049191773,1
0,0.057602581044684936,0
0,0.014522613295496334,0
0,0.1813498275347967,0
0,0.07135288555861952,0
0,0.1839868706458875,0
0,0.10374943428675316,0
0,0.18726437641824434,0
0,0.016486415098304303,0
0,0.04133415002736121,0
0,0.08646021033052885,0
0,0.29160387263037474,0
0,0.014693549755399668,0
0,0.240730561063399,0
0,0.059518995738828205,0
0,0.0367339435611004,0
0,0.1460142762157018,0
0,0.03302260559800213,0
0,0.06496880207366897,0
0,0.08717680755390458,0
0,0.36869410817577397,0
0,0.5190305539499827,1
0,0.6759307296314571,1
0,0.6030027038726177,1
0,0.0755866034322886,0
0,0.8331495494721277,1
0,0.027974038499862876,0
0,0.21428346817478786,0
0,0.0037057614852969148,0
0,0.8804435569506897,1
0,0.15237412569560416,0
0,0.0045735721066619255,0
0,0.15929854331994978,0
0,0.12054321456028798,0
0,0.05271852690476897,0
0,0.315723589667724,0
0,0.8911252826880268,1
0,0.36041813305687836,0
0,0.052469320876763426,0
0,0.0804609959263053,0
0,0.11178819312213435,0
0,0.38143235117013297,0
0,0.013598853209725384,0
0,0.12426191504591547,0
0,0.21597135247384258,0
0,0.01962930055957099,0
0,0.08440359371960968,0
0,0.028603051017526387,0
0,0.0009735687357806892,0
0,0.022635560835344282,0
0,0.12157293866447798,0
0,0.4556689930642619,0
0,0.0914915416227391,0
0,0.39413133656129495,0
0,0.05528293858972508,0
0,0.16249893202027865,0
0,0.16906231685245068,0
0,0.249253593431292,0
0,0.28189196520677384,0
0,0.26468389143500093,0
0,0.12376363568947579,0
0,0.07938654912918265,0
0,0.3546249744546006,0
0,0.11685615770829093,0
0,0.06448168849936177,0
0,0.6665036841436335,1
0,0.47143619899711264,0
0,0.36491072845721034,0
0,0.7847372601494845,1
0,0.26838397009421916,0
0,0.750145855415185,1
0,0.05491091188334915,0
0,0.205160295797587,0
0,0.023823979886909888,0
0,0.24287185945467474,0
0,0.6768348268420525,1
0,0.18511478602330547,0
0,0.18046676087466262,0
0,0.019717278857378825,0
0,0.31148937310194036,0
0,0.5569698047901445,1
0,0.07544718475992276,0
0,0.02289257638869232,0
0,0.15155130494147007,0
0,0.05804523167100236,0
0,0.04625683854185804,0
0,0.4139962195664683,0
0,0.02026318170720243,0
0,0.12934023136798187,0
0,0.6551525103160408,1
0,0.022380735370975024,0
0,0.02330549742358401,0
0,0.2948761487175098,0
0,0.04087640452985324,0
0,0.12603430917320352,0
0,0.010334929841369243,0
0,0.03468835159244626,0
0,0.026541696788858933,0
0,0.35649612255780505,0
0,0.048432828786179515,0
0,0.13002902468043037,0
0,0.19745954631426108,0
0,0.005960639030154517,0
0,0.305267795043806,0
0,0.40031869163378686,0
0,0.38963341738120955,0
0,0.7431848500249524,1
0,0.3930892077970054,0
0,0.3063630359472901,0
0,0.16601747089643815,0
0,0.020512174815469034,0
0,0.08371895711488966,0
0,0.49734289343271343,0
0,0.2959718856779413,0
0,0.07461299185465133,0
0,0.3029353821972805,0
0,0.1507674748615258,0
0,0.01228707104003769,0
0,0.09022427717376515,0
0,0.020749425801906977,0
0,0.05512730439021044,0
0,0.033438367010531635,0
0,0.2565987127909326,0
0,0.2541771666871147,0
0,0.04157775352723876,0
0,0.26981508345213456,0
0,0.11088191815861394,0
0,0.4011011352408437,0
0,0.06138429155507257,0
0,0.5266797202080677,1
0,0.34428295852794055,0
0,0.011061600659503665,0
0,0.11151640795297348,0
0,0.017844929046898907,0
0,0.013809601666687984,0
0,0.05109439082524901,0
0,0.12373544058542259,0
0,0.03316980667094677,0
0,0.18175018832012374,0
0,0.010351496296060055,0
0,0.09191446972178753,0
0,0.12444012943843816,0
0,0.04200698403992898,0
0,0.13698561014913008,0
0,0.15661878617930805,0
0,0.22623095871016785,0
0,0.4764507496378171,0
0,0.48507427720028734,0
0,0.30454321338198426,0
0,0.0022452765098020474,0
0,0.025982554125359908,0
0,0.03974431458873709,0
0,0.014784315816887668,0
0,0.49191887567744885,0
0,0.06663344035862825,0
0,0.1558499569330836,0
0,0.030854810378875424,0
0,0.023300167660214508,0
0,0.731539011272558,1
0,0.09754521839809853,0
0,0.3139296845608521,0
0,0.8722947561080753,1
0,0.4179897088419212,0
0,0.060033389107695685,0
0,0.09236078283231698,0
0,0.04279718507664263,0
0,0.01065874184707572,0
0,0.0860009989785686,0
0,0.011716855757905821,0
0,0.466676087068456,0
0,0.025407670006435196,0
0,0.038037474911761446,0
0,0.044607707651355,0
0,0.10313520075363161,0
0,0.009714561466453468,0
0,0.4200662703336929,0
0,0.13256809070966602,0
0,0.19460448420745302,0
0,0.15054086034351674,0
0,0.5338921767818663,1
0,0.26395492274455495,0
0,0.04922977229181216,0
0,0.20543433182130108,0
0,0.04614793998244467,0
0,0.046568766460845776,0
0,0.33424795948874836,0
0,0.09012205859489525,0
0,0.09739780326090375,0
0,0.09051031439607243,0
0,0.12038253932133812,0
0,0.7860577053000832,1
0,0.0807547780207553,0
0,0.0027162057976916937,0
0,0.36524107751814017,0
0,0.2759707107062024,0
0,0.06675920177684173,0
0,0.00881676232874939,0
0,0.03176943988824121,0
0,0.1298398968809261,0
0,0.19636897998379646,0
0,0.6379618216943214,1
0,0.3329749195231474,0
0,0.09852610569638293,0
0,0.08992567804874704,0
0,0.12424066374330636,0
0,0.342918214285837,0
0,0.020964535079494258,0
0,0.42899115795973397,0
0,0.1443311315094414,0
0,0.05391624777441181,0
0,0.32430459402125433,0
0,0.1607925814721444,0
0,0.05479699739123886,0
0,0.27821117176711846,0
0,0.058703665900665045,0
0,0.14717226537692227,0
0,0.19913885476991458,0
0,0.25547136955688415,0
0,0.2477986840523086,0
0,0.06647650947118333,0
0,0.08063999294837225,0
0,0.03353179560035537,0
0,0.28677447979045106,0
0,0.04549196421594759,0
0,0.07333686172967303,0
0,0.7490151258223804,1
0,0.008505495028020513,0
0,0.7261792803528851,1
0,0.26453197738805634,0
0,0.11927633024410797,0
0,0.27196544201333606,0
0,0.05966981867312172,0
0,0.31958861600256067,0
0,0.3828318235021422,0
0,0.15732630328257013,0
0,0.040746558437541665,0
0,0.11292070316897078,0
0,0.0428482667167204,0
0,0.0788900317619625,0
0,0.13928769683115957,0
0,0.059846298326916486,0
0,0.027369249747573803,0
0,0.48697479537410304,0
0,0.07235108437482711,0
0,0.17038951422668053,0
0,0.3130025966051229,0
0,0.01602625733686504,0
0,0.05184392037752066,0
0,0.006312757904183779,0
0,0.3449612808454281,0
0,0.21057312844874937,0
0,0.9464836621483222,1
0,0.2038193605248234,0
0,0.1601936195008286,0
0,0.10274948793717575,0
0,0.2920343666392288,0
0,0.02741591109537669,0
0,0.9094849157233605,1
0,0.8938480308022269,1
0,0.3498655429079216,0
0,0.024911864076991735,0
0,0.22377078216247395,0
0,0.6016600274552039,1
0,0.22757228906836066,0
0,0.41600619159705393,0
0,0.3064062627058581,0
0,0.033654693311593056,0
0,0.3790434542223235,0
0,0.029580392745825898,0
0,0.03816078820954908,0
0,0.18148826533065104,0
0,0.03325391972837173,0
0,0.041833371550497975,0
0,0.11842722906863873,0
0,0.3208487889125143,0
0,0.3289397051106367,0
0,0.2983796914503701,0
0,0.4454042773252917,0
0,0.18138628816786964,0
0,0.007279441987837058,0
0,0.03530010727622848,0
0,0.050979723744579486,0
0,0.0021861673687798996,0
0,0.05884385694931884,0
0,0.12676190476366928,0
0,0.11164059408992098,0
0,0.441122812381714,0
0,0.035834174870407076,0
0,0.4421960030999521,0
0,0.03526354486105006,0
0,0.7489457986483742,1
0,0.5268734908545989,1
0,0.33750588540592,0
0,0.0029313373155443185,0
0,0.011466528581280737,0
0,0.9140514065993915,1
0,0.6829228706875141,1
0,0.08380965538262289,0
0,0.05345180244737421,0
0,0.0904308380279756,0
0,0.12208352646493657,0
0,0.013880673622916135,0
0,0.02559833430194364,0
0,0.004562905087814788,0
0,0.19362189081103676,0
0,0.005064410948847512,0
0,0.009674053128493397,0
0,0.3181520358868264,0
0,0.5473339802113489,1
0,0.13855922139739624,0
0,0.008505422556680577,0
0,0.02480004329875073,0
0,0.22325195352288052,0
0,0.002609200505072051,0
0,0.13360966828000043,0
0,0.056415641129214725,0
0,0.1983554610257319,0
0,0.16625666774030487,0
0,0.2473545120984769,0
0,0.26011380754513636,0
0,0.06073890815618133,0
0,0.04335147566838683,0
0,0.031747892163318005,0
0,0.26218422360556654,0
0,0.7627528847450146,1
0,0.07646515476524973,0
0,0.057534615812311465,0
0,0.2941800099511128,0
0,0.013292089203126902,0
0,0.19203512940335338,0
0,0.09196294076054645,0
0,0.052097189002063914,0
0,0.07243621454374041,0
0,0.20018666394924076,0
0,0.12623544298551714,0
0,0.3081327543218445,0
0,0.012213984209421555,0
0,0.01205594343762587,0
0,0.2195726383317257,0
0,0.2280109652366743,0
0,0.07794100555627448,0
0,0.24623870841887122,0
0,0.05268156328474611,0
0,0.48024861201715513,0
0,0.4411719966120402,0
0,0.5413276228892134,1
0,0.07459991134880925,0
0,0.04212966152908329,0
0,0.37960280927082773,0
0,0.20503147402346697,0
0,0.12433684060414611,0
0,0.04086179010479689,0
0,0.7827991126707099,1
0,0.880041840727651,1
0,0.17275255692341376,0
0,0.27089502012613603,0
0,0.06962803716816585,0
0,0.10698991516893283,0
0,0.22894420623801973,0
0,0.035167304366751986,0
0,0.12163223849475391,0
0,0.07951516037898596,0
0,0.7112757856397469,1
0,0.6156442664247073,1
0,0.7251190595059588,1
0,0.34768453742051453,0
0,0.06954993104503428,0
0,0.23184572849576868,0
0,0.022796284355220044,0
0,0.013723871931205636,0
0,0.029225299964136246,0
0,0.41422815774581756,0
0,0.11512345003226702,0
0,0.38735716252892244,0
0,0.37294703566414644,0
0,0.03472304144555096,0
0,0.2812530836444997,0
0,0.06945406492674579,0
0,0.10801422322331057,0
0,0.8068021779121645,1
0,0.1027239595188061,0
0,0.016416352944518854,0
0,0.003310232550672712,0
0,0.17500704094397623,0
0,0.004929845021504195,0
0,0.35428631033342184,0
0,0.24952471035430956,0
0,0.25790715430813266,0
0,0.12801333899365142,0
0,0.022598223914178924,0
0,0.039433112284622415,0
0,0.0637486423399349,0
0,0.12611983077407246,0
0,0.07194506441345642,0
0,0.2100569991248391,0
0,0.05442425024333523,0
0,0.18546653355855208,0
0,0.09144551924406015,0
0,0.09885086795865869,0
0,0.10886409588545881,0
0,0.19183365443058895,0
0,0.07359108423783643,0
0,0.10323853386916665,0
0,0.02330700535956332,0
0,0.35053664402944573,0
0,0.06754757764266223,0
0,0.25114226708641646,0
0,0.043515386203493066,0
0,0.5512894900959868,1
0,0.12180801249002678,0
0,0.007543266081580207,0
0,0.32518959458735175,0
0,0.14564229136134846,0
0,0.3194545784085424,0
0,0.10088979034155655,0
0,0.09029427430437692,0
0,0.2532384579196191,0
0,0.06445860910128255,0
0,0.2051661999827917,0
0,0.6477073977614026,1
0,0.1252052569622625,0
0,0.12913507862678403,0
0,0.07576213371707334,0
0,0.08250671824514967,0
0,0.48386219043409684,0
0,0.03016637506858284,0
0,0.01732128186087082,0
0,0.3871884996651207,0
0,0.027716755993304223,0
0,0.8187683295276573,1
0,0.35714047644787095,0
0,0.4523176302052778,0
0,0.30390017209340586,0
0,0.38550426093669893,0
0,0.3395731002991504,0
0,0.2823734203529275,0
0,0.5076063641076295,0
0,0.6092451877305199,1
0,0.0771344114309461,0
0,0.0034009029307493356,0
0,0.778261917250468,1
0,0.1284858779432325,0
0,0.06361047652507777,0
0,0.06615757263122685,0
0,0.1767656878243305,0
0,0.0627401569195484,0
0,0.042225333513160296,0
0,0.34163096744774496,0
0,0.023319101584957508,0
0,0.0391227091484352,0
0,0.25009054613871684,0
0,0.3786014642250143,0
0,0.13031020340749966,0
0,0.7953813596997686,1
0,0.02000286131321024,0
0,0.010480168493049636,0
0,0.20304925082976016,0
0,0.12997903742459738,0
0,0.1691135353078252,0
0,0.1825902910917471,0
0,0.08499830751422302,0
0,0.054914031238534784,0
0,0.6897534619287622,1
0,0.027069062420717695,0
0,0.06164566363824854,0
0,0.13279310894218527,0
0,0.25020674652624786,0
0,0.0482257413729783,0
0,0.005847486324170221,0
0,0.42392031622646237,0
0,0.032583125076931646,0
0,0.017337851202965104,0
0,0.0022140208290163024,0
0,0.43375957858714964,0
0,0.1664280617974174,0
0,0.09583803806707275,0
0,0.26094920371868296,0
0,0.074067344093325,0
0,0.21838556652259306,0
0,0.00017849023983271253,0
0,0.014388746525506096,0
0,0.5250718445331498,1
0,0.03249885221307217,0
0,0.10332945305753334,0
0,0.569570436528269,1
0,0.3792968785526065,0
0,0.1777049829233661,0
0,0.5733571192624599,1
0,0.042746354650439154,0
0,0.31728282966311505,0
0,0.39553594734557296,0
0,0.10506907316436827,0
0,0.059167810886062606,0
0,0.0716797915708609,0
0,0.1393096426807397,0
0,0.031713475934937646,0
0,0.10546341229846731,0
0,0.19432631979346518,0
0,0.05151444550556673,0
0,0.04824470534256514,0
0,0.18100772006290475,0
0,0.7481881952845003,1
0,0.24538139636759065,0
0,0.40976605286531603,0
0,0.029632370223825602,0
0,0.01395888269599332,0
0,0.020134800754913484,0
0,0.8527883806203889,1
0,0.0649765553037062,0
0,0.014472987342862995,0
0,0.1629403792798687,0
0,0.014445045899639714,0
0,0.09876292485406994,0
0,0.0977172929743769,0
0,0.23976101993870472,0
0,0.04537641870176056,0
0,0.022081299554994663,0
0,0.013018702977417623,0
0,0.49267394746385396,0
0,0.21753465705533573,0
0,0.4168754413462456,0
0,0.5949037454336797,1
0,0.43673981430273395,0
0,0.9162298435618614,1
0,0.06296562554035007,0
0,0.07956497633225719,0
0,0.08829668446283413,0
0,0.0752508475633592,0
0,0.05307316611393391,0
0,0.042809913885101664,0
0,0.35600172210463465,0
0,0.5028622971164516,0
0,0.0024772549809553043,0
0,0.16918062992408794,0
0,0.18298647719990027,0
0,0.02386421483609927,0
0,0.42740415569134194,0
0,0.01410647626475442,0
0,0.4946455933929839,0
0,0.29717497281081723,0
0,0.7308003497365573,1
0,0.13833193181358022,0
0,0.3020150081074514,0
0,0.12279417854606942,0
0,0.01976497255057846,0
0,0.21546905298972246,0
0,0.05384002814232984,0
0,0.46904788845487266,0
0,0.05075645302357261,0
0,0.06574056728741523,0
0,0.20481839227731513,0
0,0.03870032363377631,0
0,0.24722060695219622,0
0,0.03170628708156634,0
0,0.034599128973290885,0
0,0.021061295941078435,0
0,0.9887106096309825,1
0,0.010294555431059551,0
0,0.040407107318183,0
0,0.4393962643760539,0
0,0.048072592321881324,0
0,0.0647727795102571,0
0,0.6818305805598693,1
0,0.17486520774162684,0
0,0.12953454991087449,0
0,0.7016978688722626,1
0,0.8627679209315438,1
0,0.04409884561369123,0
0,0.006481881222881293,0
0,0.4221261549919188,0
0,0.6922219537864056,1
0,0.08828078872468045,0
0,0.10949243965685046,0
0,0.5731535838302365,1
0,0.1857312263535983,0
0,0.2085889097314389,0
0,0.04261972453312113,0
0,0.22142885841161714,0
0,0.9344203726933994,1
0,0.5003925288664349,0
0,0.7914861674382793,1
0,0.08100268976527035,0
0,0.0013185656945477622,0
0,0.2943623716219104,0
0,0.052831745747420424,0
0,0.003611157299924247,0
0,0.018786703435650868,0
0,0.7442861607158678,1
0,0.12039695581769415,0
0,0.35045340747783815,0
0,0.18463994089107774,0
0,0.42751039972824795,0
0,0.12803424498737742,0
0,0.021407956019934206,0
0,0.2633120597265943,0
0,0.11178767962076135,0
0,0.34109011047500887,0
0,0.04639748654080862,0
0,0.13003888306033676,0
0,0.37964992889449417,0
0,0.6103033169518655,1
0,0.051805904966271056,0
0,0.040334967155743945,0
0,0.03582260118269752,0
0,0.7245690057193537,1
0,0.4762602367398215,0
0,0.0665147392736124,0
0,0.03989050285618557,0
0,0.027315132690181983,0
0,0.027243406808262774,0
0,0.003459353375081433,0
0,0.12539790075953808,0
0,0.10782901016027416,0
0,0.10213767918262473,0
0,0.022009357179583376,0
0,0.14198490844613879,0
0,0.17712527714407925,0
0,0.06563148640578151,0
0,0.06672126154387682,0
0,0.017255034157053026,0
0,0.4601021119136552,0
0,0.11454739404268338,0
0,0.03437312532226366,0
0,0.19980502860655855,0
0,0.0828444210190592,0
0,0.05329788302628792,0
0,0.06959912114297268,0
0,0.10516270613920503,0
0,0.1816132073576441,0
0,0.2512217140903669,0
0,0.03187016117818699,0
0,0.4476543462167356,0
0,0.06498421937331783,0
0,0.05157425454694165,0
0,0.19111854714746235,0
0,0.02998540901562896,0
0,0.6042319000979619,1
0,0.5170580420465573,1
0,0.06613114743586675,0
0,0.024134713137316636,0
0,0.694146062069984,1
0,0.33588487265377903,0
0,0.24510494623617163,0
0,0.34286052734379435,0
0,0.09379464013019541,0
0,0.5868930665763202,1
0,0.06009141623972356,0
0,0.15612425623099277,0
0,0.21020037647953727,0
0,0.1260410032182877,0
0,0.07362300500541294,0
0,0.1174616779069068,0
0,0.0351326323703991,0
0,0.09049635828743587,0
0,0.10433393913722777,0
0,0.03087961022911782,0
0,0.012622095089911217,0
0,0.05959935952018041,0
0,0.05315365654889835,0
0,0.5067427106784115,0
0,0.6893574412500446,1
0,0.7067422734457467,1
0,0.1082875051030622,0
0,0.06655579421796012,0
0,0.014777128956795758,0
0,0.08721844737479248,0
0,0.061446802224194616,0
0,0.8337143702422452,1
0,0.055441869514516066,0
0,0.04342518391776621,0
0,0.34087032743062307,0
0,0.043724626691556544,0
0,0.09686499078648458,0
0,0.016179498113595023,0
0,0.04548181264125939,0
0,0.42971548024735173,0
0,0.5062567288502543,0
0,0.07205526136436212,0
0,0.5186748511298583,1
0,0.0868752322666805,0
0,0.345385750891828,0
0,0.552188989503411,1
0,0.022925849508661146,0
0,0.22512367284881324,0
0,0.055582646790379234,0
0,0.03230723149255295,0
0,0.3395638372686011,0
0,0.071800109979868,0
0,0.6342509797420299,1
0,0.1381134614947797,0
0,0.03556620838093599,0
0,0.1187550945876516,0
0,0.2546726923208619,0
0,0.07147752954711027,0
0,0.28253208244959455,0
0,0.6459153207343995,1
0,0.2336922304378187,0
0,0.6797206199922513,1
0,0.7704039537195011,1
0,0.4862641165345,0
0,0.11681513149151213,0
0,0.02230425051983806,0
0,0.7421737745083592,1
0,0.10134657448395946,0
0,0.02391185151919856,0
0,0.1436674719483553,0
0,0.4118723217876572,0
0,0.0053354707064775415,0
0,0.07963738256233607,0
0,0.07651822490285791,0
0,0.11353600607069353,0
0,0.05202430989828166,0
0,0.12360930402295107,0
0,0.0005910383767356682,0
0,0.40348009773896604,0
0,0.08654921411049775,0
0,0.30341506653559197,0
0,0.115797921267203,0
0,0.005437524684553889,0
0,0.1977663337043242,0
0,0.8502501361009185,1
0,0.017902095848240113,0
0,0.04343924811291316,0
0,0.2680213204261651,0
0,0.11136598882728299,0
0,0.021575895329757712,0
0,0.0072094101468840885,0
0,0.45783022488448893,0
0,0.10269381906169087,0
0,0.03342703271405281,0
0,0.09410555497653791,0
0,0.18493683715299103,0
0,0.040080211792575406,0
0,0.011544054611208507,0
0,0.09918281240535913,0
0,0.26055012981546366,0
0,0.06593941881960448,0
0,0.3199273666290529,0
0,0.9682420145470237,1
0,0.8484684901946417,1
0,0.039240979060023815,0
0,0.0735777987724155,0
0,0.09084257844343958,0
0,0.3047624223751182,0
0,0.3243223102825744,0
0,0.31026003362088755,0
0,0.4215992175723508,0
0,0.02070673850411224,0
0,0.038179262440223856,0
0,0.8306487121484538,1
0,0.0961150419335106,0
0,0.012877889145713802,0
0,0.8953639163290869,1
0,0.06570843266998552,0
0,0.014927650964181803,0
0,0.034305109625236224,0
0,0.18819128931166057,0
0,0.2062352930194493,0
0,0.06348894596498579,0
0,0.11990284656866317,0
0,0.07064609418818016,0
0,0.04315709147763662,0
0,0.5517417230539529,1
0,0.09272755192213737,0
0,0.57515449704127,1
0,0.0023717736023685914,0
0,0.03169920571216824,0
0,0.0058532835549481585,0
0,0.29852740306327674,0
0,0.07321347387571617,0
0,0.32530086940463665,0
0,0.10285439947982843,0
0,0.023281606698371746,0
0,0.014939904883130071,0
0,0.05742892837726159,0
0,0.04627635085123497,0
0,0.10267171535503826,0
0,0.06560175539112299,0
0,0.00851380121165764,0
0,0.3790259899165538,0
0,0.12144634589279457,0
0,0.062321417342053355,0
0,0.14487457344534943,0
0,0.5282031493212468,1
0,0.1554144256196235,0
0,0.10837610150413433,0
0,0.1407599645276273,0
0,0.14415727898051844,0
0,0.3139661426991145,0
0,0.1444710787114749,0
0,0.33862730330186963,0
0,0.1472995332905919,0
0,0.7431298549440822,1
0,0.02860967088386822,0
0,0.4290837367608163,0
0,0.09506061817686194,0
0,0.40359904844324473,0
0,0.13951385333953553,0
0,0.0074107904933660255,0
0,0.028144018447733257,0
0,0.08659459974431423,0
0,0.4379160455275015,0
0,0.2859472324511223,0
0,0.01722292713277915,0
0,0.1877443093163866,0
0,0.21333683355891464,0
0,0.48981897218958925,0
0,0.6660242513951582,1
0,0.13349054746455363,0
0,0.022596764241837715,0
0,0.0030110439751774845,0
0,0.4759829801070166,0
0,0.17943609968032073,0
0,0.3554555202608055,0
0,0.12008268213273568,0
0,0.16074015031141578,0
0,0.06781994700000321,0
0,0.14180124214341341,0
0,0.6025478796470978,1
0,0.17874717025324519,0
0,0.24465370180957166,0
0,0.1461148344788951,0
0,0.042387046321741215,0
0,0.21330952705214534,0
0,0.018254558567502827,0
0,0.02088115234546518,0
0,0.38050897455723964,0
0,0.20587690102464476,0
0,0.08466295311868019,0
0,0.04480405552800559,0
0,0.045987860331023665,0
0,0.6180971881149112,1
0,0.5068966198250991,0
0,0.39420274629666796,0
0,0.6589366630328151,1
0,0.31784314877857495,0
0,0.004600954833603932,0
0,0.4747253535578194,0
0,0.013312446665295937,0
0,0.35114912023289657,0
0,0.4522507550107467,0
0,0.027544986798005038,0
0,0.10395268373417395,0
0,0.05987088051393275,0
0,0.48493609443515007,0
0,0.10789245051617388,0
0,0.915125274633145,1
0,0.4618063110250847,0
0,0.023819129344608076,0
0,0.11358529062371697,0
0,0.1343666395807871,0
0,0.24675070865901008,0
0,0.8662190232218404,1
0,0.41339928061416586,0
0,0.062642683588921,0
0,0.10950327802423004,0
0,0.6802384106114332,1
0,0.10799741025909129,0
0,0.5413747015700605,1
0,0.01752754654735457,0
0,0.11158862936452062,0
0,0.11650774291233253,0
0,0.03436475271330447,0
0,0.0474377040789621,0
0,0.1456061962792551,0
0,0.004791629112688967,0
0,0.09144670922743064,0
0,0.04141425044734647,0
0,0.4314977904811414,0
0,0.006755215161729764,0
0,0.43171982995880237,0
0,0.15082754748407276,0
0,0.8238083636862708,1
0,0.9238699371520551,1
0,0.10251077898569994,0
0,0.04418585425095264,0
0,0.3766653948669444,0
0,0.10431714715720738,0
0,0.09307642854701688,0
0,0.0750287358116544,0
0,0.012355304970348436,0
0,0.31747925096509744,0
0,0.04628013163317407,0
0,0.7610865002306451,1
0,0.40504571730320776,0
0,0.8210005196468817,1
0,0.013294569635151111,0
0,0.3313721381171546,0
0,0.2542259757816758,0
0,0.45430066493252674,0
0,0.6196600226563496,1
0,0.1474100020033089,0
0,0.08750885725093502,0
0,0.08327689738429427,0
0,0.14118365789899937,0
0,0.018387482551852685,0
0,0.05938192814816896,0
0,0.020732292824644262,0
0,0.6993693915422247,1
0,0.06290231237968814,0
0,0.36555993359254013,0
0,0.42596874335310503,0
0,0.613290619969774,1
0,0.7596746830357337,1
0,0.1242491575997155,0
0,0.7216954002788897,1
0,0.052171418492543566,0
0,0.03684069544125803,0
0,0.554683412128585,1
0,0.8940105023099506,1
0,0.05727553699812302,0
0,0.3253264733522468,0
0,0.06108480396445618,0
0,0.24941532917737225,0
0,0.31277346817437823,0
0,0.12860040924985972,0
0,0.026880727355596268,0
0,0.336371511467233,0
0,0.11159273902295123,0
0,0.224450293712737,0
0,0.16414699528601862,0
0,0.02542049329476064,0
0,0.05910686187777507,0
0,0.006633490785299128,0
0,0.0322654735138418,0
0,0.06752842776216365,0
0,0.01122218275371856,0
0,0.0533850127351202,0
0,0.3273967295495103,0
0,0.300931327279006,0
0,0.24932474896028295,0
0,0.8397184446635645,1
0,0.014048303669153673,0
0,0.2875512611722901,0
0,0.014382754480741671,0
0,0.6918471674289455,1
0,0.14736997827362414,0
0,0.021736648641301766,0
0,0.16887838120430304,0
0,0.03327342317195366,0
0,0.09455378467822569,0
0,0.07741330022377646,0
0,0.6672672884427217,1
0,0.05590192338042668,0
0,0.08327113640311878,0
0,0.11811011981825154,0
0,0.03908519755527675,0
0,0.040967773788737144,0
0,0.9713385411924197,1
0,0.21469319845341073,0
0,0.691489997467588,1
0,0.5357400421443531,1
0,0.7143807903547456,1
0,0.0008324955093043185,0
0,0.019755744176504594,0
0,0.5350993194937349,1
0,0.15603232411466117,0
0,0.018932615515049506,0
0,0.17900132318722783,0
0,0.03711333839833435,0
0,0.5859721865243847,1
0,0.027087600108864865,0
0,0.06959353942434175,0
0,0.20504068858755026,0
0,0.16869341181939354,0
0,0.15573750938824207,0
0,0.20609210598380295,0
0,0.11660106744294764,0
0,0.047013434787978425,0
0,0.014038692186659534,0
0,0.09608601088669584,0
0,0.10289401036919828,0
0,0.15088097578505247,0
0,0.31299018813307256,0
0,0.41001353449960076,0
0,0.007770068022977365,0
0,0.04364209736056665,0
0,0.18562600662890835,0
0,0.12123033956251454,0
0,0.47216748019678434,0
0,0.10394109946638887,0
0,0.012199626600145222,0
0,0.017107495149822863,0
0,0.14839668542082823,0
0,0.16327239043926584,0
0,0.8571983457127292,1
0,0.43597370288018833,0
0,0.19582749077319056,0
0,0.3212148291162362,0
0,0.29939402199374376,0
0,0.07065834453376027,0
0,0.12057774149842512,0
0,0.09878197673404993,0
0,0.11099619559117316,0
0,0.02658009424143692,0
0,0.03393805223492915,0
0,0.05046388689539891,0
0,0.16397973006009528,0
0,0.2324280744597724,0
0,0.24346618009783283,0
0,0.2771361920961448,0
0,0.42231169932412194,0
0,0.10843545640058583,0
0,0.006252669641891128,0
0,0.5831054229793893,1
0,0.3174113718986585,0
0,0.18831270149365487,0
0,0.06465777211407993,0
0,0.3387548488828397,0
0,0.1828599595781673,0
0,0.020666217798662876,0
0,0.10616367275752944,0
0,0.0646481511083248,0
0,0.04893385228934617,0
0,0.779203304351774,1
0,0.04280329456742191,0
0,0.2569376152092309,0
0,0.1324888706922905,0
0,0.2408923245579791,0
0,0.33315304923774036,0
0,0.08978618490650556,0
0,0.6940238179220329,1
0,0.12124706268010793,0
0,0.21352195384436115,0
0,0.05157669327084705,0
0,0.0408781596443554,0
0,0.1226308461410056,0
0,0.00854585866763862,0
0,0.01892130554720265,0
0,0.15351940752449078,0
0,0.24443643160661213,0
0,0.07887223471831294,0
0,0.03953929234272538,0
0,0.10390284802411862,0
0,0.1951295115591194,0
0,0.41078638044666355,0
0,0.4479987129855657,0
0,0.2134463784565015,0
0,0.1496968923057083,0
0,0.056256920353457716,0
0,0.17879345657220377,0
0,0.24819524388179826,0
0,0.15145601420043356,0
0,0.1881323954216899,0
0,0.9746640937377802,1
0,0.26046269463989363,0
0,0.09032888189407312,0
0,0.06842297367638756,0
0,0.8170627872303622,1
0,0.030404577899193434,0
0,0.4846310081435896,0
0,0.17581639089149692,0
0,0.43285291578333207,0
0,0.31179599667338026,0
0,0.13947664488651865,0
0,0.31619899560096837,0
0,0.044272427410427,0
0,0.026649418272509183,0
0,0.11811050404927334,0
0,0.11203774244920851,0
0,0.5749089291807331,1
0,0.0023771211406496437,0
0,0.05135797928385245,0
0,0.13110425112440552,0
0,0.023531884134927204,0
0,0.015570356543024253,0
0,0.11677611908324431,0
0,0.20737168565022698,0
0,0.32567729547025914,0
0,0.21044150894419222,0
0,0.11771051309216166,0
0,0.16549075546991956,0
0,0.0385964064152835,0
0,0.340581172290493,0
0,0.027706948750963543,0
0,0.27754578612753505,0
0,0.8428569374862612,1
0,0.09793003055977088,0
0,0.5556569706604935,1
0,0.19852353761376645,0
0,0.2136804559474951,0
0,0.04406000964698049,0
0,0.10390131503293956,0
0,0.022292627071228557,0
0,0.016543484654918054,0
0,0.04308528164442637,0
0,0.6383242436004029,1
0,0.15137919722834858,0
0,0.46080785066942004,0
0,0.8358806450667444,1
0,0.09693020018524247,0
0,0.90659865386562,1
0,0.0529941554087293,0
0,0.022066687416934832,0
0,0.14257479756508865,0
0,0.0485536190730981,0
0,0.16488220069958334,0
0,0.10273161129201606,0
0,0.11974113259877958,0
0,0.46310435842599135,0
0,0.06209076318958188,0
0,0.30175716361531346,0
0,0.3724676539160438,0
0,0.6577054772598132,1
0,0.005829561879735072,0
0,0.497354968208864,0
0,0.1403425580202708,0
0,0.14075036994446313,0
0,0.5760126232840765,1
0,0.07673824968933692,0
0,0.8557953805939381,1
0,0.07621025470478425,0
0,0.38738454473693135,0
0,0.15420333118553814,0
0,0.7287164847991314,1
0,0.12516360843725532,0
0,0.15413005011140044,0
0,0.02115683562613117,0
0,0.961313734262769,1
0,0.11193424030020444,0
0,0.003299962364726415,0
0,0.10628831781945097,0
0,0.2773639414648552,0
0,0.20962147203670234,0
0,0.1364176906384441,0
0,0.3266315937077517,0
0,0.05756203804804138,0
0,0.018471618397751563,0
0,0.23612288937175518,0
0,0.02461630967215935,0
0,0.03216617618960269,0
0,0.3337554808281514,0
0,0.11396755334041833,0
0,0.32569206911411636,0
0,0.0772339141229502,0
0,0.08306275893400347,0
0,0.16927485028485384,0
0,0.7418145175480041,1
0,0.12708667166513657,0
0,0.2585775544314143,0
0,0.44313642302951395,0
0,0.059895400050085264,0
0,0.014868872623905089,0
0,0.5799756478405768,1
0,0.18615780714064586,0
0,0.9465098307163136,1
0,0.5398151545216615,1
0,0.041701715314949796,0
0,0.19491814652545392,0
0,0.6434003881869444,1
0,0.011639304701909988,0
0,0.17015873187574249,0
0,0.01718801770255943,0
0,0.40066451431252487,0
0,0.16991569863518202,0
0,0.8531409058281761,1
0,0.022205717475627378,0
0,0.4267114501839941,0
0,0.12450227127415986,0
0,0.14589745030953682,0
0,0.02411727177518717,0
0,0.1761755283701188,0
0,0.6339216098467133,1
0,0.09137670545782439,0
0,0.031101014608276877,0
0,0.5401345377944825,1
0,0.1877618626711881,0
0,0.23905843150749864,0
0,0.04597602522010342,0
0,0.2173954857150993,0
0,0.05475148776084867,0
0,0.07402255053264081,0
0,0.13627851788420547,0
0,0.022648747031569362,0
0,0.05771545242960418,0
0,0.11971532156587683,0
0,0.6126443198670274,1
0,0.026343735675943367,0
0,0.028642739380315144,0
0,0.2297767160252262,0
0,0.16543106260479593,0
0,0.0833246950913379,0
0,0.09813542674358754,0
0,0.04082181230480743,0
0,0.008139600663998457,0
0,0.2024844705207074,0
0,0.22487461977731582,0
0,0.1036926513086348,0
0,0.04166821616760562,0
0,0.09496553135170055,0
0,0.06886529466286719,0
0,0.40896470961812376,0
0,0.037182020250425205,0
0,0.9257236881240019,1
0,0.15318101203677773,0
0,0.06011473592380253,0
0,0.021626070925041378,0
0,0.4243238988234855,0
0,0.146424766013554,0
0,0.12403336893703057,0
0,0.008698402490958287,0
0,0.09519941072057411,0
0,0.06788185961585004,0
0,0.2578646759051844,0
0,0.15769099975642534,0
0,0.026890675174700732,0
0,0.2525883634883064,0
0,0.008846160757250239,0
0,0.1860103920717433,0
0,0.731644972203753,1
0,0.010659057864692912,0
0,0.4201510421638515,0
0,0.15332212875748566,0
0,0.043088562502929924,0
0,0.04918605086892457,0
0,0.25692377618366785,0
0,0.025478943270743265,0
0,0.13531263970612992,0
0,0.627918720566921,1
0,0.460494321523312,0
0,0.0030872138637770253,0
0,0.4330942886227356,0
0,0.6768526744324954,1
0,0.09829264420058909,0
0,0.010499825549131026,0
0,0.1935751570923953,0
0,0.23155879770672766,0
0,0.08548163258029569,0
0,0.10887213623081082,0
0,0.07414624413139721,0
0,0.27678431157523276,0
0,0.2951692362902201,0
0,0.13592491813990604,0
0,0.927931671510588,1
0,0.04502774045625214,0
0,0.05321360108922507,0
0,0.6514378628185001,1
0,0.6887448816177513,1
0,0.010179833452141601,0
0,0.10309259218515454,0
0,0.05805722570957746,0
0,0.12939161808047087,0
0,0.855414982464864,1
0,0.0891054118092479,0
0,0.6341927268288442,1
0,0.14098655364851997,0
0,0.3137083822289257,0
0,0.040854633310135335,0
0,0.04105129814534765,0
0,0.20807649914080387,0
0,0.12761976573264197,0
0,0.26268143326821364,0
0,0.12186282442398241,0
0,0.8166515508175827,1
0,0.748308856939874,1
0,0.02257548220924793,0
0,0.1025302822020695,0
0,0.12127583291219296,0
0,0.06053018981488311,0
0,0.43645249099387556,0
0,0.02812179896787505,0
0,0.5177490815554424,1
0,0.3142734344499,0
0,0.14917867967033765,0
0,0.1256697829138935,0
0,0.10854860628688616,0
0,0.3120385016141448,0
0,0.22987692561170522,0
0,0.010960422068643963,0
0,0.07360292269194423,0
0,0.016236585586676143,0
0,0.12127386443922375,0
0,0.5771282519569948,1
0,0.018161060634307273,0
0,0.7871372864692652,1
0,0.0851056940696415,0
0,0.023517532198348196,0
0,0.25900437954373173,0
0,0.240958154303891,0
0,0.7127140776168077,1
0,0.0520862788448278,0
0,0.45124619826566204,0
0,0.04719822553518772,0
0,0.4306704974132257,0
0,0.0030358337236585636,0
0,0.10785952587281,0
0,0.004114705902198072,0
0,0.4291028906063426,0
0,0.2088910920963154,0
0,0.34407861034263365,0
0,0.10223449585801703,0
0,0.4746224726568517,0
0,0.04197457301831221,0
0,0.07709765650443315,0
0,0.07831994456785733,0
0,0.016638131592449132,0
0,0.7048893942474364,1
0,0.210618631021397,0
0,0.08466520506959503,0
0,0.13165072325883695,0
0,0.16237494559759377,0
0,0.10277098817066252,0
0,0.35302955382335505,0
0,0.006234517875946706,0
0,0.10826124986262405,0
0,0.00854940433856089,0
0,0.5029305610870833,0
0,0.06891406478159372,0
0,0.08789003457738234,0
0,0.03793390203475991,0
0,0.02064972433839848,0
0,0.010356719792053059,0
0,0.0010956775625207916,0
0,0.11092000838897244,0
0,0.3460085424764884,0
0,0.40490268718419176,0
0,0.7016118560860377,1
0,0.11082708343021247,0
0,0.08134020660962187,0
0,0.7772333331826936,1
0,0.038649380756714646,0
0,0.2785850870367084,0
0,0.0195358737148299,0
0,0.07170013236161757,0
0,0.0837088370113004,0
0,0.09970666593654408,0
0,0.38544673590902123,0
0,0.0674227879590167,0
0,0.23702776002963313,0
0,0.0327160057604064,0
0,0.42351925969186405,0
0,0.028600087868954467,0
0,0.15939213092769847,0
0,0.14624397606319717,0
0,0.028383142082364733,0
0,0.21548704174268526,0
0,0.3388398374973464,0
0,0.012584929658519092,0
0,0.2518796914030491,0
0,0.6439458806707856,1
0,0.2187669935372528,0
0,0.5370550918460972,1
0,0.07639775419638975,0
0,0.23964603554523112,0
0,0.005338133445510581,0
0,0.395423035289485,0
0,0.21922441916281388,0
0,0.1314088096385635,0
0,0.021391008545366953,0
0,0.3104630005929994,0
0,0.22714558544055224,0
0,0.8759146005710321,1
0,0.05219407777254898,0
0,0.38441038954919315,0
0,0.0824425891849839,0
0,0.047863647177650244,0
0,0.027361087025544597,0
0,0.4203906867837973,0
0,0.04923208248977906,0
0,0.03600500233844239,0
0,0.04400344420203733,0
0,0.9535276588159701,1
0,0.018904315847573575,0
0,0.9854018922700384,1
0,0.02704939742847804,0
0,0.12588663461830932,0
0,0.7395368348439965,1
0,0.10938768148290236,0
0,0.20957205180712435,0
0,0.08672642292133825,0
0,0.1511535524185862,0
0,0.09994923153809027,0
0,0.7071097580733675,1
0,0.025270497265839,0
0,0.006781734167167594,0
0,0.009357138544311264,0
0,0.15292979191595193,0
0,0.02468741645135723,0
0,0.04711065386048047,0
0,0.021371452707984996,0
0,0.07609728816523982,0
0,0.9329256837814901,1
0,0.08144739716129434,0
0,0.8034088498453634,1
0,0.01330007501869387,0
0,0.02290117012268021,0
0,0.12996204498456246,0
0,0.0539328963400158,0
0,0.18511061153038713,0
0,0.02884976878331135,0
0,0.07818703573009847,0
0,0.09296374551608423,0
0,0.21287305794753703,0
0,0.025720872533541998,0
0,0.09697728944283439,0
0,0.30633091030141085,0
0,0.13510202780090888,0
0,0.08162522616523611,0
0,0.028460639647626813,0
0,0.6109170704490621,1
0,0.6285751913109224,1
0,0.5575237803355689,1
0,0.0012443760326929212,0
0,0.0633113043337849,0
0,0.04313392409697761,0
0,0.2259924734236792,0
0,0.11423138009421605,0
0,0.030522476398639864,0
0,0.044713440264961934,0
0,0.27850262356063793,0
0,0.14319729541830747,0
0,0.1411420898344678,0
0,0.16321084378991932,0
0,0.025896781590521053,0
0,0.1177845907864747,0
0,0.12380851149600108,0
0,0.10657558901145865,0
0,0.4611096966282435,0
0,0.05092304142788936,0
0,0.05405616192460364,0
0,0.37655463205021017,0
0,0.5031596690429687,0
0,0.45992966538131,0
0,0.339277384497622,0
0,0.20347768673488037,0
0,0.08566101893982467,0
0,0.054549860606616284,0
0,0.6283631030125487,1
0,0.05951972009653188,0
0,0.3347495611808072,0
0,0.6066740161931402,1
0,0.005942205494759538,0
0,0.21614866194980206,0
0,0.2021978856365691,0
0,0.6997332365019269,1
0,0.11709678503495549,0
0,0.1429672314197283,0
0,0.05220025597165489,0
0,0.06664512538494492,0
0,0.24187764926580363,0
0,0.3443755271835431,0
0,0.30896203786210286,0
0,0.08617148877656995,0
0,0.0380839025275285,0
0,0.0036702298192956163,0
0,0.283416416998224,0
0,0.09054111189560782,0
0,0.03986366778213771,0
0,0.15184321608578125,0
0,0.10643101896925178,0
0,0.01903429853241764,0
0,0.08688371342340714,0
0,0.4357116107676047,0
0,0.13433159502814318,0
0,0.014039126464538773,0
0,0.41605512192625704,0
0,0.03595882142609812,0
0,0.06192119812526415,0
0,0.14261399982521689,0
0,0.17218137167407774,0
0,0.06541625039767815,0
0,0.5635566483210626,1
0,0.38308539813207054,0
0,0.01933209898923395,0
0,0.8383926320997985,1
0,0.06826408329590992,0
0,0.03651191902474076,0
0,0.028920172141860382,0
0,0.2813374524599604,0
0,0.14530232739235,0
0,0.16090933328131185,0
0,0.30368893594756247,0
0,0.945545569794246,1
0,0.0076392880579330205,0
0,0.40918726853500864,0
0,0.21559445438918223,0
0,0.9162876603976523,1
0,0.35858151609781164,0
0,0.1938357770435571,0
0,0.029429307608800297,0
0,0.15764160580000128,0
0,0.0782695942123336,0
0,0.45767485793138096,0
0,0.24303099414456367,0
0,0.15296178161797155,0
0,0.2484344340987558,0
0,0.41367401145281174,0
0,0.32932821018369807,0
0,0.3157894314750854,0
0,0.3478864695100854,0
0,0.131966168046842,0
0,0.12476300348647315,0
0,0.12078588479212952,0
0,0.09034041158642156,0
0,0.06086756007081968,0
0,0.14556658974279088,0
0,0.22525668233207716,0
0,0.0021524786326919407,0
0,0.05854260259664882,0
0,0.1174077965242931,0
0,0.022318134945115208,0
0,0.5655392563610026,1
0,0.04351610513391368,0
0,0.024215748175295364,0
0,0.01840817286429598,0
0,0.005475685941609136,0
0,0.029007993256935507,0
0,0.38176386042584154,0
0,0.010988502773601302,0
0,0.055280992013877,0
0,0.1526692007147902,0
0,0.8246308032200754,1
0,0.2843384244016052,0
0,0.03724339163900392,0
0,0.0062815219987339965,0
0,0.17164490741296934,0
0,0.22257899875722553,0
0,0.13186143473455017,0
0,0.11541162468206737,0
0,0.3404343011432689,0
0,0.05601051030358109,0
0,0.3526515753137889,0
0,0.01293331027002915,0
0,0.4141872636169966,0
0,0.19450871462103944,0
0,0.06204717301451721,0
0,0.4657318149790262,0
0,0.9968947170723947,1
0,0.06053454296673549,0
0,0.02522142495219472,0
0,0.7216209154420384,1
0,0.05658320094424991,0
0,0.12908208031705737,0
0,0.21343873570893407,0
0,0.0552499599696884,0
0,0.32336220757174144,0
0,0.25242894058930304,0
0,0.1351985139660405,0
0,0.19551417735661622,0
0,0.20897029979564624,0
0,0.03920333676665985,0
0,0.2891129022635333,0
0,0.025729183458350412,0
0,0.18324307214495783,0
0,0.49848188081612116,0
0,0.01690672137382469,0
0,0.7206859511377374,1
0,0.0423921362041813,0
0,0.06994426039866752,0
0,0.15239714208575333,0
0,0.037702044485836875,0
0,0.9404132446333471,1
0,0.5561358971678779,1
0,0.19477889087541678,0
0,0.005424196331012159,0
0,0.44098128628796646,0
0,0.029771541890462664,0
0,0.07065860489110753,0
0,0.1430353695222314,0
0,0.013086775536530983,0
0,0.6089443106336422,1
0,0.44099134824765884,0
0,0.06685275662545676,0
0,0.03709756728528785,0
0,0.18300071769121962,0
0,0.21822066245092378,0
0,0.07558343910554444,0
0,0.020778182900928616,0
0,0.9716990831443917,1
0,0.09766461079602658,0
0,0.3582991892832965,0
0,0.1060333609877466,0
0,0.05753133925735697,0
0,0.30365837771923787,0
0,0.8740368484834058,1
0,0.3761809516570106,0
0,0.16594795901307374,0
0,0.24041883430133287,0
0,0.09073283371992724,0
0,0.013875508072993434,0
0,0.40697014225198325,0
0,0.026150322599636656,0
0,0.0368033084707667,0
0,0.6434442416762004,1
0,0.09580781642027784,0
0,0.019000821529067555,0
0,0.278883152515644,0
0,0.5371206781752892,1
0,0.9044148970411151,1
0,0.21408429939777654,0
0,0.19691199096275375,0
0,0.19160859746213432,0
0,0.08912627933242091,0
0,0.24302248623125575,0
0,0.038957696460072834,0
0,0.13555716471272322,0
0,0.37124170614446106,0
0,0.09331303998965786,0
0,0.3031662356874289,0
0,0.22379354004853003,0
0,0.40393234876188777,0
0,0.16147994424872356,0
0,0.5812151817181136,1
0,0.09669730276625066,0
0,0.060756752946334806,0
0,0.40592255399876237,0
0,0.9514902279111264,1
0,0.0026210821511106113,0
0,0.10330331687782107,0
0,0.6105958035826884,1
0,0.33825248627005944,0
0,0.047581846112702005,0
0,0.506066404968973,0
0,0.4554296857243554,0
0,0.06008606718362036,0
0,0.42318380795073557,0
0,0.035775814656989584,0
0,0.05971231074333134,0
0,0.47077578364964423,0
0,0.487037574858255,0
0,0.3654053568901072,0
0,0.3722947222135443,0
0,0.052648347709923625,0
0,0.019275238650360117,0
0,0.10454482644137068,0
0,0.9919750459464566,1
0,0.09722020144602292,0
0,0.1465633990535154,0
0,0.20219320378115327,0
0,0.20057870499900163,0
0,0.5414555004534256,1
0,0.024403809713963054,0
0,0.6614845620617085,1
0,0.09849157419975806,0
0,0.07569260211989079,0
0,0.23149497798742874,0
0,0.3242398701959287,0
0,0.02036706976462442,0
0,0.38625975209214003,0
0,0.6105462546361587,1
0,0.3046950510381118,0
0,0.7329569790094229,1
0,0.6949853860057515,1
0,0.05763358895491888,0
0,0.30176207914948733,0
0,0.09592946712749464,0
0,0.23942854545988992,0
0,0.8784544598881512,1
0,0.06775490351797346,0
0,0.0825524718025641,0
0,0.08467925120427124,0
0,0.43535536732354496,0
0,0.466512960276835,0
0,0.028827607663186573,0
0,0.6314393756914333,1
0,0.5807235490733557,1
0,0.07388976716540163,0
0,0.12234825593673943,0
0,0.19460487167614487,0
0,0.7521566748623172,1
0,0.03612513155268924,0
0,0.25974325627711653,0
0,0.09213633365909882,0
0,0.1192343654208002,0
0,0.24220499333543621,0
0,0.09577645191574106,0
0,0.02705205604637307,0
0,0.03044431172216234,0
0,0.010741120908646803,0
0,0.4432682139008324,0
0,0.3930846579596905,0
0,0.2352636301401312,0
0,0.034684934624695844,0
0,0.037588506572788824,0
0,0.054051702692224125,0
0,0.042089102233579846,0
0,0.6868760235678957,1
0,0.061354074547690436,0
0,0.6954007284561173,1
0,0.15336070319931328,0
0,0.035915972836118,0
0,0.30111621042103603,0
0,0.08670610734917224,0
0,0.8200869476042842,1
0,0.023813994162106875,0
0,0.02981651226522024,0
0,0.2753179179638562,0
0,0.03170753275821705,0
0,0.29061741020370796,0
0,0.08744100739738966,0
0,0.025279232654800938,0
0,0.09016674682121309,0
0,0.04416677721271912,0
0,0.2025474118127486,0
0,0.02732360462059848,0
0,0.06837256705598274,0
0,0.04710669554297109,0
0,0.33841396813749997,0
0,0.1450767816372869,0
0,0.005339357609337508,0
0,0.061520636908819266,0
0,0.16833126105330143,0
0,0.027771401716518613,0
0,0.028104446454873533,0
0,0.22002919360180478,0
0,0.6727607411638535,1
0,0.20229636002746587,0
0,0.0965735757423319,0
0,0.16845506074100575,0
0,0.013068235359756994,0
0,0.032542735472352764,0
0,0.018842695768516066,0
0,0.1450176328538895,0
0,0.4138219201144426,0
0,0.09306660958827628,0
0,0.4731518820614897,0
0,0.7999090751639024,1
0,0.1542381460965073,0
0,0.04908014913666693,0
0,0.07855339311483024,0
0,0.007452042825506923,0
0,0.035626849294075905,0
0,0.13693945022625478,0
0,0.8499107584840201,1
0,0.10286946252484548,0
0,0.015857984948496044,0
0,0.07456685343249059,0
0,0.21297418839120538,0
0,0.08793381538574215,0
0,0.01490192805134903,0
0,0.06175544812748161,0
0,0.03287790497118258,0
0,0.04908107550229465,0
0,0.003924476408908317,0
0,0.012102517435725877,0
0,0.20830708548600851,0
0,0.059287231135888144,0
0,0.012139559953655057,0
0,0.6672141818176082,1
0,0.13735746898948423,0
0,0.2618088367542924,0
0,0.5972476963167855,1
0,0.8953601303701453,1
0,0.3531292960791357,0
0,0.10737588687891671,0
0,0.28763285607410277,0
0,0.023989238814532472,0
0,0.12297239214922522,0
0,0.06828214135450156,0
0,0.0701785640177262,0
0,0.9648260627009796,1
0,0.09452265621515801,0
0,0.12749000508243705,0
0,0.10162190163429739,0
0,0.39360642550478514,0
0,0.06879334304481746,0
0,0.7816927706277662,1
0,0.06292588410200822,0
0,0.03737451228094501,0
0,0.1717813971289087,0
0,0.6191916193891978,1
0,0.6766001523168134,1
0,0.13373363056959622,0
0,0.019947620996091438,0
0,0.003925623527358845,0
0,0.9168643553677166,1
0,0.031457008568823656,0
0,0.025443424631432024,0
0,0.2791834480071555,0
0,0.6031820119096398,1
0,0.13325691120887265,0
0,0.6088958073394887,1
0,0.05635995789785808,0
0,0.06468300008033022,0
0,0.27921501599569193,0
0,0.050193013843970125,0
0,0.17385741310935124,0
0,0.048609242071014885,0
0,0.07672175592480127,0
0,0.017434403947174788,0
0,0.004192329038817756,0
0,0.09231619831999384,0
0,0.17596165116614715,0
0,0.20848979601548462,0
0,0.8280248912530022,1
0,0.01692360162901942,0
0,0.059433845249960274,0
0,0.0952777542609212,0
0,0.4874911704364504,0
0,0.06779327107770862,0
0,0.11070116054387939,0
0,0.6065085095715104,1
0,0.0002594866510822973,0
0,0.7127890709780046,1
0,0.043849217444485195,0
0,0.26348807193577817,0
0,0.09193516416504066,0
0,0.0890641644265619,0
0,0.2114333243722888,0
0,0.7727956950560665,1
0,0.07788532475194727,0
0,0.13632166064175402,0
0,0.21804788121286564,0
0,0.24723931717433534,0
0,0.006828826840182708,0
0,0.23496333732094812,0
0,0.28524307956627626,0
0,0.9417495222451886,1
0,0.6191057269615964,1
0,0.09775712679418662,0
0,0.0859608159103137,0
0,0.08512793543926525,0
0,0.4273677163346632,0
0,0.055334179044522876,0
0,0.12310555976777576,0
0,0.1687455143642389,0
0,0.48175578020700804,0
0,0.3058934470066684,0
0,0.19025758872506635,0
0,0.021562472824150244,0
0,0.06613659199457285,0
0,0.6047391558962862,1
0,0.029715730750990748,0
0,0.16202036565078579,0
0,0.09943939336288694,0
0,0.17814243153411416,0
0,0.2075350410519718,0
0,0.1841037435331718,0
0,0.2876271586513104,0
0,0.0427465945520748,0
0,0.2575246175173888,0
0,0.0966887711023423,0
0,0.2573465366344128,0
0,0.5469885564976623,1
0,0.08000339971226222,0
0,0.06667554744267433,0
0,0.4110457413913143,0
0,0.020040643130500597,0
0,0.6135337072360848,1
0,0.07700138934398446,0
0,0.17243318335322208,0
0,0.030642244729598134,0
0,0.023984289126458155,0
0,0.04950201923236205,0
0,0.506144333048791,0
0,0.298444379281206,0
0,0.01573198350317769,0
0,0.07497882204642696,0
0,0.041975773992579846,0
0,0.2468231007635254,0
0,0.02499021511452719,0
0,0.5601895349287106,1
0,0.10889528061664132,0
0,0.0751924620018411,0
0,0.5077637668839831,0
0,0.026216673862962708,0
0,0.3433999180696073,0
0,0.04838200778957626,0
0,0.573328313207318,1
0,0.7213784990081387,1
0,0.0956138606432029,0
0,0.08222291559664102,0
0,0.007535817390633582,0
0,0.01791973926176276,0
0,0.21911968071358548,0
0,0.9324899563883712,1
0,0.9633972112777264,1
0,0.3352527993590954,0
0,0.028902525366403992,0
0,0.19164839984122803,0
0,0.052569893560355685,0
0,0.08769618181368255,0
0,0.13140012027542444,0
0,0.06903841016982602,0
0,0.05033143226851072,0
0,0.13427266450352887,0
0,0.06887314802289546,0
0,0.07361830040715325,0
0,0.0028882942583345005,0
0,0.10557149504169536,0
0,0.20256428609399701,0
0,0.15951680341877333,0
0,0.03315291694601131,0
0,0.31410764147345,0
0,0.11419883871999999,0
0,0.43666135495347047,0
0,0.011261139803153582,0
0,0.0813452181071812,0
0,0.14603163632439628,0
0,0.25997804547236264,0
0,0.3189675463629581,0
0,0.03511652706783528,0
0,0.11706944272631255,0
0,0.6501973406700233,1
0,0.02785005865465683,0
0,0.06299799734841631,0
0,0.2185921305514087,0
0,0.603121437520647,1
0,0.12691038941894525,0
0,0.07558490099083116,0
0,0.24458668645213447,0
0,0.37913083316264384,0
0,0.06930763431499698,0
0,0.563103061256046,1
0,0.3062190816236298,0
0,0.21561441654748317,0
0,0.4806142143935904,0
0,0.1159690602054692,0
0,0.02532370980917481,0
0,0.003604444889239616,0
0,0.1098865151604857,0
0,0.12989441292410392,0
0,0.024113317920606316,0
0,0.14840073863240338,0
0,0.0037273135148061507,0
0,0.11032855199548369,0
0,0.020631575371651643,0
0,0.16880138263731811,0
0,0.27114809354021957,0
0,0.06390996290571076,0
0,0.02879436964698844,0
0,0.044174378484655726,0
0,0.06429991128665295,0
0,0.16137730108445167,0
0,0.32411074776638676,0
0,0.26287322588619644,0
0,0.01403617409905067,0
0,0.5833296616114972,1
0,0.07508749058688971,0
0,0.025794586177248717,0
0,0.16850882576611048,0
0,0.08542366855084843,0
0,0.23473253466549676,0
0,0.024687398984980704,0
0,0.24946480668456886,0
0,0.1372416277610793,0
0,0.024668965820830207,0
0,0.07304557352161707,0
0,0.02890720406727806,0
0,0.022645815103338338,0
0,0.3780578317175,0
0,0.33147117932838993,0
0,0.006227884276146144,0
0,0.10657123978686894,0
0,0.00856185981664911,0
0,0.6722747289490291,1
0,0.05754882865495016,0
0,0.038890902859515,0
0,0.26967190007733494,0
0,0.022933464211090583,0
0,0.05850602703341977,0
0,0.03699177073759636,0
0,0.19069156707631899,0
0,0.06026365477108656,0
0,0.0650760467300937,0
0,0.0031420927137962656,0
0,0.9532424321745792,1
0,0.059363142832659546,0
0,0.4223524952591955,0
0,0.01269196345932013,0
0,0.040473273509455225,0
0,0.03356428312379955,0
0,0.20998264374566633,0
0,0.05391742770529385,0
0,0.9063671233646248,1
0,0.08534964492793093,0
0,0.01829708912747824,0
0,0.06909625781645008,0
0,0.33622860716840297,0
0,0.24486084923848675,0
0,0.14883656999103054,0
0,0.14967111253788717,0
0,0.5734403011691392,1
0,7.998761177159774e-05,0
0,0.03744486986693389,0
0,0.33914304767670245,0
0,0.6845043824759742,1
0,0.3929600807878294,0
0,0.022640353819665063,0
0,0.5442481037876462,1
0,0.7977796155356569,1
0,0.8378546866496522,1
0,0.005835349355411848,0
0,0.4721273791487446,0
0,0.06824234296904896,0
0,0.1396552652079148,0
0,0.16560938007394474,0
0,0.17637977165911126,0
0,0.052971944172523995,0
0,0.09076503181336981,0
0,0.016091131745392267,0
0,0.146389649776763,0
0,0.1971598497093571,0
0,0.5929504167296136,1
0,0.05080679709093625,0
0,0.3527014318866836,0
0,0.12232777119116721,0
0,0.3976128818161749,0
0,0.09645511270603624,0
0,0.20263984682419672,0
0,0.02251199891410131,0
0,0.038375356309610045,0
0,0.0913835256893382,0
0,0.08553527898157812,0
0,0.044483850574841305,0
0,0.16730827640989346,0
0,0.08041986118293831,0
0,0.024405752099627996,0
0,0.026726673058981503,0
0,0.0015107600639697877,0
0,0.09755506643211855,0
0,0.06181612111661797,0
0,0.20223752723227872,0
0,0.013885963005795995,0
0,0.5342181099938982,1
0,0.2620971334723101,0
0,0.6687114994930585,1
0,0.016563060979733615,0
0,0.0520579482142986,0
0,0.036060100918749234,0
0,0.04424694482892728,0
0,0.6090521506455945,1
0,0.0744796669006262,0
0,0.2597007159553007,0
0,0.9803611481391065,1
0,0.07841375992094977,0
0,0.31462825767060626,0
0,0.3432571641602882,0
0,0.08018129368307565,0
0,0.10689036324965043,0
0,0.219482320579271,0
0,0.4029817074619642,0
0,0.03287763945462437,0
0,0.34019093593664507,0
0,0.032894373667617126,0
0,0.11938593034394676,0
0,0.34424750465933923,0
0,0.06633149632046839,0
0,0.10332603494519278,0
0,0.40119057466338354,0
0,0.06967963556914612,0
0,0.6754055619098078,1
0,0.011113538708886445,0
0,0.045467359400850366,0
0,0.22980280683406845,0
0,0.7263804206655422,1
0,0.35569677916976183,0
0,0.24003553607361144,0
0,0.027295853060124765,0
0,0.04824191519340214,0
0,0.007529958965507037,0
0,0.015150186165655524,0
0,0.011662025740961613,0
0,0.5698494493706053,1
0,0.00994716732565675,0
0,0.07354076007743156,0
0,0.10295768821290355,0
0,0.042186755573063166,0
0,0.13417828352804145,0
0,0.1248822966714027,0
0,0.032220849210014856,0
0,0.8341473193696846,1
0,0.03275867449041775,0
0,0.19996175918648737,0
0,0.0219195558279491,0
0,0.026937477875242987,0
0,0.05183329911508417,0
0,0.7027238093690525,1
0,0.12450097777221583,0
0,0.8182585423664114,1
0,0.41100244746113657,0
0,0.06271141691148754,0
0,0.14233963657068105,0
0,0.003432552059449429,0
0,0.3260286821608236,0
0,0.04349974816031934,0
0,0.08249118377889583,0
0,0.2979050155262347,0
0,0.0126493275741485,0
0,0.06708018824607723,0
0,0.5718255732066292,1
0,0.09236080082280088,0
0,0.19034490289797096,0
0,0.11636418987918919,0
0,0.008029698531662684,0
0,0.036794155174550806,0
0,0.04798188578912016,0
0,0.2599838943437481,0
0,0.011855065635618544,0
0,0.30186045903170544,0
0,0.1702758282883976,0
0,0.08988266570332862,0
0,0.6856358686582817,1
0,0.046889861308529776,0
0,0.07973258711275816,0
0,0.035965072216965106,0
0,0.045382079929243646,0
0,0.11284387155469329,0
0,0.2882403577004982,0
0,0.4199674133625282,0
0,0.358369973288628,0
0,0.3748965185336107,0
0,0.10200091862041849,0
0,0.004134752538219453,0
0,0.07880244625294955,0
0,0.024932707802759756,0
0,0.3442082519610083,0
0,0.927252032329308,1
0,0.5973362292401998,1
0,0.06385798409094784,0
0,0.10219760372518588,0
0,0.32376943138114417,0
0,0.10053093190455178,0
0,0.012814417188650113,0
0,0.5754923755538731,1
0,0.33376553260420794,0
0,0.759606675242681,1
0,0.7794764532459175,1
0,0.034037415544057176,0
0,0.211873198808211,0
0,0.11220055418313368,0
0,0.17484262489185892,0
0,0.1115069218729379,0
0,0.27174445896310545,0
0,0.039321705509669756,0
0,0.1176783580298225,0
0,0.3942750049931141,0
0,0.039692626273762466,0
0,0.20884732446343202,0
0,0.022258931050111792,0
0,0.09113589841353495,0
0,0.09538187445243237,0
0,0.6197663006229267,1
0,0.7727561226620434,1
0,0.6482098374068025,1
0,0.13110222502287358,0
0,0.0409862490275406,0
0,0.3402283359266122,0
0,0.5828258993455947,1
0,0.84557051222694,1
0,0.3971249723767966,0
0,0.014303117172873747,0
0,0.03626353639713831,0
0,0.42279952913331603,0
0,0.14729137100014864,0
0,0.027240341324874573,0
0,0.24776792258451188,0
0,0.24878064782554102,0
0,0.10751963768394629,0
0,0.009252624430769492,0
0,0.01047928622855495,0
0,0.08890274430149835,0
0,0.5055258837080473,0
0,0.017474314519945213,0
0,0.39827240822084004,0
0,0.43978336826624354,0
0,0.31331017747242906,0
0,0.6657328319474941,1
0,0.018822385816866644,0
0,0.22938076350410633,0
0,0.051580045212463024,0
0,0.0663978157867306,0
0,0.03995414337565518,0
0,0.13499678822664174,0
0,0.018906900086288127,0
0,0.08601867140331759,0
0,0.3815258859051886,0
0,0.3810476883559059,0
0,0.015009173909331644,0
0,0.1365516519311325,0
0,0.17126287571991067,0
0,0.23035709235225382,0
0,0.07345623974178214,0
0,0.3240508584852057,0
0,0.19368448019437115,0
0,0.06299868920193367,0
0,0.03187836208286088,0
0,0.03705249768896605,0
0,0.13841761172385508,0
0,0.17482294490904673,0
0,0.5824483434328215,1
0,0.020632732238598434,0
0,0.053962421655771343,0
0,0.2414743527017765,0
0,0.10871639148938396,0
0,0.06383148019496235,0
0,0.1203835787635715,0
0,0.2478406356135708,0
0,0.4855952471976106,0
0,0.5118722932192947,1
0,0.15422277249148453,0
0,0.06660837787202148,0
0,0.016715731511755164,0
0,0.8250593318236003,1
0,0.09035373465615433,0
0,0.2439408084283628,0
0,0.2021790415247271,0
0,0.46414144074066194,0
0,0.044541136781404825,0
0,0.6249598483529587,1
0,0.029917551167062125,0
0,0.6189932375663426,1
0,0.06281917611249375,0
0,0.0937013742004244,0
0,0.3816201796733603,0
0,0.19290424315602206,0
0,0.07112947048960493,0
0,0.01013776481421078,0
0,0.24888293691843483,0
0,0.014165629141780534,0
0,0.05312854544546576,0
0,0.8173489360434695,1
0,0.18547591174604847,0
0,0.36359760263685303,0
0,0.030655050361124793,0
0,0.010101883426629736,0
0,0.1508777958563703,0
0,0.06125268877216192,0
0,0.09080812696483428,0
0,0.15086382846092466,0
0,0.2452752127058302,0
0,0.8236908295117671,1
0,0.3386227824251965,0
0,0.10469331320732049,0
0,0.0358419800493382,0
0,0.032814561452543294,0
0,0.0895469513950952,0
0,0.012089902002323209,0
0,0.29850570152047345,0
0,0.03747007129188825,0
0,0.3825099377544621,0
0,0.45509073919106835,0
0,0.12288502260718796,0
0,0.006926239793290256,0
0,0.6878494750626462,1
0,0.061462525235776944,0
0,0.4189361682580757,0
0,0.4907886648364811,0
0,0.13654302920619507,0
0,0.016027710137838196,0
0,0.2229325153938,0
0,0.17145322348529438,0
0,0.3237910392595017,0
0,0.09310071696703305,0
0,0.8713364500731741,1
0,0.23877676005279058,0
0,0.9030306181370054,1
0,0.652482181230738,1
0,0.09054315117322069,0
0,0.004470870634684899,0
0,0.03847307437628237,0
0,0.016987407081984384,0
0,0.024539853486343476,0
0,0.09868829420683704,0
0,0.05633199847443321,0
0,0.058696671611835394,0
0,0.17620234400165083,0
0,0.01129561443746404,0
0,0.13118934089138626,0
0,0.6509564049489063,1
0,0.24498897346111165,0
0,0.08811400284241125,0
0,0.013587995537874334,0
0,0.23774410998608433,0
0,0.10471983440528129,0
0,0.12005298795547423,0
0,0.16250241955076689,0
0,0.32220033708811036,0
0,0.050437273317960024,0
0,0.12300632608698944,0
0,0.008564198718245849,0
0,0.509280732701992,0
0,0.6053356461495563,1
0,0.20297689804493463,0
0,0.10531746048252909,0
0,0.2095476646575772,0
0,0.932115800568831,1
0,0.042117080393776145,0
0,0.15448166830435917,0
0,0.0005718523738722349,0
0,0.4398891498633369,0
0,0.8073596789334213,1
0,0.17518567268273888,0
0,0.9405883308827078,1
0,0.3617928356207292,0
0,0.023255839967044403,0
0,0.6233870920779458,1
0,0.8410642916157647,1
0,0.13798006991207895,0
0,0.10646106628858866,0
0,0.04178855649527071,0
0,0.025090851902480078,0
0,0.05793669566015883,0
0,0.08310381804410641,0
0,0.005238761129308359,0
0,0.09410534140832509,0
0,0.09690587570371993,0
0,0.09413916194878738,0
0,0.2840209047525859,0
0,0.3223941546674867,0
0,0.030036533390358826,0
0,0.16652523474722702,0
0,0.04060179975347746,0
0,0.07169279172969235,0
0,0.01069881385981196,0
0,0.10636152947130882,0
0,0.033815488986082144,0
0,0.4012105833266367,0
0,0.0534627350944614,0
0,0.05005091538817437,0
0,0.3672361263585633,0
0,0.15024366098970324,0
0,0.5049548752781415,0
0,0.19972321546719338,0
0,0.12440668286711933,0
0,0.560471400262997,1
0,0.2822439463599189,0
0,0.27961159751308007,0
0,0.012557681993967663,0
0,0.05599641786684069,0
0,0.08073409711993887,0
0,0.015800126753829392,0
0,0.6969143260669155,1
0,0.03361306019433898,0
0,0.11307678961741896,0
0,0.16218410413419687,0
0,0.14802508351395469,0
0,0.08666205351070555,0
0,0.19402601131999422,0
0,0.011570776097156786,0
0,0.011505406658241072,0
0,0.22823217321308592,0
0,0.07648893631767764,0
0,0.02221423117670233,0
0,0.1516398767560347,0
0,0.3179915076675142,0
0,0.4391942148857108,0
0,0.7027285242724605,1
0,0.055966235508842374,0
0,0.1576999257694994,0
0,0.028594712367098693,0
0,0.10105584332355667,0
0,0.04055026609008842,0
0,0.3905757861670453,0
0,0.2370257297402383,0
0,0.16112243279186014,0
0,0.03261091755029142,0
0,0.024689542553505212,0
0,0.01739414883018491,0
0,0.4528504665343391,0
0,0.1547191462221759,0
0,0.18412853730729123,0
0,0.07425621008375928,0
0,0.19664092307967304,0
0,0.1287449312718432,0
0,0.037213817586244764,0
0,0.10321018511158789,0
0,0.012393811856471856,0
0,0.08715506003154513,0
0,0.018873701668242857,0
0,0.4993063440800166,0
0,0.019217108755876736,0
0,0.3043108742905689,0
0,0.026302114526083366,0
0,0.04249124639168441,0
0,0.799688583581876,1
0,0.06667003938263463,0
0,0.3324129869076644,0
0,0.3112093575582615,0
0,0.09082555623587908,0
0,0.05804965449966514,0
0,0.06914316458097723,0
0,0.7772000208639235,1
0,0.015410625954148329,0
0,0.27352457237311006,0
0,0.08094823614161521,0
0,0.1780081102040916,0
0,0.9470513093336442,1
0,0.47425327999524114,0
0,0.026387475381754306,0
0,0.15395281733157273,0
0,0.6296123594420954,1
0,0.025006125208614803,0
0,0.01757096860261569,0
0,0.12025877933791262,0
0,0.2661316858423299,0
0,0.009471323075721074,0
0,0.8261334340823444,1
0,0.43911860275746095,0
0,0.580973167463337,1
0,0.013128937753231783,0
0,0.013619329614471494,0
0,0.09530345314885948,0
0,0.11080629104514929,0
0,0.24497964106152653,0
0,0.2417749694227639,0
0,0.12506386969164823,0
0,0.9378883692788648,1
0,0.3150590347716362,0
0,0.5460970369511123,1
0,0.026647208659270463,0
0,0.07583527138410283,0
0,0.9611166332250689,1
0,0.07453261773793543,0
0,0.19226556465971809,0
0,0.058273451655290145,0
0,0.20567307711847987,0
0,0.047068327255451244,0
0,0.0720726369331047,0
0,0.2135090553813278,0
0,0.05831903368242327,0
0,0.09713164427914353,0
0,0.01668017014035184,0
0,0.2219643176626076,0
0,0.7955093894514221,1
0,0.05953153006847578,0
0,0.07091598099604779,0
0,0.1902534366996936,0
0,0.8756605452083734,1
0,0.23179782669783794,0
0,0.038149996011540746,0
0,0.7131984644521671,1
0,0.06989115387496617,0
0,0.04204897404597463,0
0,0.35130323092042537,0
0,0.11178562270762282,0
0,0.29821262596119874,0
0,0.1784881797850915,0
0,0.44968328851232475,0
0,0.23899537735604195,0
0,0.12012490564461076,0
0,0.06302678677870366,0
0,0.6491621274966217,1
0,0.0525991982288443,0
0,0.036848420876592056,0
0,0.4866917674663392,0
0,0.36589302434023363,0
0,0.010068911720472588,0
0,0.8816017588682308,1
0,0.032349777495576174,0
0,0.04972470931392807,0
0,0.007673498102381594,0
0,0.02119249851487443,0
0,0.14066547094683757,0
0,0.1978545462174814,0
0,0.05040897912351954,0
0,0.09898421252256867,0
0,0.04537873464104716,0
0,0.07995768934880097,0
0,0.09098582045653271,0
0,0.7895008077076154,1
0,0.06441213627874773,0
0,0.12843851223398245,0
0,0.7828477668416661,1
0,0.23852343924494396,0
0,0.04933791965676972,0
0,0.19228963071538133,0
0,0.03164637769124436,0
0,0.015839334975801582,0
0,0.41190511332836016,0
0,0.038683458667165785,0
0,0.39573049268548466,0
0,0.07172469883129269,0
0,0.18063712327868017,0
0,0.10715562831516431,0
0,0.2663809543458374,0
0,0.12255857910007145,0
0,0.570116363357296,1
0,0.8189608948166162,1
0,0.4287324473806894,0
0,0.018534014531833155,0
0,0.05995221344547025,0
0,0.9409757706307257,1
0,0.10806288519177285,0
0,0.2944696456223979,0
0,0.1880119103530365,0
0,0.4570350960009921,0
0,0.23195168836098923,0
0,0.21521710929812143,0
0,0.16834531726179278,0
0,0.04641900762764709,0
0,0.36830412736075474,0
0,0.027847005001457214,0
0,0.0090250227075584,0
0,0.03367575883173328,0
0,0.3642489482192392,0
0,0.09896738478881811,0
0,0.317796828459811,0
0,0.4765776539083826,0
0,0.41861864478325794,0
0,0.14305685830887105,0
0,0.5239861241783651,1
0,0.03845251782997716,0
0,0.13469102376223757,0
0,0.17965400277166713,0
0,0.014138999396150875,0
0,0.08795749306719329,0
0,0.31832809493532377,0
0,0.0039022312095791495,0
0,0.2721817542154177,0
0,0.2413638698175219,0
0,0.06958348859110682,0
0,0.14914048248992012,0
0,0.9053325278367249,1
0,0.8505347594037936,1
0,0.13440748841766675,0
0,0.1931797468520828,0
0,0.07471434820885298,0
0,0.7174099204768078,1
0,0.14808188800824917,0
0,0.0029801198126888882,0
0,0.06596775122895746,0
0,0.3384463850034123,0
0,0.06528996868442492,0
0,0.4802281785541292,0
0,0.041313492122007106,0
0,0.08478208960016292,0
0,0.0793993251067623,0
0,0.019737715220080672,0
0,0.4124863438745003,0
0,0.6133645026833313,1
0,0.030724646749010553,0
0,0.17515089733886863,0
0,0.2686911106877167,0
0,0.13217871000400194,0
0,0.14339892932386542,0
0,0.08084583277552809,0
0,0.020627287729490785,0
0,0.4789104932573421,0
0,0.05406183678733498,0
0,0.1449018141204222,0
0,0.16412053288048312,0
0,0.10235156429277255,0
0,0.005967418981469248,0
0,0.08652028114658239,0
0,0.4236843197963585,0
0,0.09095079959242772,0
0,0.06060397805436181,0
0,0.5611285502114204,1
0,0.12131611474647575,0
0,0.45798370824861245,0
0,0.15254893126935407,0
0,0.15728666370438674,0
0,0.8321648291754777,1
0,0.1696264708266257,0
0,0.02376376536427585,0
0,0.2028224521981346,0
0,0.03137392752643375,0
0,0.1837677849939913,0
0,0.013908032207345855,0
0,0.01233050134348322,0
0,0.04584764353216894,0
0,0.10749551927810871,0
0,0.13624261287611034,0
0,0.12568044826762653,0
0,0.24286018771744014,0
0,0.16007126005451808,0
0,0.7201008527509261,1
0,0.14762695150454314,0
0,0.11937328985782197,0
0,0.08438421996229317,0
0,0.24730744297413512,0
0,0.6455045593327592,1
0,0.0929441060030733,0
0,0.12750026025210598,0
0,0.414364755627972,0
0,0.05760313483477784,0
0,0.022439355535234656,0
0,0.5303246805434031,1
0,0.0064108128594144555,0
0,0.0914276497203115,0
0,0.03872149734376079,0
0,0.5823355736761676,1
0,0.46335172609567776,0
0,0.06890346199480661,0
0,0.14168847099462747,0
0,0.25275666319783624,0
0,0.34619911117705504,0
0,0.17244060614948553,0
0,0.03980090583841151,0
0,0.031597167389548736,0
0,0.10756195218902181,0
0,0.23534291036949043,0
0,0.21469815139962856,0
0,0.2694153503178338,0
0,0.012361307105175799,0
0,0.5672758410634138,1
0,0.4444303608955741,0
0,0.13811366693572133,0
0,0.03317658427349171,0
0,0.05207348146829522,0
0,0.18909383576395503,0
0,0.28013795852714546,0
0,0.1941824167533082,0
0,0.0611980789070723,0
0,0.14350988732154296,0
0,0.02405616170729715,0
0,0.23398830111058244,0
0,0.022484786413463107,0
0,0.22857595416246207,0
0,0.34700880238910237,0
0,0.062460033323992095,0
0,0.032152952871239496,0
0,0.2525811413524628,0
0,0.06941525337562159,0
0,0.02928766824938424,0
0,0.10810089762665048,0
0,0.02787207112496178,0
0,0.044210748700581295,0
0,0.12079327721428654,0
0,0.34932356453056423,0
0,0.2278259146513421,0
0,0.48316893418435913,0
0,0.03556703023637854,0
0,0.056896626852166156,0
0,0.4775284791443884,0
0,0.1033376681006663,0
0,0.14736677366742504,0
0,0.05090035499209216,0
0,0.007230298406441497,0
0,0.2946743121145563,0
0,0.039044202180648406,0
0,0.007481185326042333,0
0,0.35164808056276436,0
0,0.12180687079121118,0
0,0.9424011308961214,1
0,0.0667164056121955,0
0,0.099396240448483,0
0,0.33695878015987946,0
0,0.050919549251589646,0
0,0.09831763092714259,0
0,0.06885676637392815,0
0,0.38064078282030556,0
0,0.09750027939683445,0
0,0.0670272401751021,0
0,0.4577369245028207,0
0,0.511516805065237,1
0,0.7514573595326314,1
0,0.31211111461681595,0
0,0.7368440877177339,1
0,0.9642193978298144,1
0,0.025278638469379635,0
0,0.05653275502254369,0
0,0.47099578734702563,0
0,0.5123336081130269,1
0,0.04838694933589018,0
0,0.4897313625887586,0
0,0.17251168890359725,0
0,0.007005813409774765,0
0,0.040683536327899054,0
0,0.7187887269632847,1
0,0.04604218353120611,0
0,0.04304295336102447,0
0,0.19720574873764668,0
0,0.01779378118790995,0
0,0.09270450457927053,0
0,0.2579981857745817,0
0,0.0723982379014741,0
0,0.02348660712113549,0
0,0.026027431328013845,0
0,0.16433555419103227,0
0,0.05902563654039251,0
0,0.22074790150758955,0
0,0.02090435193469344,0
0,0.08902431992131103,0
0,0.029636659515146255,0
0,0.19778936850973206,0
0,0.013938569954925893,0
0,0.09115542928047649,0
0,0.15722148951704742,0
0,0.6417563223675149,1
0,0.6096936713734434,1
0,0.14731626472559217,0
0,0.03106691996105531,0
0,0.4859906566381186,0
0,0.02466270399851092,0
0,0.6749714084679888,1
0,0.7246725372328512,1
0,0.31433113064222534,0
0,0.03397287406903379,0
0,0.12631273388600506,0
0,0.4564966842888074,0
0,0.41559627039642266,0
0,0.007846186746839508,0
0,0.00941554146245898,0
0,0.12859429728563865,0
0,0.04213007575072704,0
0,0.3185164744577255,0
0,0.4134742250044123,0
0,0.02671835469155096,0
0,0.4187010474538042,0
0,0.11664716589936812,0
0,0.09365892733145724,0
0,0.3300033731917769,0
0,0.01709152319922063,0
0,0.003613692586730555,0
0,0.05504506527919789,0
0,0.028903131531074242,0
0,0.9730688900439692,1
0,0.7010778931356297,1
0,0.016733815240936537,0
0,0.04337521563386936,0
0,0.06281583477110084,0
0,0.019118369621200726,0
0,0.040022770546100976,0
0,0.2068670191472739,0
0,0.025044381371801917,0
0,0.0373739557179709,0
0,0.0850850306554339,0
0,0.1737589281661489,0
0,0.08405116540311418,0
0,0.014440901823151211,0
0,0.001942553172955577,0
0,0.21779342170742494,0
0,0.07609408872574065,0
0,0.9540435391369173,1
0,0.8974919128852263,1
0,0.5297342485963429,1
0,0.04950332243514354,0
0,0.04079267784604021,0
0,0.0016803209312690644,0
0,0.1723485651487716,0
0,0.017891123203897803,0
0,0.5445997348346758,1
0,0.06953224833430723,0
0,0.08150589261742038,0
0,0.06103185727180167,0
0,0.3552511388703064,0
0,0.04144487963905314,0
0,0.027619749501361555,0
0,0.027990721032244998,0
0,0.0933284095926182,0
0,0.022384883670759425,0
0,0.03884664325738957,0
0,0.22267109715768357,0
0,0.20141742177422636,0
0,0.01816915732889341,0
0,0.3877839770235364,0
0,0.3544914505781775,0
0,0.0141225973994728,0
0,0.01901341923518023,0
0,0.0539046744802411,0
0,0.10136952416626308,0
0,0.06573545392235337,0
0,0.034420060151782804,0
0,0.008177989236459874,0
0,0.25679132679694433,0
0,0.7341087186324703,1
0,0.0360678573222424,0
0,0.015353804558328878,0
0,0.746603683248,1
0,0.1208301726618961,0
0,0.5128489915233082,1
0,0.6607517540653677,1
0,0.338928284464437,0
0,0.6336626138896808,1
0,0.10608383560760168,0
0,0.09046530250643992,0
0,0.13433837103960553,0
0,0.044586749367258864,0
0,0.1358366967793157,0
0,0.0302097663901066,0
0,0.07586917411600967,0
0,0.01663795054809377,0
0,0.38997262382515,0
0,0.11588425241284674,0
0,0.22799514287707043,0
0,0.4529883635950468,0
0,0.00633250095446655,0
0,0.07125769825841408,0
0,0.053919634796900304,0
0,0.013062185187170157,0
0,0.6573043821016464,1
0,0.3755126642091072,0
0,0.025734828293975043,0
0,0.009295322731685363,0
0,0.4190797272332526,0
0,0.03832964295645745,0
0,0.2653168127977025,0
0,0.15715550884936105,0
0,0.33402017312190785,0
0,0.04941964938904039,0
0,0.028795885061834375,0
0,0.08998948615054686,0
0,0.039957973233615954,0
0,0.27496613020219346,0
0,0.28284603864182156,0
0,0.14011778765466207,0
0,0.07077819521341033,0
0,0.016416422725046377,0
0,0.6577901940308465,1
0,0.02368475543914041,0
0,0.960350691731256,1
0,0.278422214815391,0
0,0.003966104721284063,0
0,0.6759758537098729,1
0,0.15007437844298638,0
0,0.2872820382385724,0
0,0.016372178409919117,0
0,0.32558331970091975,0
0,0.11983500579159012,0
0,0.40179305208641874,0
0,0.47028894178571407,0
0,0.2906897737097237,0
0,0.13596533651120857,0
0,0.16412793289782998,0
0,0.28194808051114306,0
0,0.01479979071269741,0
0,0.20157916826495834,0
0,0.5271028301214148,1
0,0.11583697685193138,0
0,0.1557676591819089,0
0,0.4367631815842161,0
0,0.3136636896884527,0
0,0.07297349278036463,0
0,0.0986866973056774,0
0,0.05137693343812421,0
0,0.04385838167947501,0
0,0.12022993605775731,0
0,0.026669375896584486,0
0,0.05748067001540336,0
0,0.04308323684750713,0
0,0.379642511873475,0
0,0.4425628135357285,0
0,0.05971060164135844,0
0,0.4616308041140266,0
0,0.16631497129382064,0
0,0.1165143819389962,0
0,0.5059672309264127,0
0,0.4568368995798711,0
0,0.015542481291826879,0
0,0.0613327030706933,0
0,0.03976445872722189,0
0,0.28279249011008534,0
0,0.4681858665539364,0
0,0.7243758312989125,1
0,0.6500769590589917,1
0,0.4427503238640572,0
0,0.16544635616576825,0
0,0.1993922180386749,0
0,0.2078841185654817,0
0,0.03995515577455437,0
0,0.11042919887812061,0
0,0.024957584750123933,0
0,0.23694143942182255,0
0,0.14323421025983657,0
0,0.026486240633522624,0
0,0.013594570061997496,0
0,0.10929971081454283,0
0,0.15721971075790123,0
0,0.5734782117713263,1
0,0.43874441171169754,0
0,0.41929956390687056,0
0,0.031190787997447487,0
0,0.15565937412574352,0
0,0.0404738346773751,0
0,0.8542888366951572,1
0,0.1398660367323556,0
0,0.034488916629480816,0
0,0.015727251816374393,0
0,0.007376236716573637,0
0,0.783775350937712,1
0,0.35354632670946945,0
0,0.13901340031299428,0
0,0.17292567166499787,0
0,0.05163368923605905,0
0,0.1674395610757968,0
0,0.4761164697742885,0
0,0.7569197238585991,1
0,0.09667052686863666,0
0,0.08992992868929568,0
0,0.08008470748326497,0
0,0.1241199724193019,0
0,0.03490215740141876,0
0,0.17828681795537,0
0,0.4146054861763268,0
0,0.07841800992794934,0
0,0.7053589699541043,1
0,0.2104562078666658,0
0,0.28348401034305204,0
0,0.10200640209664665,0
0,0.07013712302081779,0
0,0.29119776235397615,0
0,0.08859266058314695,0
0,0.06992361093575132,0
0,0.03393868822852274,0
0,0.11434068394531924,0
0,0.9209277292805247,1
0,0.3005962160061053,0
0,0.009049786347174835,0
0,0.0422418390383428,0
0,0.23668397616703185,0
0,0.21999729842830126,0
0,0.030765760660648123,0
0,0.06809453382054731,0
0,0.2621257595909469,0
0,0.09477014889058805,0
0,0.6389589450924484,1
0,0.038406658141265426,0
0,0.22462778843207756,0
0,0.16380163002294726,0
0,0.16640074937591542,0
0,0.030520960145183816,0
0,0.13379749709980412,0
0,0.15441604089494562,0
0,0.13335779640341147,0
0,0.1509015818130791,0
0,0.3893596214929932,0
0,0.5622115871083823,1
0,0.03834533839464726,0
0,0.11281411567466122,0
0,0.0038649584080264407,0
0,0.0173198442742965,0
0,0.05089200621593908,0
0,0.17768803574125072,0
0,0.022647510939487143,0
0,0.6555008258979107,1
0,0.14823593570225924,0
0,0.728492730320075,1
0,0.5129458958641532,1
0,0.06677255440254941,0
0,0.8837379639042175,1
0,0.28805497995745866,0
0,0.008387708622144411,0
0,0.03274488379223582,0
0,0.2594960312501953,0
0,0.47264955810414344,0
0,0.052038653824486386,0
0,0.27314300310455825,0
0,0.029517928501424984,0
0,0.030387576868781487,0
0,0.5894768858158691,1
0,0.1620068479828184,0
0,0.4113633927295131,0
0,0.4599127412708404,0
0,0.09995482814749833,0
0,0.051069334142547586,0
0,0.8280954707909446,1
0,0.031136538241723057,0
0,0.16489521724769543,0
0,0.38252700681053065,0
0,0.2668948601977308,0
0,0.1244881036680615,0
0,0.03725176865568921,0
0,0.011103601373495654,0
0,0.011447179581342868,0
0,0.3702668922836047,0
0,0.8611928856147318,1
0,0.017152717852564663,0
0,0.06986871590146106,0
0,0.010374024065457822,0
0,0.14819104103132924,0
0,0.12249493251084359,0
0,0.04486764820788685,0
0,0.08453725888085056,0
0,0.0831434052239926,0
0,0.12400995629702212,0
0,0.009106481416268795,0
0,0.05913411245720039,0
0,0.04832608969970964,0
0,0.8685009093513373,1
0,0.6711488524238346,1
0,0.16263744635441546,0
0,0.9534115353507141,1
0,0.008103388408621513,0
0,0.15651705129394697,0
0,0.10813373031218035,0
0,0.07780103401067369,0
0,0.15138987757452416,0
0,0.1499873246657681,0
0,0.6344088311806072,1
0,0.04761855944943401,0
0,0.3136667049376415,0
0,0.8639050642246145,1
0,0.0747917091322087,0
0,0.007586305428779075,0
0,0.14532626664349665,0
0,0.7877787316340721,1
0,0.6983995301795849,1
0,0.05185316539160306,0
0,0.425180261435844,0
0,0.033246991073414243,0
0,0.3545414053760646,0
0,0.02815304655720705,0
0,0.4536846325824018,0
0,0.0594401221572603,0
0,0.1044505008250706,0
0,0.06707534795587551,0
0,0.15154007655185175,0
0,0.05721159341500848,0
0,0.1814915663261693,0
0,0.16423902261542245,0
0,0.06648645710556483,0
0,0.11015921411882562,0
0,0.0675138765571218,0
0,0.17373875563276686,0
0,0.5059492623060771,0
0,0.01247737451287172,0
0,0.067501322067821,0
0,0.3509953675271866,0
0,0.007172160610101074,0
0,0.0513668513997208,0
0,0.030091754095457855,0
0,0.14627347216449177,0
0,0.15073351044584332,0
0,0.12330178556402614,0
0,0.07121043536228554,0
0,0.12931536292416115,0
0,0.05486243324652881,0
0,0.21315080976853737,0
0,0.7224861686292112,1
0,0.27541543943150304,0
0,0.026113766989286163,0
0,0.37384844502877596,0
0,0.1104585638214033,0
0,0.13251406408367755,0
0,0.0019051573914323104,0
0,0.14642072457858613,0
0,0.0024257250274805305,0
0,0.13773838444209707,0
0,0.02130253102816262,0
0,0.12014150372152177,0
0,0.6536836349648153,1
0,0.38147715363301954,0
0,0.5245448421434848,1
0,0.13947693824819113,0
0,0.05295201313769784,0
0,0.070598881171932,0
0,0.3933988741211725,0
0,0.07321823420786784,0
0,0.637628797280293,1
0,0.019351112187729794,0
0,0.049004207368805404,0
0,0.0483414345028775,0
0,0.021144277264347144,0
0,0.2893093375063027,0
0,0.08930965188587174,0
0,0.22835977577648006,0
0,0.10506689146744388,0
0,0.7232925388636542,1
0,0.050729038446986535,0
0,0.0858628491273617,0
0,0.7413815876820886,1
0,0.09822512594367455,0
0,0.23508503571674952,0
0,0.18983820003567692,0
0,0.06673412087421349,0
0,0.3209945973667272,0
0,0.07992892005803932,0
0,0.2907000498601639,0
0,0.05239907403825306,0
0,0.8490371350012433,1
0,0.32163247614003637,0
0,0.7260676826870999,1
0,0.21041515707002034,0
0,0.6040648359005263,1
0,0.029796023002258747,0
0,0.03892149240304137,0
0,0.1083842206947207,0
0,0.03588189228474161,0
0,0.10132261364235443,0
0,0.5137174585655173,1
0,0.03590246417189938,0
0,0.13806136042192177,0
0,0.15630239595334783,0
0,0.03378641070595398,0
0,0.36883540557238115,0
0,0.2183583525859968,0
0,0.19706134344473503,0
0,0.09773398398511209,0
0,0.12106863455021444,0
0,0.09061674375967883,0
0,0.31394402386270076,0
0,0.04584003467237395,0
0,0.03139140129117424,0
0,0.3669928028580655,0
0,0.014764947915461266,0
0,0.11596343157185833,0
0,0.13320899853685345,0
0,0.565260844167948,1
0,0.10824282533064414,0
0,0.08756514203502314,0
0,0.19162755275439822,0
0,0.05894126452731468,0
0,0.13920689161970182,0
0,0.15452957445965065,0
0,0.0024310661178227047,0
0,0.01040044513104256,0
0,0.05948348133552015,0
0,0.03746174631050381,0
0,0.05584718502439866,0
0,0.015794356143994503,0
0,0.027767061422090112,0
0,0.14468450742719055,0
0,0.30404283567834234,0
0,0.1976960446537232,0
0,0.09394550080812956,0
0,0.3047766766604225,0
0,0.3351015941273988,0
0,0.9283981731375939,1
0,0.018271473728871654,0
0,0.7241794005294041,1
0,0.23240162896683067,0
0,0.07039663434559443,0
0,0.12816903424635548,0
0,0.7991760952381249,1
0,0.5747379795696863,1
0,0.02513516300380876,0
0,0.09255556846467397,0
0,0.22002191484888078,0
0,0.34043589495403387,0
0,0.3690612718855118,0
0,0.039502552457498646,0
0,0.4951415090168079,0
0,0.2310049731873821,0
0,0.03129031494206346,0
0,0.2681746367228185,0
0,0.240886569358809,0
0,0.41469900276029054,0
0,0.38365942893988436,0
0,0.30555812434322216,0
0,0.1167118110034133,0
0,0.14616335466261224,0
0,0.46547736228141584,0
0,0.01384635915457588,0
0,0.9773370064146284,1
0,0.22236040913665825,0
0,0.10520923883501844,0
0,0.013092609735758388,0
0,0.05987644000421425,0
0,0.16121548767464317,0
0,0.3838612027496488,0
0,0.4606350725746709,0
0,0.6463089000959853,1
0,0.3011757122464295,0
0,0.030956023013588126,0
0,0.07361961886475697,0
0,0.141703018326723,0
0,0.11765735739303076,0
0,0.09104858680181084,0
0,0.7253074109362124,1
0,0.06870936087987724,0
0,0.0701325891957357,0
0,0.028259884671852847,0
0,0.2262742539556532,0
0,0.05183050456274183,0
0,0.036075222181729344,0
0,0.014739154083790512,0
0,0.12052233449428584,0
0,0.17740536978313545,0
0,0.027095533333868493,0
0,0.4588424954995024,0
0,0.2591673732173605,0
0,0.046094175272761884,0
0,0.018439886281200878,0
0,0.01726486797388959,0
0,0.17650798253465333,0
0,0.003996244049333616,0
0,0.1319074268147269,0
0,0.21708035762304023,0
0,0.05161555989998756,0
0,0.47196873174195564,0
0,0.11674768533935087,0
0,0.21896754658425674,0
0,0.02886112123592956,0
0,0.047836336165530284,0
0,0.08571131511184489,0
0,0.16013084044045622,0
0,0.010998994908610959,0
0,0.08393925098263104,0
0,0.1848684856142771,0
0,0.3885556786781473,0
0,0.04741397848044142,0
0,0.017236375241339936,0
0,0.6154455120862431,1
0,0.027473614973294768,0
0,0.009258729740564088,0
0,0.8364716974453696,1
0,0.10163263144353574,0
0,0.11446020236765776,0
0,0.1019230736096548,0
0,0.08228986718281711,0
0,0.08530603890961794,0
0,0.012031108863369564,0
0,0.53798477124293,1
0,0.4619083295421795,0
0,0.5383207701295857,1
0,0.3257735463616995,0
0,0.051322145413179046,0
0,0.43518598818125026,0
0,0.3834200649826813,0
0,0.13616182021184545,0
0,0.6234314054495106,1
0,0.0661079817786045,0
0,0.11825889110223632,0
0,0.17311685123624138,0
0,0.38371790775093845,0
0,0.13939722632249082,0
0,0.9090278165119895,1
0,0.14713531429469237,0
0,0.12291206393911498,0
0,0.09891864795027411,0
0,0.04462591338046272,0
0,0.2318011131395019,0
0,0.3120430172195825,0
0,0.6830819907785808,1
0,0.04024074090659785,0
0,0.1255037773762109,0
0,0.3057949443630728,0
0,0.24644514180972588,0
0,0.13128893115407822,0
0,0.14034676327824458,0
0,0.3905800745945405,0
0,0.412379388036348,0
0,0.41681171623245655,0
0,0.08531899760221939,0
0,0.8469213387781525,1
0,0.01814527315774998,0
0,0.174314456436369,0
0,0.10859508990446812,0
0,0.12948900241752756,0
0,0.23905484585197828,0
0,0.09952403341694956,0
0,0.36067244458087383,0
0,0.01699783554830875,0
0,0.028673073078465238,0
0,0.25292229105270075,0
0,0.08536463206509573,0
0,0.4088944073853628,0
0,0.20441117849518523,0
0,0.17045821471220532,0
0,0.24345190813518497,0
0,0.08327248191518402,0
0,0.29738550043018,0
0,0.10209941779244834,0
0,0.22501415902891242,0
0,0.02428376597549911,0
0,0.031016629317742548,0
0,0.04797294875856908,0
0,0.5858349488550961,1
0,0.24677758503797195,0
0,0.05730049549703279,0
0,0.3362976699006782,0
0,0.001106780704854738,0
0,0.18421372142666176,0
0,0.42793767117280496,0
0,0.1066804908393615,0
0,0.008399252452060368,0
0,0.10617122050378229,0
0,0.4164565034867306,0
0,0.06170182502485538,0
0,0.020700924197276913,0
0,0.12088414112660491,0
0,0.9327578773080337,1
0,0.03906911889402308,0
0,0.006466802101349948,0
0,0.1976428185094159,0
0,0.12062324985693436,0
0,0.15378352248571991,0
0,0.035878588858411616,0
0,0.5140157861012699,1
0,0.3783271518883442,0
0,0.4523394871221715,0
0,0.4448422039593671,0
0,0.6195873176815815,1
0,0.1838589183376468,0
0,0.08282165372605998,0
0,0.07081575411483156,0
0,0.029419805935330518,0
0,0.23624580042510504,0
0,0.021871200309186396,0
0,0.16939633624752348,0
0,0.028625822433118765,0
0,0.13743333291250256,0
0,0.7188511286462692,1
0,0.4575232663184406,0
0,0.06510444517970715,0
0,0.029271012558559184,0
0,0.017260073908869775,0
0,0.08567147912837327,0
0,0.0863591564344929,0
0,0.2603788590930778,0
0,0.645333297246563,1
0,0.06724558278986227,0
0,0.4108290317712919,0
0,0.4010253471047253,0
0,0.3621994569047399,0
0,0.05528191495238555,0
0,0.14368322198523417,0
0,0.001698476699136094,0
0,0.17139712192040413,0
0,0.09187227583260409,0
0,0.08557795650769713,0
0,0.26816920392278665,0
0,0.026585822162827642,0
0,0.41007253429245766,0
0,0.3355789643697121,0
0,0.2243717836199151,0
0,0.14402293878866282,0
0,0.6220568015537717,1
0,0.01153134762633364,0
0,0.2729942308405463,0
0,0.09372454122419951,0
0,0.8089302496191595,1
0,0.16591167910178542,0
0,0.04037710075299749,0
0,0.5823272678695441,1
0,0.46786868393660086,0
0,0.04180788492262451,0
0,0.03280985627239887,0
0,0.08223090056165965,0
0,0.0689261974364878,0
0,0.07331087685755289,0
0,0.2898991273890575,0
0,0.029866729913381494,0
0,0.02967181705437788,0
0,0.8219737547604918,1
0,0.23235070203644528,0
0,0.09615510054627906,0
0,0.27722690954626117,0
0,0.20542166890675162,0
0,0.1877823648878226,0
0,0.9193774615415418,1
0,0.07642390161791268,0
0,0.13193876338245986,0
0,0.17879499396739998,0
0,0.36482631422421624,0
0,0.49522104458050925,0
0,0.023932660056874003,0
0,0.17941470049972413,0
0,0.2637477450255342,0
0,0.004559679775489415,0
0,0.27709829806629505,0
0,0.25402330273546186,0
0,0.0030828089955669516,0
0,0.10152229462777354,0
0,0.07938260959552484,0
0,0.29722765755490355,0
0,0.22513299895632935,0
0,0.12262561080583562,0
0,0.2141457247248989,0
0,0.038132337882362255,0
0,0.009318795176903899,0
0,0.39503630411350615,0
0,0.03823766660969497,0
0,0.3891738479510071,0
0,0.4510687493918845,0
0,0.0019341537678038987,0
0,0.6374358543411632,1
0,0.026823788690905247,0
0,0.4690274944080025,0
0,0.16908084887747765,0
0,0.00885808608416853,0
0,0.3282632015532837,0
0,0.11568257622953824,0
0,0.31954053661672216,0
0,0.8447016709664089,1
0,0.20595447773660927,0
0,0.04023119194278654,0
0,0.23427919949760057,0
0,0.009132936966334727,0
0,0.034092030827687955,0
0,0.5906919253346131,1
0,0.016025794914571914,0
0,0.144121782999289,0
0,0.23544213711822046,0
0,0.27138160979787657,0
0,0.17721524170233383,0
0,0.5181049868973645,1
0,0.07984606997766194,0
0,0.19106908635388847,0
0,0.32029027507536206,0
0,0.03892598042494437,0
0,0.07337238251857933,0
0,0.30668407570245104,0
0,0.12490385028022404,0
0,0.09386393796344501,0
0,0.08097253941457222,0
0,0.20044330185713144,0
0,0.12410725388878333,0
0,0.052626543558907606,0
0,0.06296373174927923,0
0,0.041765690307401064,0
0,0.959461061406492,1
0,0.024651056397296634,0
0,0.2933913746053508,0
0,0.5451279237452875,1
0,0.6803419514242202,1
0,0.9171528868125683,1
0,0.04219505283762017,0
0,0.23959759569155864,0
0,0.10955278376212609,0
0,0.4362387924136401,0
0,0.03775378075297765,0
0,0.2914029269859784,0
0,0.0036076771463855613,0
0,0.5189469129819405,1
0,0.12490484604734223,0
0,0.28004820906598493,0
0,0.26946147322402114,0
0,0.09268756241289984,0
0,0.027173626704082444,0
0,0.04222871683633001,0
0,0.008812989772625776,0
0,0.3373662612895286,0
0,0.342793439314923,0
0,0.5213265665526976,1
0,0.4889733966671697,0
0,0.6593646693810922,1
0,0.025924367771105,0
0,0.38888605872029786,0
0,0.006268704453840013,0
0,0.047584853639210396,0
0,0.19490845891067124,0
0,0.05029648142355625,0
0,0.02363551634919349,0
0,0.6396250609004336,1
0,0.06841282102781525,0
0,0.5905297116951207,1
0,0.08438229834275758,0
0,0.23402478872053528,0
0,0.006375258761022652,0
0,0.006957494122268492,0
0,0.07246263166495946,0
0,0.07054985704965462,0
0,0.9132633584882375,1
0,0.31703991330355247,0
0,0.10314117005839113,0
0,0.2781334687924123,0
0,0.05501789092532237,0
0,0.23571657880790556,0
0,0.9095313247340647,1
0,0.160199469548344,0
0,0.10280575105289069,0
0,0.028283713094924317,0
0,0.7211117183892357,1
0,0.06450005179554862,0
0,0.28209467606000904,0
0,0.047873999537830676,0
0,0.011342031187566397,0
0,0.039323364133330395,0
0,0.9362498519475991,1
0,0.028413779542909162,0
0,0.41277076291290854,0
0,0.06819537427578194,0
0,0.10570792295071568,0
0,0.77092671824155,1
0,0.35218420542697215,0
0,0.18112570412809237,0
0,0.10394218167829058,0
0,0.07207845852677451,0
0,0.19379366058274702,0
0,0.1365933548230188,0
0,0.005275500263664971,0
0,0.014319885574784138,0
0,0.5211456219591558,1
0,0.020174401682422013,0
0,0.3168715159962466,0
0,0.22967909100744419,0
0,0.7835183614647395,1
0,0.4468382790045418,0
0,0.03707800522694651,0
0,0.015728491117329484,0
0,0.4157986935045533,0
0,0.023807505922972646,0
0,0.012497881003884279,0
0,0.25346913517755304,0
0,0.010469871204809609,0
0,0.18899530926010125,0
0,0.16516636372828009,0
0,0.0625374593328422,0
0,0.42316150399290314,0
0,0.1238848460859981,0
0,0.9821361802761149,1
0,0.06200628057301379,0
0,0.10447635023908226,0
0,0.3615264976535909,0
0,0.12221032167297394,0
0,0.26582547356135083,0
0,0.03543485857559684,0
0,0.1859066878934176,0
0,0.40255333058516846,0
0,0.013864751222254716,0
0,0.004283948381496565,0
0,0.6138782552779591,1
0,0.01963571575987367,0
0,0.06642624732513955,0
0,0.04501160016058509,0
0,0.6391640084005554,1
0,0.03884112735030867,0
0,0.2362342940314557,0
0,0.006774806161495088,0
0,0.4814401387974751,0
0,0.053924028522258624,0
0,0.3699751040583233,0
0,0.15370225954230918,0
0,0.10963349779307663,0
0,0.7713466390661305,1
0,0.10516619762786941,0
0,0.5060872987180123,0
0,0.33456615245318877,0
0,0.08419524109216439,0
0,0.13845739804394214,0
0,0.023080936275393163,0
0,0.0284757700807173,0
0,0.20727676876076662,0
0,0.08444410531637937,0
0,0.012492245319154577,0
0,0.07798558877218861,0
0,0.03367514676350866,0
0,0.14158547831963644,0
0,0.7405951955267449,1
0,0.09048825539966757,0
0,0.5761115641051078,1
0,0.02414715258395383,0
0,0.3018241182688003,0
0,0.5994915042338467,1
0,0.2320002414944691,0
0,0.09877486234115325,0
0,0.1509213222078092,0
0,0.1419855674791851,0
0,0.1870866284900376,0
0,0.07708688639272046,0
0,0.2558391101573295,0
0,0.10840277505664325,0
0,0.24096055797089785,0
0,0.026684484308733696,0
0,0.06875058205694262,0
0,0.06667274096872543,0
0,0.37274589338367975,0
0,0.034713378760629104,0
0,0.009654950209513815,0
0,0.1668428097030088,0
0,0.046945049691768596,0
0,0.14742115025432614,0
0,0.11375184182543883,0
0,0.3800889391892773,0
0,0.41429483283514196,0
0,0.35032020708811856,0
0,0.051447941024587336,0
0,0.02101237845798363,0
0,0.32026694623270013,0
0,0.06269663148564447,0
0,0.178505253665616,0
0,0.21138498085957289,0
0,0.18244294371105335,0
0,0.48242748597105733,0
0,0.3587991605776084,0
0,0.5231893018758808,1
0,0.126980619745671,0
0,0.4907651871353939,0
0,0.6409888322525915,1
0,0.06626617266818986,0
0,0.15563043285927444,0
0,0.2435450657654257,0
0,0.2688028544144999,0
0,0.5730062306572798,1
0,0.0051272543962788,0
0,0.15220782211018602,0
0,0.03450649704479506,0
0,0.12778246569326235,0
0,0.028709896964234802,0
0,0.19374776946638073,0
0,0.7258394849741849,1
0,0.04520322095449609,0
0,0.0009141004618623515,0
0,0.5876173680115623,1
0,0.2175937575676072,0
0,0.46020853199436995,0
0,0.018632259543546845,0
0,0.001313647321002826,0
0,0.13348686348304592,0
0,0.05596043613245493,0
0,0.4950525048038774,0
0,0.09081251080661071,0
0,0.2563088798572691,0
0,0.8808176832577376,1
0,0.513552926468319,1
0,0.07003450516914353,0
0,0.04314328904830841,0
0,0.9068503434003691,1
0,0.03845160980931766,0
0,0.03766557399029361,0
0,0.026980810136505502,0
0,0.00812470614162068,0
0,0.4367168633381745,0
0,0.11487479820060548,0
0,0.0626274019006083,0
0,0.5799421676690922,1
0,0.8410249431542371,1
0,0.4317304561992351,0
0,0.038850609688242575,0
0,0.08032274742253191,0
0,0.03440975123105199,0
0,0.05055049075958061,0
0,0.3476154804335861,0
0,0.2620548857042348,0
0,0.21032673403188087,0
0,0.07393810879903755,0
0,0.06814303675356571,0
0,0.37293901717959294,0
0,0.11804989056315862,0
0,0.21356917785463728,0
0,0.10378609501719176,0
0,0.2649944483201212,0
0,0.5039635747553995,0
0,0.029608423714274846,0
0,0.3039497203689403,0
0,0.01364771158765111,0
0,0.3561700915527115,0
0,0.018041182619523827,0
0,0.7091448563225797,1
0,0.03654156410038715,0
0,0.35604382028429005,0
0,0.9980767646172333,1
0,0.13872997399245324,0
0,0.14623455212719752,0
0,0.20232488901426424,0
0,0.10188595990035289,0
0,0.039226575544353263,0
0,0.030080071952898173,0
0,0.032947933468726806,0
0,0.061932950765436506,0
0,0.13298761657715844,0
0,0.10743209884885051,0
0,0.2092141518388295,0
0,0.09673656508505227,0
0,0.06504705261598125,0
0,0.6068028134006144,1
0,0.1161611294224026,0
0,0.11327983011402033,0
0,0.034082136874531585,0
0,0.9336856864916098,1
0,0.35792084773723354,0
0,0.6010916594106,1
0,0.043084973144764165,0
0,0.12077721418253015,0
0,0.32597751702083255,0
0,0.034487051109549804,0
0,0.3106974701461174,0
0,0.06799426960029302,0
0,0.0008588376548415715,0
0,0.03009069840293202,0
0,0.5274499136117802,1
0,0.919066934857443,1
0,0.207064590662473,0
0,0.06163685178200479,0
0,0.11317922366148375,0
0,0.02838407510810356,0
0,0.5614793770500422,1
0,0.3096112571349241,0
0,0.1112048930612167,0
0,0.22589784440547708,0
0,0.03340328867685931,0
0,0.01261006178960811,0
0,0.009851427866360663,0
0,0.06817508528928198,0
0,0.20626205497657443,0
0,0.08346095465840872,0
0,0.08140054394718574,0
0,0.013782891532332787,0
0,0.1489724645654988,0
0,0.12394236471007412,0
0,0.06355899768303525,0
0,0.5811853226252394,1
0,0.02213940263088801,0
0,0.09345503833620096,0
0,0.06403909330521386,0
0,0.09243671138484476,0
0,0.02520411694024662,0
0,0.05716314747902787,0
0,0.08522028032650586,0
0,0.019065018516521624,0
0,0.08494332048298239,0
0,0.9706031327433436,1
0,0.2711152547940807,0
0,0.12941299561573724,0
0,0.02836602612281203,0
0,0.07363580298794019,0
0,0.15319000520268342,0
0,0.24282177641455077,0
0,0.032351127216416746,0
0,0.005280111214303906,0
0,0.8713511367905467,1
0,0.4425317487409619,0
0,0.08092710297287742,0
0,0.20340412348892964,0
0,0.0035462262290415123,0
0,0.8041109879832582,1
0,0.12063532744625585,0
0,0.10351998946098248,0
0,0.5884772930980607,1
0,0.195295095131188,0
0,0.006573342828561903,0
0,0.07152399974998527,0
0,0.6880284814432421,1
0,0.06968468298476926,0
0,0.13449391844061717,0
0,0.07069010340182157,0
0,0.07548359473291592,0
0,0.02322597894555525,0
0,0.15268068322652578,0
0,0.10004635571500316,0
0,0.035358297741705035,0
0,0.4667301039222908,0
0,0.20389745155091316,0
0,0.04013563849751281,0
0,0.4757375946874133,0
0,0.005540041985943597,0
0,0.042881025312090135,0
0,0.9997019401714592,1
0,0.8242293423506921,1
0,0.8433679414039946,1
0,0.018448476807613842,0
0,0.03627015103490379,0
0,0.09837979317961877,0
0,0.17353899188221888,0
0,0.054265761204036304,0
0,0.329657701280625,0
0,0.0449039837559175,0
0,0.04450608455534382,0
0,0.09060322286386847,0
0,0.023438833349460283,0
0,0.21898468953521208,0
0,0.021350818590379114,0
0,0.060331893545454755,0
0,0.8563565124599655,1
0,0.02000354573831115,0
0,0.2701490113240273,0
0,0.48648045509099047,0
0,0.20484144580988412,0
0,0.1614436349884823,0
0,0.10685838250531685,0
0,0.4569307218556326,0
0,0.0657838722386736,0
0,0.28331325057629486,0
0,0.16079072362064298,0
0,0.1832363900895019,0
0,0.9410903151094484,1
0,0.04340883155487582,0
0,0.040236423801717866,0
0,0.2981599474192019,0
0,0.07690450315989934,0
0,0.2237073064475252,0
0,0.24447219562577285,0
0,0.2547834234121539,0
0,0.06706079405990202,0
0,0.04599492233368576,0
0,0.19146345224387243,0
0,0.05513074277515028,0
0,0.5464625533666284,1
0,0.5815571508183023,1
0,0.29232492795282083,0
0,0.018069587959358663,0
0,0.20619749642733376,0
0,0.05780449921146096,0
0,0.06805078240842609,0
0,0.057048417967931586,0
0,0.028280072093794968,0
0,0.039613185141339144,0
0,0.07128586108386913,0
0,0.20348454042065647,0
0,0.07245732468509841,0
0,0.04477351716856604,0
0,0.014900372278348704,0
0,0.6321026512556603,1
0,0.07092919833831658,0
0,0.0924950266868048,0
0,0.019448430165700706,0
0,0.19817200903827176,0
0,0.1245547318403469,0
0,0.10799525466512683,0
0,0.0675596930785325,0
0,0.48438431746698474,0
0,0.2574757026876181,0
0,0.09443701010468393,0
0,0.06131887117653664,0
0,0.025580700623821534,0
0,0.029021715889113096,0
0,0.06182323865512972,0
0,0.36897296401813895,0
0,0.0994363261743929,0
0,0.5960193392121962,1
0,0.057242276941323986,0
0,0.7548850794913459,1
0,0.6288560267328049,1
0,0.26226297488158273,0
0,0.008478546033504102,0
0,0.18237906848495067,0
0,0.30366985943173735,0
0,0.05504288726777446,0
0,0.8167581853490901,1
0,0.06371315594447932,0
0,0.03924839500746066,0
0,0.6066841214068516,1
0,0.17625691137119637,0
0,0.609802167305386,1
0,0.21509277372793686,0
0,0.3477772797141212,0
0,0.02891682636194084,0
0,0.03345093183260215,0
0,0.3955186893036033,0
0,0.49892428777760145,0
0,0.05297024283957051,0
0,0.31628606037301193,0
0,0.041861632908516716,0
0,0.13281921143250408,0
0,0.006177129657055769,0
0,0.23518425902632306,0
0,0.006583527162643738,0
0,0.03256897740544675,0
0,0.2112110865247946,0
0,0.0559542886493504,0
0,0.10566651922944711,0
0,0.04044129477923398,0
0,0.330929319757859,0
0,0.10043023449014672,0
0,0.044903418686094036,0
0,0.8646823623472084,1
0,0.03831638094441525,0
0,0.04375308888853697,0
0,0.18673802937436534,0
0,0.12409601010696654,0
0,0.5831366487768396,1
0,0.02378066440708674,0
0,0.19018081140056017,0
0,0.6476025083155938,1
0,0.4920642443103194,0
0,0.2797829886279181,0
0,0.3385926523795236,0
0,0.04308444920142717,0
0,0.07064421245138017,0
0,0.020508890222320997,0
0,0.5250066400459295,1
0,0.028955699152845498,0
0,0.08983069989873473,0
0,0.5180535350074215,1
0,0.35972336608692046,0
0,0.4732676255782393,0
0,0.04051065845095908,0
0,0.14718482034109479,0
0,0.10912282078283059,0
0,0.08663891728057427,0
0,0.20139940174405316,0
0,0.6139106800611059,1
0,0.5760166701035624,1
0,0.15158467436074574,0
0,0.30124300405532595,0
0,0.1541050006368724,0
0,0.007310608160850224,0
0,0.7902554965081694,1
0,0.0026645335675378615,0
0,0.5657518175684232,1
0,0.43519086068845775,0
0,0.15390251998665067,0
0,0.05438122807230531,0
0,0.08923575783486165,0
0,0.01646406090277993,0
0,0.030185245065141218,0
0,0.13028124625750873,0
0,0.09368566956562814,0
0,0.38093550053429776,0
0,0.03746975769029302,0
0,0.010724595579589442,0
0,0.24858095368807367,0
0,0.1622170586893686,0
0,0.003776358960460902,0
0,0.08532563106757893,0
0,0.032209334165892674,0
0,0.07489784031121455,0
0,0.0170418073769891,0
0,0.6920485175610918,1
0,0.057347950933382394,0
0,0.06464059380289626,0
0,0.15604433220757216,0
0,0.26823117213913833,0
0,0.7738548370611161,1
0,0.23627867461071675,0
0,0.5022077816507247,0
0,0.13538592962110804,0
0,0.18276916966009563,0
0,0.6648615123116874,1
0,0.09713321306059075,0
0,0.14913118628179536,0
0,0.06928917020271952,0
0,0.1506384720844554,0
0,0.020784190431076,0
0,0.0018315566536439881,0
0,0.04648572824937378,0
0,0.012981854442520332,0
0,0.3955133592015494,0
0,0.2755995171330636,0
0,0.21160059710975465,0
0,0.6930057698436078,1
0,0.11989699459146708,0
0,0.602083192533615,1
0,0.009033751069784298,0
0,0.014171280939778442,0
0,0.6777098758127035,1
0,0.3339682332374487,0
0,0.2966645875386306,0
0,0.23417784069737563,0
0,0.08125711061481031,0
0,0.305248613501375,0
0,0.03850096496583824,0
0,0.17974093595200782,0
0,0.26658437041055155,0
0,0.066936416811915,0
0,0.01609448935919678,0
0,0.47717699821242326,0
0,0.6139295207079424,1
0,0.1374935914263221,0
0,0.15141067326083602,0
0,0.7551315424669782,1
0,0.0244197161511992,0
0,0.658331590682843,1
0,0.10449776624340143,0
0,0.15939530489471967,0
0,0.40531356701611343,0
0,0.10977440741198143,0
0,0.13262954949819458,0
0,0.044848765561683344,0
0,0.23179168483540005,0
0,0.044445144800648116,0
0,0.10635434556239727,0
0,0.05987830480280123,0
0,0.15472890754684165,0
0,0.24251972868457658,0
0,0.6985418380091772,1
0,0.019868068939495342,0
0,0.019549861815504655,0
0,0.02813449912956188,0
0,0.20027528446094456,0
0,0.05080801574599727,0
0,0.09829813005289713,0
0,0.39791581520920977,0
0,0.10971188191374752,0
0,0.771448420450428,1
0,0.39411002413194285,0
0,0.12671834388271144,0
0,0.3146706031077688,0
0,0.31006326574706333,0
0,0.033856928296748766,0
0,0.06732485409027751,0
0,0.005972471394113233,0
0,0.12593591469062193,0
0,0.1340945754598949,0
0,0.05798592312114675,0
0,0.15625689764087433,0
0,0.608377272351743,1
0,0.26413694595378334,0
0,0.1422654575665198,0
0,0.841851066582707,1
0,0.05279201459984077,0
0,0.05112703444291335,0
0,0.04565702892647702,0
0,0.34168856164534495,0
0,0.01912719810873066,0
0,0.10924556811688747,0
0,0.02669436255328925,0
0,0.2808389696034448,0
0,0.12245497846097607,0
0,0.024699945634018887,0
0,0.5231727340496165,1
0,0.20345332307183542,0
0,0.208699712738594,0
0,0.16246046909305498,0
0,0.13889085581580346,0
0,0.35490137697157553,0
0,0.26845598119390157,0
0,0.222141606853491,0
0,0.23008804745206157,0
0,0.23196230252142389,0
0,0.08670695523099381,0
0,0.1803946446427591,0
0,0.08350406333726586,0
0,0.21619754498664076,0
0,0.17523241075479734,0
0,0.002890923141983531,0
0,0.07460983824111175,0
0,0.40204689217543377,0
0,0.11643898091971087,0
0,0.03858509180136094,0
0,0.6486201357154509,1
0,0.09285837463597035,0
0,0.17988646267795252,0
0,0.15091453365422092,0
0,0.6391681684450914,1
0,0.2355208796393278,0
0,0.042417195768334436,0
0,0.2421197420971385,0
0,0.16792554942932353,0
0,0.11234477034443846,0
0,0.8898644134573716,1
0,0.1622097897489669,0
0,0.16555674768915385,0
0,0.09294726917607993,0
0,0.04012915342047016,0
0,0.0965816072998244,0
0,0.03898589523125558,0
0,0.29805139710346407,0
0,0.10365911535088769,0
0,0.020059972916076987,0
0,0.012376412961436828,0
0,0.036197816031020125,0
0,0.1157642686575142,0
0,0.5283876998269801,1
0,0.6381438547995733,1
0,0.05120291074287463,0
0,0.3264603682184523,0
0,0.12258552723011525,0
0,0.21486940844754496,0
0,0.06974932608938507,0
0,0.3986998277427425,0
0,0.5817250238063161,1
0,0.11993310464468902,0
0,0.059904634087342784,0
0,0.20862400360814418,0
0,0.07316124088336186,0
0,0.002261266209386672,0
0,0.03253348713708855,0
0,0.00408812227513019,0
0,0.2927351842534457,0
0,0.007613357523333415,0
0,0.1813246356662693,0
0,0.07452236546437625,0
0,0.2383226760070397,0
0,0.1299068950239359,0
0,0.05236946434687729,0
0,0.20268729731394322,0
0,0.015317902803030716,0
0,0.7089097728226469,1
0,0.6654704188627126,1
0,0.024604009019727324,0
0,0.9657788020155084,1
0,0.043397738720603055,0
0,0.026489300733566656,0
0,0.16598468055728882,0
0,0.11950920430922317,0
0,0.12118471111574747,0
0,0.053242603883331185,0
0,0.18097190515776954,0
0,0.04341824798694125,0
0,0.05240024338342856,0
0,0.5493580140482488,1
0,0.8104325085204436,1
0,0.2421631601744512,0
0,0.03581684949584341,0
0,0.36005721701391225,0
0,0.052948186296921954,0
0,0.07898179493668657,0
0,0.15121099313737074,0
0,0.17462101577183697,0
0,0.22410034459751504,0
0,0.4340120902339206,0
0,0.5808638741613499,1
0,0.003348423022580885,0
0,0.19170224044894282,0
0,0.49594240333344086,0
0,0.22312861527361894,0
0,0.3884567107529326,0
0,0.8141885777825489,1
0,0.002054916196337617,0
0,0.024710973456895834,0
0,0.020818501303698764,0
0,0.9941864077371573,1
0,0.4957697294312004,0
0,0.01948380654036865,0
0,0.0759563366439499,0
0,0.007170372437907137,0
0,0.41164344815665593,0
0,0.2031942812840271,0
0,0.14322002102608467,0
0,0.03146765026419232,0
0,0.016902514026061514,0
0,0.0033264616465286225,0
0,0.1961371384125826,0
0,0.08610942952418552,0
0,0.03471333830110745,0
0,0.02237330244465944,0
0,0.3354952935323095,0
0,0.7256554557069953,1
0,0.047907218216198866,0
0,0.8052438738526019,1
0,0.07093159740314836,0
0,0.18611215125727157,0
0,0.2891028442801757,0
0,0.03676832280961115,0
0,0.3405099560632888,0
0,0.1221368156025078,0
0,0.27069775207492935,0
0,0.01644003062847319,0
0,0.17022165866218492,0
0,0.09379317720114064,0
0,0.016016078893571834,0
0,0.03512267938216436,0
0,0.19829331083965426,0
0,0.7217207804686011,1
0,0.014935084888998383,0
0,0.056786012373362296,0
0,0.1756873440243206,0
0,0.037818449134650815,0
0,0.17707143075876242,0
0,0.010429690840639329,0
0,0.06521175012365649,0
0,0.0229527793350022,0
0,0.5915589519478541,1
0,0.5878357523093111,1
0,0.05810725671810139,0
0,0.20006603775248266,0
0,0.2501178576415553,0
0,0.6749958009881087,1
0,0.030901025925835213,0
0,0.05460415391044999,0
0,0.06446609261701278,0
0,0.24353324478395286,0
0,0.40300985911709974,0
0,0.03715937434317097,0
0,0.0652526871553669,0
0,0.050512793707033335,0
0,0.01571511452506511,0
0,0.06329667115690692,0
0,0.020795761016497594,0
0,0.22345869683707256,0
0,0.17053253183827646,0
0,0.022868864536512965,0
0,0.6322110332356371,1
0,0.4916988984925489,0
0,0.25751173786899456,0
0,0.07146550768487192,0
0,0.016668509346160938,0
0,0.34932674601780145,0
0,0.005470221341068152,0
0,0.018873148431606968,0
0,0.10768699766772495,0
0,0.0012665021594281667,0
0,0.10294616771958609,0
0,0.01852118317138659,0
0,0.1579475266801904,0
0,0.12623930769911734,0
0,0.1996243645425407,0
0,0.36256669161097665,0
0,0.03526912451516919,0
0,0.06969724824054944,0
0,0.005609434793932127,0
0,0.865141099502196,1
0,0.07590886324387898,0
0,0.471346214663938,0
0,0.388398046577496,0
0,0.05834304150422764,0
0,0.07129462841903003,0
0,0.0596778160761164,0
0,0.1733418515824366,0
0,0.06342988842320776,0
0,0.036892085750629126,0
0,0.11198266097626434,0
0,0.018037273950148536,0
0,0.9111234284110715,1
0,0.10410881307231813,0
0,0.20930973155256027,0
0,0.6438052796487036,1
0,0.3044859388303298,0
0,0.01247560997704916,0
0,0.8132571949818496,1
0,0.012928867282145129,0
0,0.30493410284552547,0
0,0.8278443620028832,1
0,0.13363101099116254,0
0,0.11611815742908298,0
0,0.00979274406637541,0
0,0.011092083951131235,0
0,0.6881989156012692,1
0,0.10114024261689646,0
0,0.2669274468630261,0
0,0.971847768473695,1
0,0.04187176749617437,0
0,0.2697677858561667,0
0,0.2456545832338679,0
0,0.0707552590604789,0
0,0.20034383439435777,0
0,0.008577390599307306,0
0,0.6144208270211217,1
0,0.3355918968761046,0
0,0.4022754886488551,0
0,0.9278118963628254,1
0,0.052838826690619164,0
0,0.05313039094551956,0
0,0.12926692169918932,0
0,0.054191163625351806,0
0,0.03035322068389358,0
0,0.12228458976203126,0
0,0.24246809597955324,0
0,0.46019700975269495,0
0,0.3152782234942221,0
0,0.18627799452297047,0
0,0.09540324974608816,0
0,0.0346586839055471,0
0,0.11816773579092847,0
0,0.07404091431194279,0
0,0.627245510767447,1
0,0.11160491475526375,0
0,0.02765953245152254,0
0,0.05711426403263173,0
0,0.27471076039245507,0
0,0.8745102463332747,1
0,0.12224467918479794,0
0,0.47990846001629806,0
0,0.008919600190859052,0
0,0.5006783295716551,0
0,0.05128223810505309,0
0,0.4512812322597528,0
0,0.84352212296573,1
0,0.10612848188750568,0
0,0.04464521157742183,0
0,0.1058661281207412,0
0,0.43669287882671587,0
0,0.17985126914250457,0
0,0.11132743129278341,0
0,0.7217516488399257,1
0,0.06844618047940058,0
0,0.1446031564437071,0
0,0.2163003040017412,0
0,0.06989032359765161,0
0,0.13196046008700052,0
0,0.5644123363579014,1
0,0.027824069534581858,0
0,0.008689271355048404,0
0,0.518998198469233,1
0,0.38221532580908485,0
0,0.00881378148347448,0
0,0.5020437828274299,0
0,0.052899256641404206,0
0,0.07589808508734873,0
0,0.1891495412942791,0
0,0.007776595439176517,0
0,0.42182428604085775,0
0,0.06265148793413816,0
0,0.17028532469225724,0
0,0.13460754014739254,0
0,0.12307635337572101,0
0,0.005695831448695418,0
0,0.15716756319168443,0
0,0.06567836057027007,0
0,0.7188374500157487,1
0,0.28369940298272756,0
0,0.408452843520198,0
0,0.1282430440549824,0
0,0.43516105003976185,0
0,0.17020734712612942,0
0,0.1903240770482228,0
0,0.0234860138295101,0
0,0.024171311391735614,0
0,0.007815968507163686,0
0,0.06677736326063968,0
0,0.11212469723262067,0
0,0.21744735848972616,0
0,0.061987554108263204,0
0,0.025240863329171994,0
0,0.01992804466019198,0
0,0.09354687684155963,0
0,0.5647140103652686,1
0,0.07949595869762786,0
0,0.8452992170335961,1
0,0.04096663113757202,0
0,0.1916293022757128,0
0,0.15906859379281704,0
0,0.015937222663558064,0
0,0.7081765055690995,1
0,0.9548716508223383,1
0,0.02843843860983296,0
0,0.20156395233418664,0
0,0.013848362713877325,0
0,0.6137798282171165,1
0,0.027888320561969913,0
0,0.020801122944274417,0
0,0.05044068633636173,0
0,0.05261980448035895,0
0,0.30640482972650523,0
0,0.022391807167570478,0
0,0.4086147801454729,0
0,0.8770130415470629,1
0,0.1421855549574638,0
0,0.024092435267107675,0
0,0.0343665668384362,0
0,0.07154749999023254,0
0,0.03817137289685722,0
0,0.014095505070853886,0
0,0.5618000726365789,1
0,0.8724463024163904,1
0,0.012963959605283725,0
0,0.14936597941609772,0
0,0.022524790968982942,0
0,0.0339810467412812,0
0,0.6002461974105591,1
0,0.41574751439081115,0
0,0.04635742851435665,0
0,0.9385887024403617,1
0,0.008476540838289059,0
0,0.10197261306734631,0
0,0.11895830591445,0
0,0.05430403739227075,0
0,0.14930608756427355,0
0,0.037725421223484795,0
0,0.2625359994016406,0
0,0.016402088425365134,0
0,0.26369289677583574,0
0,0.1882792771649269,0
0,0.03143416772208899,0
0,0.24189098959123675,0
0,0.24124177451142775,0
0,0.04312766841685163,0
0,0.6355836758345853,1
0,0.06697518806010898,0
0,0.022309504885426254,0
0,0.40282159384179494,0
0,0.06949714733687856,0
0,0.1035511994272929,0
0,0.34197191010299244,0
0,0.956320651707221,1
0,0.3703661593801381,0
0,0.16395544240886714,0
0,0.2244119554465805,0
0,0.5924942626594562,1
0,0.12073238488054601,0
0,0.15792556119512208,0
0,0.08254311469124587,0
0,0.12522650778520014,0
0,0.430460671075018,0
0,0.32696710380632765,0
0,0.3647688251345839,0
0,0.405364473784406,0
0,0.04006037600663083,0
0,0.05141333023576924,0
0,0.06213732192896363,0
0,0.2072065832531344,0
0,0.18292479840077533,0
0,0.08486584124627085,0
0,0.011062407135407066,0
0,0.1767903856251237,0
0,0.06926067303030727,0
0,0.02225304163881039,0
0,0.24265812669324074,0
0,0.5042586990406931,0
0,0.10659506799603757,0
0,0.11549372206841702,0
0,0.9975804628144096,1
0,0.5277634452272012,1
0,0.015979245424647244,0
0,0.03671779536226751,0
0,0.09178958821685886,0
0,0.3092954653324598,0
0,0.030671310806514397,0
0,0.6739412736013569,1
0,0.28162632306610014,0
0,0.028223430157409517,0
0,0.161579285757451,0
0,0.7727908342363334,1
0,0.5362824031348474,1
0,0.13683222764799405,0
0,0.10141504676034495,0
0,0.037593307651512115,0
0,0.20629144083400927,0
0,0.07861581543357968,0
0,0.13097860012143048,0
0,0.1271360280950376,0
0,0.10163702548418287,0
0,0.5040604777735506,0
0,0.8602488729550226,1
0,0.28615252310077777,0
0,0.6480493271711723,1
0,0.7569759394260823,1
0,0.03700153741316633,0
0,0.24840483773384356,0
0,0.2537963089057235,0
0,0.09399803181578947,0
0,0.03087145691245641,0
0,0.009721805469619482,0
0,0.08640474626842007,0
0,0.04693479563564252,0
0,0.3353980624201239,0
0,0.003869286485485027,0
0,0.05804300970149482,0
0,0.17316645515314283,0
0,0.3276471625717492,0
0,0.06172051403491872,0
0,0.06307361699586739,0
0,0.7457433498413205,1
0,0.12806785112764893,0
0,0.05175409760852028,0
0,0.3541460333996335,0
0,0.044458152914567395,0
0,0.016049620945096477,0
0,0.17975690151040302,0
0,0.3106354870191268,0
0,0.6390911170018,1
0,0.7406396113703155,1
0,0.41023500885940306,0
0,0.09612654868783393,0
0,0.02365092495381002,0
0,0.3987935405411624,0
0,0.1921081507704835,0
0,0.1733886810420664,0
0,0.14687877720969866,0
0,0.11442217285631233,0
0,0.08653235871720098,0
0,0.06602923132734892,0
0,0.05328049275833573,0
0,0.18607830954187035,0
0,0.3779413996168239,0
0,0.048841869901617214,0
0,0.007824729360400252,0
0,0.05860358518116092,0
0,0.2818835252463313,0
0,0.09130453275415927,0
0,0.09881215894410342,0
0,0.21926001057376146,0
0,0.09882579404748232,0
0,0.6726332228063369,1
0,0.15851890892436193,0
0,0.016305709211655754,0
0,0.04885154412903726,0
0,0.21876571762150243,0
0,0.030865053230121075,0
0,0.09465247575318385,0
0,0.0646287732239877,0
0,0.853802086489428,1
0,0.019012541796887536,0
0,0.36811658246135615,0
0,0.004076171716645328,0
0,0.15303765835227734,0
0,0.1630031911336442,0
0,0.014555655349287006,0
0,0.35349533800082894,0
0,0.062592510220221,0
0,0.07301341101005071,0
0,0.143612721666606,0
0,0.15974566506434898,0
0,0.09345567666917634,0
0,0.011306224280507687,0
0,0.14720258458071833,0
0,0.2789813534161118,0
0,0.1254998684755427,0
0,0.43770995306853144,0
0,0.14006058598006643,0
0,0.20476534165279844,0
0,0.03395330791800821,0
0,0.2607816361808612,0
0,0.10164708289675403,0
0,0.3890384730813394,0
0,0.22948564277071906,0
0,0.1093942710032034,0
0,0.023397908720200786,0
0,0.0609088095085521,0
0,0.05195784019078,0
0,0.22119848048415672,0
0,0.11349477172505894,0
0,0.9633514180043938,1
0,0.06235745589964711,0
0,0.18395300236566076,0
0,0.15530995489426058,0
0,0.5841195203496339,1
0,0.1763570132860371,0
0,0.028285884880716688,0
0,0.016912598941207287,0
0,0.1125815932156758,0
0,0.2477088125511243,0
0,0.008695708625632133,0
0,0.5430146177689241,1
0,7.336367447773371e-05,0
0,0.050714186869712394,0
0,0.025651552882776273,0
0,0.7193134321563529,1
0,0.3494188287545951,0
0,0.34709039380736856,0
0,0.07947863608941846,0
0,0.32848808336956864,0
0,0.1985315406929806,0
0,0.9111188416818549,1
0,0.7207199176253617,1
0,0.08894919518835401,0
0,0.23196875952974494,0
0,0.2599013929356238,0
0,0.036337096827320524,0
0,0.4488853843723938,0
0,0.20650568276331213,0
0,0.11080901449060618,0
0,0.11484814351359894,0
0,0.11636524592220523,0
0,0.3303839852166382,0
0,0.07100537424654142,0
0,0.06456608683954052,0
0,0.08241446487197615,0
0,0.7195957602231859,1
0,0.17204675680352577,0
0,0.034025563227229216,0
0,0.10770188739967015,0
0,0.6497602219047972,1
0,0.11774961755495596,0
0,0.011486770404890186,0
0,0.10512611887664547,0
0,0.17886218508679919,0
0,0.10459644975167146,0
0,0.037746728546500775,0
0,0.08334341173305022,0
0,0.14497218817249158,0
0,0.03606458892671159,0
0,0.16484332344050567,0
0,0.5555841308496426,1
0,0.7232478587970128,1
0,0.24366359811367397,0
0,0.021345502657674,0
0,0.9657154990664175,1
0,0.18639902962725619,0
0,0.0767794824884931,0
0,0.07807463332418998,0
0,0.030232806074846925,0
0,0.12789824418624035,0
0,0.021058655847721222,0
0,0.06022112097005838,0
0,0.04118578566188179,0
0,0.5058874381283697,0
0,0.004230446923043818,0
0,0.23110510090431907,0
0,0.14688448989767916,0
0,0.7243115539174132,1
0,0.12626417733073256,0
0,0.7170902417270024,1
0,0.9572140385725126,1
0,0.017151467414026678,0
0,0.005578844062256275,0
0,0.03782940419804625,0
0,0.02608675910938681,0
0,0.4116339226932115,0
0,0.7931378684144021,1
0,0.06756684848549549,0
0,0.2217395575811839,0
0,0.05775673073014835,0
0,0.4504566594033973,0
0,0.20707394205737437,0
0,0.7412341949437832,1
0,0.060508595135687085,0
0,0.20796928859770714,0
0,0.09413430049573346,0
0,0.6566354704935788,1
0,0.06179002103877199,0
0,0.8912007165728646,1
0,0.34837893247902074,0
0,0.26975222950522376,0
0,0.8824677718966609,1
0,0.4124749160467356,0
0,0.6494409320740793,1
0,0.03273951798185066,0
0,0.10156231487372201,0
0,0.036695896126591694,0
0,0.09972029393363117,0
0,0.04478596653137932,0
0,0.019946785048745454,0
0,0.8328147867896588,1
0,0.0541636397399275,0
0,0.04520016439751927,0
0,0.0491901497441626,0
0,0.0005750937684533415,0
0,0.045379100205584506,0
0,0.14795226956494198,0
0,0.34214218404080277,0
0,0.5590032206373896,1
0,0.01345598468997523,0
0,0.18794464542740064,0
0,0.04729256791923471,0
0,0.014414110771073284,0
0,0.010243161957192765,0
0,0.0059050874830327655,0
0,0.10962004960578488,0
0,0.023961546275242624,0
0,0.0415980348491061,0
0,0.22281190888519092,0
0,0.1388287769452158,0
0,0.04089876375559957,0
0,0.02611954439499453,0
0,0.4256098827927865,0
0,0.03428369037644118,0
0,0.026992538256671954,0
0,0.5466627292109278,1
0,0.019999988770554457,0
0,0.21174718218174776,0
0,0.06339659751776762,0
0,0.1516105859137723,0
0,0.08431845058862955,0
0,0.3520924280769064,0
0,0.08597588910975063,0
0,0.019872314343919777,0
0,0.961281668735204,1
0,0.08648808715479021,0
0,0.05485294148641055,0
0,0.04673310481348231,0
0,0.0240702041040049,0
0,0.1448728967746583,0
0,0.0672260749326874,0
0,0.014281092517966516,0
0,0.4449397844707491,0
0,0.037738554297205525,0
0,0.4566892564461958,0
0,0.023816701660048997,0
0,0.3561179439704602,0
0,0.028535231192608968,0
0,0.11793899958561485,0
0,0.07962511594994724,0
0,0.2735784542851746,0
0,0.26041860027732927,0
0,0.8663649659518649,1
0,0.04770023702500069,0
0,0.1525468533717879,0
0,0.016773862539361917,0
0,0.03376639232837449,0
0,0.5143568913386337,1
0,0.06637950269068335,0
0,0.050774532903062476,0
0,0.4740708459000435,0
0,0.0921973611211038,0
0,0.01749268173658932,0
0,0.5659553617492782,1
0,0.6107572151168387,1
0,0.16343726428417724,0
0,0.11843372117578949,0
0,0.21935523259961975,0
0,0.42587591617874837,0
0,0.03987371628523279,0
0,0.38119248274346534,0
0,0.05838597766142675,0
0,0.014056051264041169,0
0,0.4328902766760791,0
0,0.03192968813706557,0
0,0.011471200784964601,0
0,0.37371491618406194,0
0,0.039842191806609945,0
0,0.20386746881091922,0
0,0.03314285762520434,0
0,0.13842873141614057,0
0,0.09878337106201505,0
0,0.30615000579042223,0
0,0.3412635415634597,0
0,0.1013991124180444,0
0,0.007364314554020669,0
0,0.049720951724272426,0
0,0.7488863462936659,1
0,0.02092876090048707,0
0,0.025420498713095954,0
0,0.04035269019097351,0
0,0.062417229312002005,0
0,0.5922731896821851,1
0,0.009642422637169187,0
0,0.44033217042679684,0
0,0.1381570249102305,0
0,0.05425032686120262,0
0,0.02843908841943874,0
0,0.026601762063431105,0
0,0.06354526004439257,0
0,0.9716329051914684,1
0,0.9719630967507628,1
0,0.7665559380785532,1
0,0.03221031531128909,0
0,0.8736833977088365,1
0,0.14849786174733545,0
0,0.13980266300320204,0
0,0.010046354189652579,0
0,0.07429501593523724,0
0,0.8624810047662885,1
0,0.06862885360712083,0
0,0.5702957473733643,1
0,0.00462647049270455,0
0,0.07446118045316899,0
0,0.016802862701916537,0
0,0.14129023664144605,0
0,0.1800342347921819,0
0,0.21553495976707676,0
0,0.01244440823117039,0
0,0.845482147661071,1
0,0.17487235614270172,0
0,0.3754140820953137,0
0,0.8558589977922114,1
0,0.424007303744395,0
0,0.26963695339932403,0
0,0.12148020465669084,0
0,0.016944027947326645,0
0,0.08287417335271852,0
0,0.027938162766495,0
0,0.0050376746794693695,0
0,0.5965115595924617,1
0,0.1567372560733911,0
0,0.024193405379562584,0
0,0.32339808169274054,0
0,0.05215438524047539,0
0,0.08561630540275346,0
0,0.27735411781562336,0
0,0.018116212165459375,0
0,0.20019337832382464,0
0,0.4679274578539016,0
0,0.03957649766967515,0
0,0.2502605149284601,0
0,0.039033162197383765,0
0,0.40469494700532943,0
0,0.21292699154569056,0
0,0.036439942954099115,0
0,0.09562757954672464,0
0,0.02720975577775623,0
0,0.9222832124866698,1
0,0.14909883447052777,0
0,0.09136032713536336,0
0,0.14834423718287268,0
0,0.8978803298185507,1
0,0.8016012781066241,1
0,0.6646905303488687,1
0,0.006578528118641522,0
0,0.853152121981292,1
0,0.054932212949778673,0
0,0.1349264511349602,0
0,0.11391604891285285,0
0,0.5451344205157317,1
0,0.10056509346145975,0
0,0.06962013277287912,0
0,0.23745626447969329,0
0,0.7258504114833049,1
0,0.17362173989040303,0
0,0.07204726139718304,0
0,0.14549558856996148,0
0,0.09657140951946377,0
0,0.059688274301070605,0
0,0.2612490387805175,0
0,0.015956520970078897,0
0,0.13749063047752902,0
0,0.08673281456541658,0
0,0.14717798359400605,0
0,0.08809583528544226,0
0,0.40784252853537384,0
0,0.08247899103996206,0
0,0.3378107983573783,0
0,0.2588482512698415,0
0,0.17442638700235913,0
0,0.06554792971918554,0
0,0.6401619676781732,1
0,0.18189431697907357,0
0,0.487227254526359,0
0,0.53921651396583,1
0,0.011769470263534913,0
0,0.02021152118947736,0
0,0.0526434827693229,0
0,0.30420663184434116,0
0,0.4442412713460433,0
0,0.8270025840890816,1
0,0.3956608410908466,0
0,0.8758654544902725,1
0,0.49055843956363526,0
0,0.0723303399473355,0
0,0.4008862083681516,0
0,0.05836352281868884,0
0,0.25157072027170024,0
0,0.8035984715919231,1
0,0.028547992408310303,0
0,0.42384030149877394,0
0,0.03792175289246499,0
0,0.31444116196310506,0
0,0.9238948279240633,1
0,0.04665800222008373,0
0,0.22195335852181464,0
0,0.014500508621543558,0
0,0.6086560146135447,1
0,0.1296733838326509,0
0,0.2672212058090784,0
0,0.08187299832198708,0
0,0.08537441484620174,0
0,0.2951488995423642,0
0,0.09094051971644457,0
0,0.04453183956408677,0
0,0.0432076441252165,0
0,0.05888059481015225,0
0,0.07767312676680699,0
0,0.2610960800132229,0
0,0.06640317364870578,0
0,0.009967056397981452,0
0,0.22773161007687007,0
0,0.17095975010477094,0
0,0.014815732626714283,0
0,0.15142146203841686,0
0,0.05180866521740179,0
0,0.0030077795930825487,0
0,0.10398793684678741,0
0,0.06690758354804713,0
0,0.09579653210257065,0
0,0.21847973527141065,0
0,0.35656923899297943,0
0,0.1648362890845703,0
0,0.032127721523465755,0
0,0.02300953654593614,0
0,0.46488667380994875,0
0,0.0344388089340348,0
0,0.0974336407330568,0
0,0.041736892008016,0
0,0.0991725247606566,0
0,0.1550088019534168,0
0,0.028468322860511344,0
0,0.3557879061316032,0
0,0.001399104082728265,0
0,0.21480643915706238,0
0,0.1297815707247656,0
0,0.4035995432857361,0
0,0.16631861402004092,0
0,0.45765255648898034,0
0,0.33591707312770247,0
0,0.12707290134744906,0
0,0.21880656154572467,0
0,0.032971847744779,0
0,0.047883851387594316,0
0,0.2757154125495891,0
0,0.23756969890346077,0
0,0.02559307002918576,0
0,0.23102081064348248,0
0,0.10612572267489716,0
0,0.01903323487421541,0
0,0.08874281131437818,0
0,0.004879573269533851,0
0,0.09388103995870907,0
0,0.0656079428034478,0
0,0.17998234407050934,0
0,0.2351510232273318,0
0,0.011984569044755276,0
0,0.03398654541991063,0
0,0.019619028065365265,0
0,0.06527811001162147,0
0,0.09209025647189766,0
0,0.6046510842104559,1
0,0.10951156583201672,0
0,0.13032370622726377,0
0,0.16582810019800745,0
0,0.2949718699240818,0
0,0.03500288085952819,0
0,0.36963088949170936,0
0,0.08835538970637069,0
0,0.474959058189877,0
0,0.12486948878158222,0
0,0.27404382016297874,0
0,0.3226638640830399,0
0,0.040709275354766164,0
0,0.1387723298546459,0
0,0.013503524010967953,0
0,0.007876461235011728,0
0,0.46425936256706707,0
0,0.21220096687018888,0
0,0.24864207966195512,0
0,0.05263726532796422,0
0,0.18331632813306392,0
0,0.10023068947378026,0
0,0.061039737029409846,0
0,0.013705624484345976,0
0,0.03873871841615168,0
0,0.41074764733167035,0
0,0.2208167433873265,0
0,0.09071864222192418,0
0,0.29042744878361376,0
0,0.18995448790206293,0
0,0.04554614019118095,0
0,0.0712585585154493,0
0,0.15015047352076688,0
0,0.4588320844981906,0
0,0.00808153639885011,0
0,0.16111234223540846,0
0,0.028347682041454172,0
0,0.06800253240461294,0
0,0.016314133848241732,0
0,0.274328911064188,0
0,0.12427657472474224,0
0,0.14026598659473735,0
0,0.10208289532610537,0
0,0.1731300384668448,0
0,0.059905824702157266,0
0,0.21980575584108542,0
0,0.7058890133408527,1
0,0.08870949920995705,0
0,0.14073341914235035,0
0,0.08084221344039078,0
0,0.3613737934875771,0
0,0.074512776877863,0
0,0.0429801404552781,0
0,0.04837234229353324,0
0,0.02335566513065828,0
0,0.04519902123051455,0
0,0.13127758705092865,0
0,0.5271570292793448,1
0,0.33379513007877704,0
0,0.028704876076319105,0
0,0.06561003523451278,0
0,0.07213674793802961,0
0,0.08758398301338335,0
0,0.04788459212998336,0
0,0.0195785716841862,0
0,0.40095640170706404,0
0,0.42596735845619343,0
0,0.19170112491167673,0
0,0.6240223538694915,1
0,0.13848716906901343,0
0,0.16850586553509203,0
0,0.12953563389564327,0
0,0.3323408736105679,0
0,0.08234845634624186,0
0,0.14762951468786012,0
0,0.029241071442818,0
0,0.45009058799988844,0
0,0.7586784140332591,1
0,0.904836493938557,1
0,0.007829491699011822,0
0,0.01143050575885269,0
0,0.5037564371338645,0
0,0.12514420037273655,0
0,0.19850074880958612,0
0,0.4836560808322252,0
0,0.08725849125581481,0
0,0.14401575899942812,0
0,0.07872059139957197,0
0,0.2020804697766658,0
0,0.05963138151930161,0
0,0.12440261827760428,0
0,0.4402835363122005,0
0,0.016744211094455685,0
0,0.04500858960711937,0
0,0.15785331923583767,0
0,0.26447699455320184,0
0,0.053848392274497975,0
0,0.11143906985936702,0
0,0.35121275364347,0
0,0.08964138686827236,0
0,0.7538471970895043,1
0,0.1885739912866766,0
0,0.003776614393079694,0
0,0.08557207373706842,0
0,0.008337038218809528,0
0,0.2532512220955168,0
0,0.07472338091894908,0
0,0.06404570408896819,0
0,0.15063026009466665,0
0,0.08954205339450041,0
0,0.04388288007382386,0
0,0.2594128357107447,0
0,0.5252618121852595,1
0,0.33714764931633806,0
0,0.10684061275271081,0
0,0.11204018895085767,0
0,0.020553393398711102,0
0,0.6916555943471081,1
0,0.049179431790608685,0
0,0.04097449940142643,0
0,0.05795125718370375,0
0,0.7861614268013444,1
0,0.18645338618727442,0
0,0.28168542233490174,0
0,0.7589643882410021,1
0,0.027250798089859713,0
0,0.06006457969673066,0
0,0.1064846282001425,0
0,0.24033413991521196,0
0,0.1765741825308466,0
0,0.0577963654692518,0
0,0.15253085333118446,0
0,0.24236769852182968,0
0,0.01893615214013837,0
0,0.01520522728395558,0
0,0.03929279546221033,0
0,0.061912843413347504,0
0,0.5113462637477086,1
0,0.07065217420177036,0
0,0.07290434096760187,0
0,0.13255393118206324,0
0,0.009706457470787936,0
0,0.03082837276496696,0
0,0.006631980499447604,0
0,0.03574103259034256,0
0,0.2890571121797495,0
0,0.02351445560264276,0
0,0.4330129405134234,0
0,0.2275574466316434,0
0,0.1507311225598195,0
0,0.027682797506082275,0
0,0.04507914323119805,0
0,0.11075807175634411,0
0,0.041514691640325944,0
0,0.603401026176967,1
0,0.10710809869708648,0
0,0.014842753544543499,0
0,0.74049353486241,1
0,0.4000812846880548,0
0,0.032063512220972756,0
0,0.47130142148784093,0
0,0.27446418197617184,0
0,0.006031965704704192,0
0,0.11279236119677957,0
0,0.03602228587101754,0
0,0.4684918165083679,0
0,0.4208282098263314,0
0,0.04654736586255824,0
0,0.054367244269886573,0
0,0.5710364585925435,1
0,0.009935464099852178,0
0,0.09296221388352106,0
0,0.009513596711067893,0
0,0.21623135746042796,0
0,0.040349049405939905,0
0,0.009231805316885288,0
0,0.1762883166257566,0
0,0.0780696456637784,0
0,0.06718561090890393,0
0,0.04102799375657557,0
0,0.4581371978607338,0
0,0.12524148303558985,0
0,0.2000183854633144,0
0,0.5958147008822484,1
0,0.5680472021577266,1
0,0.8315168884097083,1
0,0.015217315381618295,0
0,0.2033404074940272,0
0,0.1257066583044577,0
0,0.03008937886550817,0
0,0.026144864096106356,0
0,0.24735302920410446,0
0,0.28513770852886666,0
0,0.3040850033627916,0
0,0.9249136868752448,1
0,0.8520530767174591,1
0,0.2136784776285266,0
0,0.7680739531786158,1
0,0.14072357109370834,0
0,0.024233553093533443,0
0,0.017496301438165416,0
0,0.3869593377624745,0
0,0.014091809678689322,0
0,0.10050909747010223,0
0,0.8791709664564015,1
0,0.3867852404799445,0
0,0.18981682410358158,0
0,0.6918082134169807,1
0,0.03645490976887447,0
0,0.023931965834293887,0
0,0.035825363017249603,0
0,0.04392328133741398,0
0,0.05489934236451341,0
0,0.07772930132091155,0
0,0.03501153916194956,0
0,0.155649349278115,0
0,0.03720394468127419,0
0,0.05189974557013937,0
0,0.8931665530039848,1
0,0.06096608233601249,0
0,0.43029223353791207,0
0,0.5318328504621184,1
0,0.053357478343714355,0
0,0.0862685662893977,0
0,0.5775743040443846,1
0,0.27092021216360374,0
0,0.11555192135365325,0
0,0.029352504231500556,0
0,0.06218226208520446,0
0,0.07511384880717067,0
0,0.01999535471984789,0
0,0.1222156811572431,0
0,0.19807648338193562,0
0,0.009107434778322565,0
0,0.25587293720209503,0
0,0.15264696658288945,0
0,0.17652131485039482,0
0,0.029421286894633913,0
0,0.1813615296471162,0
0,0.3381963126679058,0
0,0.44382062731318694,0
0,0.00659057119071203,0
0,0.013105640120676864,0
0,0.29289821766835517,0
0,0.040085442245639945,0
0,0.18691780982480194,0
0,0.0421448229207903,0
0,0.45732415104066265,0
0,0.05714775197390873,0
0,0.3174400243964761,0
0,0.10148583108333731,0
0,0.0438402942851793,0
0,0.011774318300934714,0
0,0.045942914025687204,0
0,0.22264385304335818,0
0,0.22823616952599687,0
0,0.2751641973528923,0
0,0.03324467039984931,0
0,0.3404820882917175,0
0,0.13290496421552092,0
0,0.042376500129264395,0
0,0.6161946552169125,1
0,0.8402432976463006,1
0,0.7426723217010256,1
0,0.05791105572084417,0
0,0.9399094697176213,1
0,0.19139806752815766,0
0,0.008916348190567778,0
0,0.30452934227543305,0
0,0.6120121276527556,1
0,0.08052338280815216,0
0,0.12678143096463673,0
0,0.03203079198397792,0
0,0.29545591370049196,0
0,0.014938389791470228,0
0,0.10245240178964986,0
0,0.05228245109691222,0
0,0.63485700258714,1
0,0.21586873620835093,0
0,0.6649988714040745,1
0,0.8491843818202122,1
0,0.13801704577937024,0
0,0.06090923032369267,0
0,0.3528609985802943,0
0,0.06539107139137705,0
0,0.22268017211410523,0
0,0.6226853044201967,1
0,0.018134154084809773,0
0,0.11949162451388273,0
0,0.511264911697567,1
0,0.3410609987085662,0
0,0.12892081973466632,0
0,0.061260553215297935,0
0,0.12731632411669358,0
0,0.37775580350512855,0
0,0.07075313921105873,0
0,0.020616336043827843,0
0,0.0028377580952552274,0
0,0.04833602908994778,0
0,0.030379277808365135,0
0,0.36051118418401557,0
0,0.20183438259905603,0
0,0.7167304817307223,1
0,0.0243352670079311,0
0,0.10610713331230194,0
0,0.0034539650069841535,0
0,0.20583859552840653,0
0,0.061088542772386165,0
0,0.11710609717953599,0
0,0.1718531801713692,0
0,0.013084583502140153,0
0,0.11017208595199626,0
0,0.043288651410748634,0
0,0.27481012107948266,0
0,0.14926051404818322,0
0,0.008686328802393067,0
0,0.007216026297089958,0
0,0.2999307255611329,0
0,0.5047579747091308,0
0,0.17666479299986057,0
0,0.07014276919466086,0
0,0.15222386675399668,0
0,0.7597692792131818,1
0,0.03477871711832487,0
0,0.08964969876747825,0
0,0.0729812290616708,0
0,0.014909526525846404,0
0,0.0726351213501753,0
0,0.30389476786980624,0
0,0.008198160838561067,0
0,0.04318428617722454,0
0,0.1608591469241246,0
0,0.44188490188328833,0
0,0.05329506905800346,0
0,0.28599949426594073,0
0,0.019903239162473822,0
0,0.30601223420730184,0
0,0.7198447150028171,1
0,0.5021278448864374,0
0,0.011783285845459929,0
0,0.6792698987081007,1
0,0.37577867177914803,0
0,0.017129631419486525,0
0,0.19182080375211663,0
0,0.49023999864953616,0
0,0.05089112367898666,0
0,0.030449418094485523,0
0,0.020125322584203856,0
0,0.2907798998644796,0
0,0.30070185402204264,0
0,0.40563676442821106,0
0,0.36040187602961227,0
0,0.09244281115100982,0
0,0.03770813503778389,0
0,0.11531585656327509,0
0,0.3203839380815756,0
0,0.040603889926234815,0
0,0.05036012857959016,0
0,0.6594283024543995,1
0,0.10326227877832893,0
0,0.3446978220395721,0
0,0.3279887406165955,0
0,0.05274113937387249,0
0,0.4515520960416104,0
0,0.0489434175942102,0
0,0.5939280922593648,1
0,0.6788578006501471,1
0,0.009402215875487183,0
0,0.10531184807671677,0
0,0.04018190610869722,0
0,0.27420927997325173,0
0,0.29650922158401144,0
0,0.005865775558160235,0
0,0.08512828412953158,0
0,0.1371453083613904,0
0,0.015294418830506981,0
0,0.5182211109197081,1
0,0.2775488270653645,0
0,0.0270865375291404,0
0,0.02023025455065536,0
0,0.08686957977656426,0
0,0.022952187835034773,0
0,0.0774088128306888,0
0,0.22088536465306483,0
0,0.030348447074981563,0
0,0.6789261482606426,1
0,0.43383220746562057,0
0,0.777303057483402,1
0,0.481201683807285,0
0,0.5481396783307313,1
0,0.021357295101610576,0
0,0.11463601269154115,0
0,0.05856430087137507,0
0,0.033111531020214226,0
0,0.8079563119983714,1
0,0.024805061046890318,0
0,0.010982081180335355,0
0,0.10509138193096343,0
0,0.5984035035816541,1
0,0.5994718745333114,1
0,0.0721785356742846,0
0,0.056811199612265814,0
0,0.6002006248316749,1
0,0.4173343972886555,0
0,0.5002472260817551,0
0,0.06634701117099985,0
0,0.3183411029135253,0
0,0.2980616743104849,0
0,0.33002977345446405,0
0,0.39751933025226716,0
0,0.20766394832220464,0
0,0.02778783626523322,0
0,0.4731185532294209,0
0,0.02319988323107317,0
0,0.8645466878794141,1
0,0.2702647024077686,0
0,0.020192289074351725,0
0,0.0020192720086291025,0
0,0.10952253015280167,0
0,0.025755487728817562,0
0,0.03980949769789654,0
0,0.10461438134756666,0
0,0.15663928854736164,0
0,0.6794780229279719,1
0,0.013223684679605089,0
0,0.017310503421275512,0
0,0.1875192263289514,0
0,0.10217095333873938,0
0,0.2993890250184782,0
0,0.06751271108326774,0
0,0.2505923238412209,0
0,0.0945856220642963,0
0,0.4258049777714171,0
0,0.8633506193391972,1
0,0.013217193087908733,0
0,0.019235525029352347,0
0,0.3921033635909029,0
0,0.15108597831746573,0
0,0.08217012186738247,0
0,0.031741465482238516,0
0,0.04034244916871887,0
0,0.07117107318464007,0
0,0.4810189714459744,0
0,0.0441103320847359,0
0,0.1895726481001557,0
0,0.2444799400793423,0
0,0.02837321308820372,0
0,0.001574178702287206,0
0,0.07366217585613424,0
0,0.07877712024602873,0
0,0.4794106361385834,0
0,0.5971807840076631,1
0,0.026229415334514436,0
0,0.009038825539656731,0
0,0.017732088998585242,0
0,0.08389420451997773,0
0,0.01687907967571132,0
0,0.19410579672221134,0
0,0.000318665066844404,0
0,0.2859348779751884,0
0,0.29419884595634016,0
0,0.19230223923705894,0
0,0.1974644523635999,0
0,0.606169269905276,1
0,0.048266595894098714,0
0,0.11839667412472754,0
0,0.3015049184750506,0
0,0.06100322919556673,0
0,0.061850796268091764,0
0,0.04487985065742398,0
0,0.052306687817233515,0
0,0.052521759772719875,0
0,0.14410808657643617,0
0,0.2053862863629977,0
0,0.005742013617755002,0
0,0.027294542805369866,0
0,0.16827126407875923,0
0,0.781501442519222,1
0,0.1942266091633918,0
0,0.014993401691007682,0
0,0.012522012593712831,0
0,0.4683216527869724,0
0,0.3545193326856015,0
0,0.14253303184932226,0
0,0.8541797587600142,1
0,0.1843289983792158,0
0,0.225054958378272,0
0,0.012511039607268713,0
0,0.8947964711920183,1
0,0.020178262757530353,0
0,0.19001328775851406,0
0,0.6643383659025791,1
0,0.013496939203356192,0
0,0.046349854597217084,0
0,0.023432035816413534,0
0,0.007102396666005282,0
0,0.40800858218842856,0
0,0.2584090935299897,0
0,0.13073168836863855,0
0,0.6548822575842433,1
0,0.17178649268269774,0
0,0.04696485700541482,0
0,0.004052902520021444,0
0,0.05102482893125402,0
0,0.06663998085342827,0
0,0.0427600877777552,0
0,0.13805336812434665,0
0,0.023292655138162616,0
0,0.18379014534334417,0
0,0.09299638629749582,0
0,0.35896333914082795,0
0,0.001581541258119141,0
0,0.03865838953708168,0
0,0.1041750991577146,0
0,0.012715549794708193,0
0,0.4630124077166597,0
0,0.015301508381653174,0
0,0.37203556891311207,0
0,0.5259436882880645,1
0,0.20963133402220704,0
0,0.09652450525482184,0
0,0.2602286764156296,0
0,0.1158648491474484,0
0,0.041421977573401304,0
0,0.03319591874478465,0
0,0.17274442046368468,0
0,0.05072189132119015,0
0,0.022641519538490446,0
0,0.22480658745075963,0
0,0.24848862695044932,0
0,0.06429377978715482,0
0,0.12489620248966522,0
0,0.2012724909933817,0
0,0.27314639279446223,0
0,0.06855408295117678,0
0,0.158429851437612,0
0,0.37547975446421233,0
0,0.9778158608509975,1
0,0.03940323991649637,0
0,0.09451983860357287,0
0,0.010178814266681071,0
0,0.552450347574779,1
0,0.16229974992940818,0
0,0.014076602166280663,0
0,0.007677283800483147,0
0,0.013118270337047905,0
0,0.032980799630557306,0
0,0.06839293726067869,0
0,0.025009202413231763,0
0,0.4078762985328922,0
0,0.01265993866971712,0
0,0.013688200357805899,0
0,0.0948167247932004,0
0,0.12234049573907824,0
0,0.018922839054115733,0
0,0.056834525273680554,0
0,0.06842085112084582,0
0,0.02811625867750803,0
0,0.16236901165972675,0
0,0.0581230650545438,0
0,0.28284447023017023,0
0,0.1337202868090142,0
0,0.26517422999963036,0
0,0.08303130848591636,0
0,0.09524329693657066,0
0,0.2243685509083457,0
0,0.3347267149702289,0
0,0.9365080372214953,1
0,0.008620174070354045,0
0,0.3256851542676797,0
0,0.17573733978327824,0
0,0.013129709447253654,0
0,0.004604547021939048,0
0,0.15142167939438153,0
0,0.21133593007614696,0
0,0.29421566882076816,0
0,0.5018520679917285,0
0,0.27448444235287234,0
0,0.5877527040368776,1
0,0.48294539620372345,0
0,0.27754677865358274,0
0,0.08320071219396363,0
0,0.015733517730952027,0
0,0.09182996237759136,0
0,0.03946471508026935,0
0,0.31093462747207234,0
0,0.04871713569380819,0
0,0.1775804101726711,0
0,0.028207955449678204,0
0,0.08922756365034713,0
0,0.0010568708553038409,0
0,0.04508691256171897,0
0,0.225432242308257,0
0,0.19396484018721943,0
0,0.19411921307076027,0
0,0.5130145383959218,1
0,0.11203999190506336,0
0,0.12917143796982794,0
0,0.06587005432983283,0
0,0.10508956814065513,0
0,0.4153157959532081,0
0,0.4544179082315397,0
0,0.712829896320774,1
0,0.345444332690046,0
0,0.011715135414964063,0
0,0.13703858335334967,0
0,0.0889264127272557,0
0,0.12489844128644967,0
0,0.9863659710458215,1
0,0.42446988793277807,0
0,0.013723625992341665,0
0,0.02791479592618349,0
0,0.04134483925165596,0
0,0.01462585306994314,0
0,0.04877688198889316,0
0,0.03873778274463689,0
0,0.01706758816885769,0
0,0.02703584732993709,0
0,0.2669335360338294,0
0,0.05461026991769241,0
0,0.01846811665014096,0
0,0.03669069704875377,0
0,0.17673170138810412,0
0,0.9348679667157779,1
0,0.1099914827094621,0
0,0.013250156292828316,0
0,0.08599515722944297,0
0,0.23158647717476588,0
0,0.08187873643309769,0
0,0.020592048000233117,0
0,0.32025577722281723,0
0,0.06461006526650569,0
0,0.03109450396971184,0
0,0.09310810958881031,0
0,0.03175436634828931,0
0,0.014107221631083577,0
0,0.1639062351681817,0
0,0.002342167515697171,0
0,0.18040851190478568,0
0,0.023070376980509334,0
0,0.44733678882881783,0
0,0.17147126045341177,0
0,0.04245483576971271,0
0,0.12799118839936377,0
0,0.06892037821009264,0
0,0.05003378139223739,0
0,0.019929988183246036,0
0,0.014446116427337063,0
0,0.018771601374737486,0
0,0.4489414317477095,0
0,0.10876113020475635,0
0,0.7586426515290811,1
0,0.04129261219290951,0
0,0.16564604742916544,0
0,0.17328693620647312,0
0,0.5891821400942036,1
0,0.502131398269906,0
0,0.39222545128251185,0
0,0.08290100273766987,0
0,0.1849391141118975,0
0,0.14825648072402334,0
0,0.11291478601334369,0
0,0.40202954262939306,0
0,0.2271152911862495,0
0,0.015346415015477427,0
0,0.3012864472435346,0
0,0.026294519442505195,0
0,0.0815313206421253,0
0,0.045869572980945066,0
0,0.0260302344250315,0
0,0.08481208964601267,0
0,0.21569063569212193,0
0,0.09066121045021701,0
0,0.6975635117504557,1
0,0.002377348325881769,0
0,0.9909800493377425,1
0,0.16964761549072693,0
0,0.6503656912749072,1
0,0.20731332415426085,0
0,0.13262136835900185,0
0,0.5085673320177267,0
0,0.17914499531087963,0
0,0.03231020136967499,0
0,0.28929250309232096,0
0,0.19611523685204796,0
0,0.07607332433870051,0
0,0.06356841782968681,0
0,0.15020706958899696,0
0,0.6125549611900802,1
0,0.026287480401377374,0
0,0.8271496427594748,1
0,0.23353243534826756,0
0,0.6886267903557187,1
0,0.8507658568799233,1
0,0.1413683118481782,0
0,0.1723323000037137,0
0,0.036021743491236345,0
0,0.2822176896543822,0
0,0.15565657242269978,0
0,0.32293830516279803,0
0,0.007956614661355204,0
0,0.13101354888638855,0
0,0.11356441592149145,0
0,0.8384978751010487,1
0,0.04460784602972874,0
0,0.04444247515347525,0
0,0.13009532769134252,0
0,0.014639885872803257,0
0,0.4575726823850578,0
0,0.7254424154979049,1
0,0.2871759676144591,0
0,0.20047985938436017,0
0,0.09510641235895592,0
0,0.4194691076139207,0
0,0.20861477288267066,0
0,0.1130954602838997,0
0,0.10586830337374908,0
0,0.12474307984331892,0
0,0.7362089139932604,1
0,0.23256455712797794,0
0,0.54399904951893,1
0,0.3966416336915037,0
0,0.1663423256148618,0
0,0.9706385771917049,1
0,0.05511937118143792,0
0,0.7727656205217759,1
0,0.059876745018903305,0
0,0.33286838573923644,0
0,0.025851112959637972,0
0,0.14119396852272006,0
0,0.8532203281157014,1
0,0.10691703414517664,0
0,0.04179597573410169,0
0,0.06534066771298855,0
0,0.12154741124165998,0
0,0.6430382477642951,1
0,0.022641932010660466,0
0,0.8269915135307233,1
0,0.08727244426933553,0
0,0.5605142521937603,1
0,0.01388440388005775,0
0,0.15994132239921674,0
0,0.008099329830931168,0
0,0.31273273017877196,0
0,0.13636029353954213,0
0,0.21933089071745196,0
0,0.09108701512571023,0
0,0.299807057357854,0
0,0.04011190959367286,0
0,0.1988955540438817,0
0,0.05964720866134598,0
0,0.3359308319548547,0
0,0.17542753838809666,0
0,0.34963833268300976,0
0,0.02916138677870229,0
0,0.021743591871190928,0
0,0.03390242441998797,0
0,0.26901285206716175,0
0,0.014937875527615174,0
0,0.033683221358979755,0
0,0.06433867318781146,0
0,0.23105145568651525,0
0,0.06908318183147624,0
0,0.18053499593108488,0
0,0.2872272329438497,0
0,0.18247092596644593,0
0,0.1451712418644719,0
0,0.24814012486329873,0
0,0.14504844921986124,0
0,0.05043791775179612,0
0,0.48914730384698096,0
0,0.36193181725812107,0
0,0.15361427887079934,0
0,0.9773667440086841,1
0,0.43078508744043165,0
0,0.01912784946926028,0
0,0.7431321003685822,1
0,0.06599932019364724,0
0,0.07885616995116686,0
0,0.4452930452450951,0
0,0.305203849793523,0
0,0.0636502561484312,0
0,0.11049817437018646,0
0,0.07118747993332546,0
0,0.12257706362595885,0
0,0.026713727492401303,0
0,0.04222732757220701,0
0,0.0836865100519622,0
0,0.6726285348800791,1
0,0.35736023042119913,0
0,0.23353021228787216,0
0,0.49588940827743644,0
0,0.02267744914084917,0
0,0.06072820241251323,0
0,0.223958651686309,0
0,0.04000651398796811,0
0,0.035767434627299505,0
0,0.22952402413158693,0
0,0.07029436386857613,0
0,0.06932749029623446,0
0,0.8458630925110043,1
0,0.032915906470457675,0
0,0.33202328100879547,0
0,0.4293401225986614,0
0,0.021960493871230558,0
0,0.17112365266179935,0
0,0.10189354585843974,0
0,0.08275911196535349,0
0,0.10979815296335184,0
0,0.0115976423381782,0
0,0.013188776132830114,0
0,0.08433373724322972,0
0,0.04125860689462785,0
0,0.07778135612128954,0
0,0.8610784293540518,1
0,0.042337439618183044,0
0,0.7488089163510767,1
0,0.11292658391947406,0
0,0.4490210984200486,0
0,0.015120522799028384,0
0,0.020892669428615247,0
0,0.04274124095553558,0
0,0.011546740937189964,0
0,0.35994662989133647,0
0,0.5454383476062399,1
0,0.1741894482960058,0
0,0.0049209718271009594,0
0,0.6253516475022686,1
0,0.4373320747521295,0
0,0.0976886611126178,0
0,0.8439152681931344,1
0,0.31399730790376873,0
0,0.015725498309679672,0
0,0.015720912252672994,0
0,0.4701574013760328,0
0,0.17117626470262898,0
0,0.015024159089604161,0
0,0.19984486571864682,0
0,0.18930300907278322,0
0,0.02420127067035855,0
0,0.020662835910008885,0
0,0.0351711038087593,0
0,0.3374266169587982,0
0,0.14017441864372857,0
0,0.11701640777296472,0
0,0.001020709167502554,0
0,0.01570276418620169,0
0,0.8683685871060909,1
0,0.09271521119835732,0
0,0.06284420866753954,0
0,0.2387825102554637,0
0,0.4281990312617208,0
0,0.4638898145162806,0
0,0.0607199386490335,0
0,0.06468293524520109,0
0,0.11083325760045513,0
0,0.614941926777541,1
0,0.03068035907201689,0
0,0.14553219543707324,0
0,0.2597779275038064,0
0,0.011409753898932957,0
0,0.015220170496405993,0
0,0.06495322459434348,0
0,0.08550767457828114,0
0,0.7216045310321347,1
0,0.006225341950771826,0
0,0.04177005029406996,0
0,0.06616735272169494,0
0,0.1913090263437771,0
0,0.031936810042816455,0
0,0.023571461732913232,0
0,0.10981500112651994,0
0,0.37487901806870516,0
0,0.21857822739552604,0
0,0.0638628459913675,0
0,0.2519282420943872,0
0,0.029666416604127954,0
0,0.16646749279461912,0
0,0.6871381159938499,1
0,0.1262433040644083,0
0,0.0067780860126381865,0
0,0.5045389957477864,0
0,0.05336435762764379,0
0,0.45779404696318954,0
0,0.11779153027423646,0
0,0.00392625993501784,0
0,0.3167846102948243,0
0,0.01975864148752106,0
0,0.08207389083394771,0
0,0.04202266797313268,0
0,0.6099316109347801,1
0,0.07348930386054339,0
0,0.0758879822865251,0
0,0.012763203974164456,0
0,0.11304188573905985,0
0,0.2121636557340214,0
0,0.03375661060256653,0
0,0.3888707719745929,0
0,0.552615021388052,1
0,0.03958446899276612,0
0,0.12457219170206908,0
0,0.10919659314823157,0
0,0.030506621150382336,0
0,0.9056799395048291,1
0,0.19368361280166813,0
0,0.025594382319926112,0
0,0.2910553080431464,0
0,0.15103558767624936,0
0,0.4663281011784149,0
0,0.023469395946141586,0
0,0.09210289919169946,0
0,0.24728154196709973,0
0,0.3003074681803341,0
0,0.028869916090322464,0
0,0.8077960364408188,1
0,0.22602151954372612,0
0,0.04551804453822792,0
0,0.04848358579876442,0
0,0.13534817879718467,0
0,0.41544874706898605,0
0,0.20747538291612838,0
0,0.023288577441350662,0
0,0.9977157537045442,1
0,0.06423234788097747,0
0,0.17260010772643897,0
0,0.02478847833815753,0
0,0.044048898214904014,0
0,0.09059923285250228,0
0,0.0502196792853137,0
0,0.0871363892570457,0
0,0.1951224960295124,0
0,0.04072330194206675,0
0,0.06780230232300455,0
0,0.1787808066684947,0
0,0.6865255870712548,1
0,0.8903501717203242,1
0,0.5230025438741065,1
0,0.002395299625610545,0
0,0.012599541709657167,0
0,0.116621831031855,0
0,0.11058645819363129,0
0,0.16070039765814217,0
0,0.023436563588182892,0
0,0.05711895651321274,0
0,0.32646636987361166,0
0,0.0011803226247773977,0
0,0.03756845533459305,0
0,0.07677763775857607,0
0,0.14673431355055808,0
0,0.22242762728325471,0
0,0.33259059046970424,0
0,0.7556075650829499,1
0,0.5345395818496146,1
0,0.06290993219665804,0
0,0.015449601033070075,0
0,0.6154240325972772,1
0,0.022669507348337774,0
0,0.09089988992123045,0
0,0.20283166115340678,0
0,0.14103176749286356,0
0,0.01833917326793337,0
0,0.19109346101433597,0
0,0.01674213438908533,0
0,0.33870990669119005,0
0,0.9411662248655686,1
0,0.8011671623625936,1
0,0.13113581745049485,0
0,0.006514573481308092,0
0,0.0507983845049641,0
0,0.042629485662377356,0
0,0.11266151246560863,0
0,0.16830257029010268,0
0,0.9195675548545287,1
0,0.1901782937070117,0
0,0.02912113946535738,0
0,0.12515166108368558,0
0,0.24850134684514058,0
0,0.26476728578317155,0
0,0.8811857654425105,1
0,0.12623966468672065,0
0,0.3885798577899234,0
0,0.022445213612842765,0
0,0.6885604738859072,1
0,0.11381083442577025,0
0,0.005751421894821578,0
0,0.614555686700087,1
0,0.2905887968390383,0
0,0.23743747021925257,0
0,0.2844014414079024,0
0,0.19462686881420416,0
0,0.17669549913454705,0
0,0.12346916137897898,0
0,0.07126940912483207,0
0,0.31582610062494426,0
0,0.0909609392928678,0
0,0.09723908462060679,0
0,0.17374022408535447,0
0,0.03424394802143753,0
0,0.023718980393204497,0
0,0.26058054631191624,0
0,0.13921852819959343,0
0,0.12917260048649803,0
0,0.2619396784786381,0
0,0.16389251573969776,0
0,0.12954645265201734,0
0,0.5073588711936334,0
0,0.12362594780678643,0
0,0.026101362842592964,0
0,0.19167459509236803,0
0,0.40651673994404064,0
0,0.08540451578404322,0
0,0.12625702241677186,0
0,0.36576504010619254,0
0,0.021041930188585738,0
0,0.03791279953667441,0
0,0.03937116349028813,0
0,0.7853183311915043,1
0,0.3701356339823185,0
0,0.059955525803529856,0
0,0.16294903008963033,0
0,0.04046736352461649,0
0,0.807560926086275,1
0,0.4324358882795943,0
0,0.9005551532897634,1
0,0.023633984079535184,0
0,0.3184981153023691,0
0,0.01847393063876595,0
0,0.3491112422341469,0
0,0.1845591272402045,0
0,0.5434054387169838,1
0,0.5120921440433633,1
0,0.47819803012727496,0
0,0.5419833379449595,1
0,0.20179075173282024,0
0,0.07012633741141018,0
0,0.0025183229050199144,0
0,0.28036263868658406,0
0,0.19752290562741176,0
0,0.08747037540382832,0
0,0.27701744868897915,0
0,0.06456873625197664,0
0,0.37297672431288664,0
0,0.04172130565688348,0
0,0.28233076285349784,0
0,0.05652514640354918,0
0,0.0337777258149183,0
0,0.2083919457756712,0
0,0.21398779726271033,0
0,0.48076734014068295,0
0,0.24776695408672086,0
0,0.038545360739958553,0
0,0.8756899708860703,1
0,0.39527374503331664,0
0,0.26023123136289006,0
0,0.491525472758024,0
0,0.2217767451794944,0
0,0.0045079814331316585,0
0,0.018164638021710616,0
0,0.09877999589164181,0
0,0.12824877716457048,0
0,0.17713514269748365,0
0,0.4419160345338612,0
0,0.23126917113332143,0
0,0.06579545254491274,0
0,0.04247921561452382,0
0,0.028755903134120235,0
0,0.8290168847089336,1
0,0.017609990708968938,0
0,0.13564304218885284,0
0,0.0899400632900585,0
0,0.004997584650707978,0
0,0.04976718923186647,0
0,0.3711397950995096,0
0,0.042657649057987114,0
0,0.9767817021559922,1
0,0.001922152964821118,0
0,0.07336613349051682,0
0,0.044609783905430356,0
0,0.1458190919936926,0
0,0.013354199263196724,0
0,0.09621623584089135,0
0,0.02748032453671633,0
0,0.06394684572588431,0
0,0.5592233667940285,1
0,0.1799277264694356,0
0,0.004672061336510101,0
0,0.1995696271695395,0
0,0.10156397604610608,0
0,0.44181071629245183,0
0,0.028328178637679037,0
0,0.15299650667723622,0
0,0.2189476438254261,0
0,0.4846342836973915,0
0,0.9250087255354944,1
0,0.12535281271456722,0
0,0.0173090377555814,0
0,0.11884778168602911,0
0,0.2116282035103729,0
0,0.7831164572224186,1
0,0.050006368333870226,0
0,0.24674231639199687,0
0,0.07016952929540757,0
0,0.02206656101135711,0
0,0.9947686393105073,1
0,0.2512293595201835,0
0,0.15411506149136572,0
0,0.1902161202221696,0
0,0.06068043059290185,0
0,0.06546682427343233,0
0,0.13277712087037583,0
0,0.10250368896687445,0
0,0.057322358721931574,0
0,0.00922870802559899,0
0,0.023632177867855535,0
0,0.11973981393091379,0
0,0.34600550582525025,0
0,0.027933840938289673,0
0,0.05793019469680878,0
0,0.9537383610200166,1
0,0.008605994226302847,0
0,0.09957384511075562,0
0,0.17083567661756055,0
0,0.48656320958379057,0
0,0.08754817103302949,0
0,0.13701668152761134,0
0,0.22160009889830387,0
0,0.047544308586040564,0
0,0.28426299145699874,0
0,0.24788007767266648,0
0,0.1744241070682755,0
0,0.024282453007655788,0
0,0.07960067692848057,0
0,0.2583305259740906,0
0,0.4901721900512418,0
0,0.6167533854320285,1
0,0.25490532282398654,0
0,0.16232507061834303,0
0,0.08533939175217611,0
0,0.46448057489948025,0
0,0.4051581192877232,0
0,0.096859524950444,0
0,0.00659895914477609,0
0,0.020429294447411653,0
0,0.5919446913750469,1
0,0.49031066104672927,0
0,0.19011317710318099,0
0,0.043123205868835945,0
0,0.03045985435592915,0
0,0.06723139121349264,0
0,0.021944826183911935,0
0,0.09407324506832433,0
0,0.4430147091284775,0
0,0.44404837296713606,0
0,0.09430154307460359,0
0,0.0429383445074755,0
0,0.06382038447451277,0
0,0.40472918270285346,0
0,0.008703879412934153,0
0,0.4236534123262087,0
0,0.0919398914704461,0
0,0.037018245374454035,0
0,0.20277047769923356,0
0,0.2057158495644248,0
0,0.04854559332762631,0
0,0.6716418154622117,1
0,0.06560196649245227,0
0,0.047344291071744954,0
0,0.015408892129834179,0
0,0.1190056451624566,0
0,0.5969675068380101,1
0,0.12313985530003274,0
0,0.24074037738272144,0
0,0.027249033080021738,0
0,0.3351717239754127,0
0,0.627394105329459,1
0,0.2082262714738147,0
0,0.20831036833822802,0
0,0.10948655861385763,0
0,0.011590699878992144,0
0,0.2548354826311145,0
0,0.33983950375768196,0
0,0.37098400556136313,0
0,0.6817609048089794,1
0,0.11799569320840667,0
0,0.41725926240436384,0
0,0.3551374806509532,0
0,0.24953135682220534,0
0,0.00819775838811519,0
0,0.18923754508126622,0
0,0.013602842786078656,0
0,0.07725032465913596,0
0,0.07844096179292367,0
0,0.16122525645738142,0
0,0.03320836197956214,0
0,0.008188901749581323,0
0,0.028851225894513697,0
0,0.058420824832215425,0
0,0.2042620900117347,0
0,0.11043457109986526,0
0,0.09872203684108409,0
0,0.048929245070288035,0
0,0.06134220378485805,0
0,0.11826756477454749,0
0,0.03728744645205634,0
0,0.5184761611047358,1
0,0.08546122131110143,0
0,0.9922876625666958,1
0,0.8866771259957694,1
0,0.28709407261087333,0
0,0.24954609557825397,0
0,0.01718227012864069,0
0,0.10429474733567325,0
0,0.2702729712291313,0
0,0.1451825990467274,0
0,0.27330935942753115,0
0,0.047103983529658756,0
0,0.1037362082980237,0
0,0.10879311739535302,0
0,0.7462062923509549,1
0,0.02918593076724127,0
0,0.09758759443419805,0
0,0.03976875876760839,0
0,0.18831557363248375,0
0,0.10377095842736363,0
0,0.6841139144855463,1
0,0.04457856806864703,0
0,0.05915502839625165,0
0,0.5169393212710789,1
0,0.20801354832877855,0
0,0.2325497597712736,0
0,0.04602265432402978,0
0,0.16542148375664473,0
0,0.2846524723452117,0
0,0.15197697668783477,0
0,0.22007264607763805,0
0,0.02760519520748508,0
0,0.23824347317838815,0
0,0.039394237463631826,0
0,0.17062811372303058,0
0,0.18330782800859613,0
0,0.07047127526522712,0
0,0.1273821108388272,0
0,0.03644139845002364,0
0,0.6062968742726181,1
0,0.14779763166646812,0
0,0.36567122950367403,0
0,0.2825435506133368,0
0,0.018054829610112344,0
0,0.005270187673239971,0
0,0.16424299018180114,0
0,0.07084021938692357,0
0,0.20685243544511284,0
0,0.1085990648765937,0
0,0.04190566662504875,0
0,0.04279747600938689,0
0,0.2315471108055171,0
0,0.007040577689200772,0
0,0.005335909062401186,0
0,0.10194868231159271,0
0,0.01130419804429339,0
0,0.39898063298942193,0
0,0.1055270387103349,0
0,0.05271279536200624,0
0,0.0033670958179737487,0
0,0.9517491894698956,1
0,0.5758954050742678,1
0,0.16086902295919714,0
0,0.056887112857156676,0
0,0.6460843935762287,1
0,0.29952719620867896,0
0,0.06273280539002594,0
0,0.1295920765107489,0
0,0.04789884603995182,0
0,0.019716873582310206,0
0,0.39706840108727315,0
0,0.05841656394405091,0
0,0.35678676944362087,0
0,0.07388785888256508,0
0,0.7893201036772262,1
0,0.059729516037542466,0
0,0.11713919016973066,0
0,0.5966369042144114,1
0,0.17153045346764237,0
0,0.07196905490365768,0
0,0.03472668335983019,0
0,0.3776766742782005,0
0,0.023681863074555203,0
0,0.7340493976522028,1
0,0.15639945100148195,0
0,0.18638986871664515,0
0,0.010281409210018145,0
0,0.16388380369683295,0
0,0.3399753312411347,0
0,0.19908461240833436,0
0,0.008453165347277334,0
0,0.010057636704626241,0
0,0.30013399628772075,0
0,0.1017230532457087,0
0,0.04137315334774739,0
0,0.0035885536229248,0
0,0.6834683037570676,1
0,0.09176640442121851,0
0,0.11582122084066755,0
0,0.0368468468431466,0
0,0.1364316760772516,0
0,0.03305204264604339,0
0,0.06425768814585979,0
0,0.4738640763668294,0
0,0.14230353579856334,0
0,0.10119957849691703,0
0,0.22422443304854836,0
0,0.5967830651048812,1
0,0.030556830312948393,0
0,0.45509538585713344,0
0,0.771305987319358,1
0,0.06880585510048198,0
0,0.33105125710931266,0
0,0.15100466022253264,0
0,0.1962511877861911,0
0,0.8488666530191777,1
0,0.060049752505573206,0
0,0.025781767804482388,0
0,0.08928144211135255,0
0,0.10174277375828812,0
0,0.08621790032993455,0
0,0.2605690669815997,0
0,0.2628585631404079,0
0,0.04279870457269625,0
0,0.23632768355016998,0
0,0.08233927622511712,0
0,0.07415908316034696,0
0,0.8765937152802129,1
0,0.33390494026284867,0
0,0.35895033388969694,0
0,0.3623247886838722,0
0,0.27391132941975443,0
0,0.23550457066542907,0
0,0.26004925961306247,0
0,0.24006124053722047,0
0,0.16833229253732876,0
0,0.068655139173629,0
0,0.5844076053161052,1
0,0.18078643858786278,0
0,0.11901309127323988,0
0,0.5455164338743679,1
0,0.07739042169721286,0
0,0.13063410576244935,0
0,0.03430947589151683,0
0,0.23514177538820435,0
0,0.1677859047197337,0
0,0.018004830556086926,0
0,0.8229073058344893,1
0,0.002816587969218943,0
0,0.013815208209680909,0
0,0.28774840342394614,0
0,0.32373585318524856,0
0,0.1612813684189498,0
0,0.07110189478406509,0
0,0.1047058732432906,0
0,0.374538882188405,0
0,0.19734683708129247,0
0,0.006819539940227978,0
0,0.0832654879032223,0
0,0.042465100498806814,0
0,0.0053600402780866205,0
0,0.5107931465684843,0
0,0.1805779282285505,0
0,0.1831811132893457,0
0,0.016251777573143604,0
0,0.11513019298503865,0
0,0.012568946398613268,0
0,0.7283966671448137,1
0,0.05511025229969661,0
0,0.33392090889752285,0
0,0.4463683817715983,0
0,0.5626360891502105,1
0,0.12213738590073589,0
0,0.1514779974648458,0
0,0.5167730681772121,1
0,0.04801649552110376,0
0,0.41829294215330926,0
0,0.013231528063791362,0
0,0.12012036758192983,0
0,0.5425349852424024,1
0,0.39580320033542704,0
0,0.16484972968953315,0
0,0.5719541429661366,1
0,0.020516765021216965,0
0,0.045187390607242924,0
0,0.5153208381926428,1
0,0.06727468165869033,0
0,0.1707373702586251,0
0,0.07421695323768654,0
0,0.06243159028265757,0
0,0.15365639020833005,0
0,0.6198435969063314,1
0,0.1359516697307175,0
0,0.6467949158853832,1
0,0.2170142722377526,0
0,0.010574366401327305,0
0,0.5362505757308718,1
0,0.41189688331786806,0
0,0.13066686210347722,0
0,0.11847260573027518,0
0,0.25265932011390535,0
0,0.15909518613008786,0
0,0.036112534152696246,0
0,0.3727954645977557,0
0,0.08809036367740034,0
0,0.01499389792055304,0
0,0.03280544635331927,0
0,0.01175096378866589,0
0,0.02038251471316721,0
0,0.07642587457189158,0
0,0.9146570497446197,1
0,0.025743048710298762,0
0,0.07936648574047755,0
0,0.3671215807185417,0
0,0.2169858107629051,0
0,0.0202766788240022,0
0,0.29990573873946713,0
0,0.26773386555368994,0
0,0.08738740190099104,0
0,0.18202906581592304,0
0,0.2558563234297344,0
0,0.08037963763575888,0
0,0.6025847644464961,1
0,0.47237696511283983,0
0,0.5928950027420816,1
0,0.08009510686518548,0
0,0.03936045556686958,0
0,0.041173952841924474,0
0,0.04389465360715749,0
0,0.003474911124218099,0
0,0.3351681526404826,0
0,0.3674311938571467,0
0,0.08608581299601915,0
0,0.04982299124680877,0
0,0.5128914051850966,1
0,0.08315396948777519,0
0,0.061968947619072214,0
0,0.0068529313089027225,0
0,0.09508363527537286,0
0,0.01311856560763047,0
0,0.04274685356593922,0
0,0.4673462315200243,0
0,0.20209602782955213,0
0,0.06636164979998393,0
0,0.04866876091646702,0
0,0.03412830659399732,0
0,0.26804658750488525,0
0,0.12038773006434304,0
0,0.313360722366547,0
0,0.3696843339744445,0
0,0.0111374259788623,0
0,0.09510537408390862,0
0,0.05560769766611312,0
0,0.03715537710534695,0
0,0.16229768324758215,0
0,0.3553482610753486,0
0,0.2156025179468013,0
0,0.11645792041980474,0
0,0.002061564517110005,0
0,0.341994689127914,0
0,0.2467898077123387,0
0,0.06404597646372787,0
0,0.05383431251359529,0
0,0.16541917232211095,0
0,0.09760681021823647,0
0,0.3219362659360735,0
0,0.47320053574167115,0
0,0.00816168911676829,0
0,0.04852940294303366,0
0,0.32055247875973236,0
0,0.049770703228270013,0
0,0.6675458256161219,1
0,0.053882378091557194,0
0,0.13363355913099093,0
0,0.2394590978317112,0
0,0.13158617180124624,0
0,0.09356075073570194,0
0,0.912660804058122,1
0,0.032968635387218996,0
0,0.5501922139680531,1
0,0.006128892640997884,0
0,0.11713460235084054,0
0,0.011375464863108455,0
0,0.0767838873741874,0
0,0.035421197392686544,0
0,0.09443061423759944,0
0,0.07443216671561227,0
0,0.04625695220491496,0
0,0.1294167128844539,0
0,0.012158644420007638,0
0,0.515121463458341,1
0,0.013461939108245006,0
0,0.23373283701627523,0
0,0.25829269690868745,0
0,0.022602513757752893,0
0,0.4205253739663196,0
0,0.08015251050465406,0
0,0.023987559741648293,0
0,0.11659061692219015,0
0,0.05265260602881362,0
0,0.15622011233053495,0
0,0.1860303227219631,0
0,0.04928474188717055,0
0,0.19869088545530122,0
0,0.007135989789974281,0
0,0.04553651610976295,0
0,0.033726525620777326,0
0,0.04749397816457631,0
0,0.7214418537989725,1
0,0.08880617250445252,0
0,0.05313872406044878,0
0,0.07878940913077502,0
0,0.3323336867694928,0
0,0.09566626400748358,0
0,0.2917299533901242,0
0,0.26408319721849155,0
0,0.7672233689439291,1
0,0.38116039056999346,0
0,0.3676180961082523,0
0,0.04213303026841682,0
0,0.20218064170654815,0
0,0.22523224721336488,0
0,0.2043332891618855,0
0,0.17465848668192582,0
0,0.04577976707950053,0
0,0.15297521052946994,0
0,0.21129830626440102,0
0,0.16962886541642053,0
0,0.04242746248458156,0
0,0.013324127441747949,0
0,0.3619683354528354,0
0,0.10599602402613316,0
0,0.04420403243680915,0
0,0.2604336440389559,0
0,0.03877434588541485,0
0,0.1078234563317631,0
0,0.6051434577334879,1
0,0.029104131619341805,0
0,0.28795022331224357,0
0,0.7025170828226721,1
0,0.24683030069649664,0
0,0.08968968596750429,0
0,0.7798898133373926,1
0,0.7154890781412224,1
0,0.09112648264161037,0
0,0.2145754143142838,0
0,0.09149304274334219,0
0,0.7104600055647111,1
0,0.8650411209494229,1
0,0.05024947730167574,0
0,0.1530187783994425,0
0,0.009164869387530342,0
0,0.03886315203053975,0
0,0.1758953055435771,0
0,0.048532633084707226,0
0,0.36063766371240846,0
0,0.14914325161191086,0
0,0.07120089625187148,0
0,0.07827201590621223,0
0,0.020744701787062208,0
0,0.2638244511777793,0
0,0.38471673474684415,0
0,0.03704695854422397,0
0,0.01874780133302841,0
0,0.1151623154097155,0
0,0.15187400824537023,0
0,0.18931437934959122,0
0,0.0329606816842752,0
0,0.1088006807408687,0
0,0.556509116227247,1
0,0.14314742884713771,0
0,0.13159348679359517,0
0,0.12837438107450388,0
0,0.2634453681234595,0
0,0.20930875220219228,0
0,0.007958953396489133,0
0,0.33462546223427553,0
0,0.00208532843711557,0
0,0.04201913926328285,0
0,0.01517423946546434,0
0,0.022429174676485378,0
0,0.3227297502026074,0
0,0.8226708436844645,1
0,0.0779366819105145,0
0,0.024435876787134155,0
0,0.02518486296011955,0
0,0.2592769029820953,0
0,0.07585395034814474,0
0,0.5746280802986842,1
0,0.056732745659780606,0
0,0.007856136490925416,0
0,0.0571032376293916,0
0,0.12456431343233383,0
0,0.0533989622590366,0
0,0.035277219992334796,0
0,0.061191571539403515,0
0,0.39472602980798444,0
0,0.3565573441452887,0
0,0.18841782473137114,0
0,0.06730024388152782,0
0,0.08058948993396495,0
0,0.150631300328452,0
0,0.3482470877130976,0
0,0.0052933842294740855,0
0,0.12137722102586632,0
0,0.09753574923360282,0
0,0.008481637057624268,0
0,0.015539525614071216,0
0,0.16826515864863506,0
0,0.18505691002879673,0
0,0.045496230657166806,0
0,0.025867859204902956,0
0,0.05866474359190731,0
0,0.2173630514614367,0
0,0.01609077897967729,0
0,0.49480238620995093,0
0,0.039115548825896206,0
0,0.545526726898365,1
0,0.03515441642734105,0
0,0.4514507266405904,0
0,0.015438723509571666,0
0,0.05704212191287428,0
0,0.02235246569841986,0
0,0.0068182652281280065,0
0,0.6481511696693362,1
0,0.10678799553230586,0
0,0.5561991121313854,1
0,0.0023767375431772127,0
0,0.04477560836730553,0
0,0.19033462182090338,0
0,0.0551263848840442,0
0,0.03405957972170363,0
0,0.3964869082861939,0
0,0.3509037762510618,0
0,0.24530611151140622,0
0,0.7863569380157092,1
0,0.17570044646674943,0
0,0.21087532385173416,0
0,0.09846544583613742,0
0,0.08076331883503315,0
0,0.027435792228112255,0
0,0.0012030507429983551,0
0,0.029104429797542176,0
0,0.029641014908057026,0
0,0.01506649358687775,0
0,0.03615300053274059,0
0,0.5916764931548155,1
0,0.1912239256673995,0
0,0.05747791033218386,0
0,0.3112183386581958,0
0,0.027029187114646466,0
0,0.09020486185869513,0
0,0.25189631775300614,0
0,0.7104241810680613,1
0,0.1339491017476043,0
0,0.13812192361278075,0
0,0.38512049397127607,0
0,0.746734415304668,1
0,0.13936708620340277,0
0,0.06131504856631644,0
0,0.2619086200560152,0
0,0.01950397839816672,0
0,0.021408766084309132,0
0,0.33020449250222045,0
0,0.8006525861831667,1
0,0.7224637644321542,1
0,0.046102956951837464,0
0,0.7032146790758869,1
0,0.4964759623104879,0
0,0.0364404538227702,0
0,0.07798415869377823,0
0,0.1413784331507385,0
0,0.1481579607937567,0
0,0.6634668403133445,1
0,0.20309342095141794,0
0,0.5036091607731793,0
0,0.1202500956318786,0
0,0.2979198214698379,0
0,0.754116399708639,1
0,0.12761765046973106,0
0,0.35562228077283536,0
0,0.0077155644459419685,0
0,0.03751968196327526,0
0,0.15530658126628033,0
0,0.022403466824644357,0
0,0.02054096320177026,0
0,0.23290274524370463,0
0,0.0527724901387089,0
0,0.5315825080800453,1
0,0.1302625261333413,0
0,0.24577624465012515,0
0,0.10145841271505174,0
0,0.026544339751839643,0
0,0.34401274771093965,0
0,0.3824792056315672,0
0,0.09408013412477058,0
0,0.016282660214483557,0
0,0.10863099700032389,0
0,0.038866163574891505,0
0,0.0964970578333151,0
0,0.03201129731595202,0
0,0.1610317474625817,0
0,0.07609831623845076,0
0,0.016650896292297854,0
0,0.369428774204447,0
0,0.0494150578638424,0
0,0.07525937562053374,0
0,0.08346271092977248,0
0,0.03210760472189082,0
0,0.807027104190501,1
0,0.09653997308727161,0
0,0.10226744056318161,0
0,0.11669477785432295,0
0,0.7497850328845339,1
0,0.047050332923240394,0
0,0.026609571133903758,0
0,0.032097127311015335,0
0,0.5307894421429481,1
0,0.3570277203273492,0
0,0.43048795013281144,0
0,0.36798017138301886,0
0,0.6864696901232266,1
0,0.38800708815751744,0
0,0.062119517785071486,0
0,0.9307913150149727,1
0,0.031110811335056932,0
0,0.030964042496735338,0
0,0.6271269238765561,1
0,0.4910932290343249,0
0,0.07537563889411805,0
0,0.05574885610518563,0
0,0.36956606474817744,0
0,0.08052524816261472,0
0,0.5720362565919527,1
0,0.21334665917263235,0
0,0.07640330906503146,0
0,0.06021445909552368,0
0,0.019069463548568706,0
0,0.07243489131750509,0
0,0.45803296650183384,0
0,0.026205170521379714,0
0,0.07160260411617021,0
0,0.5239993598734605,1
0,0.5405222254497914,1
0,0.057014062661827764,0
0,0.8800996161575521,1
0,0.5442246949541917,1
0,0.8707502983945877,1
0,0.938987243861238,1
0,0.18725998356898685,0
0,0.7479209369825752,1
0,0.3480580253058444,0
0,0.04147615406026936,0
0,0.3999418958631717,0
0,0.13949836728534565,0
0,0.06284167804568043,0
0,0.032841358488932104,0
0,0.2982295140915907,0
0,0.03740935833161517,0
0,0.078336838304396,0
0,0.41338225789474276,0
0,0.1329577521137198,0
0,0.027671655798799478,0
0,0.012304136822512607,0
0,0.9746053349100537,1
0,0.46447551908565826,0
0,0.004355097734838782,0
0,0.17525069355659273,0
0,0.35191137559683217,0
0,0.08077842821796118,0
0,0.24949083062512672,0
0,0.15653014022780196,0
0,0.0072177899641929265,0
0,0.06664965290512084,0
0,0.8181011457303213,1
0,0.07265921715943426,0
0,0.46604326276327274,0
0,0.498085026020694,0
0,0.052936651602806285,0
0,0.016704227866334277,0
0,0.2894022256154294,0
0,0.5548444651723762,1
0,0.09276910528876779,0
0,0.4112534537730455,0
0,0.8915856469942411,1
0,0.7052316278801538,1
0,0.029798869679815838,0
0,0.9344569364686379,1
0,0.07534496675021732,0
0,0.11342444380572521,0
0,0.19114486658787627,0
0,0.024463015645060097,0
0,0.03876421644808794,0
0,0.9160545978809019,1
0,0.06134658748811051,0
0,0.036909005085934074,0
0,0.07823970942066834,0
0,0.004070625401383841,0
0,0.0805450695942541,0
0,0.19336735685141251,0
0,0.012065132390660146,0
0,0.1003566766158326,0
0,0.21653050155289466,0
0,0.27435576312539606,0
0,0.3919937974827899,0
0,0.23830169733893625,0
0,0.018671415088546826,0
0,0.6197533244347889,1
0,0.09918596403204945,0
0,0.07948388441365477,0
0,0.9112310292513505,1
0,0.038621568188445685,0
0,0.10508789797570514,0
0,0.7452256954550266,1
0,0.35184413315177726,0
0,0.1302258634401309,0
0,0.003718091728826353,0
0,0.15350326186625018,0
0,0.6143179591730887,1
0,0.4720822130683944,0
0,0.006858242703890464,0
0,0.1886096264370535,0
0,0.8150572114024167,1
0,0.040573742929177925,0
0,0.2140127471953521,0
0,0.07598820492928525,0
0,0.005915705240667437,0
0,0.2979214218966338,0
0,0.025536084556975848,0
0,0.3515804619737653,0
0,0.7630297836400908,1
0,0.014017955770624603,0
0,0.07578220727694436,0
0,0.36343127999677854,0
0,0.23771876673911907,0
0,0.06374672112572542,0
0,0.5013902698603594,0
0,0.007192839490365374,0
0,0.3160882067127856,0
0,0.5746104046672703,1
0,0.0706187195453105,0
0,0.08035363495708753,0
0,0.10737060637826588,0
0,0.08319294451756146,0
0,0.6874653086140876,1
0,0.5575954476500485,1
0,0.029937004395338918,0
0,0.013855736774886948,0
0,0.2680259095822835,0
0,0.018826745308370283,0
0,0.6933671118627942,1
0,0.3708512211254221,0
0,0.02885241967019847,0
0,0.3856759807099264,0
0,0.2573177885943667,0
0,0.3023142821332568,0
0,0.4279270869445368,0
0,0.12994185819045287,0
0,0.013876938454776624,0
0,0.04406707791654583,0
0,0.04785542700978401,0
0,0.2624518878924548,0
0,0.1650850642114361,0
0,0.36432784481089014,0
0,0.1318751713060498,0
0,0.668329200790874,1
0,0.01757518765474902,0
0,0.10538904002996886,0
0,0.052966435943126416,0
0,0.15179870770098353,0
0,0.4169631787808772,0
0,0.016698498165055534,0
0,0.10508377675175427,0
0,0.19577743937494427,0
0,0.25397984514184263,0
0,0.3542205462262778,0
0,0.08801458567531778,0
0,0.3400547143247029,0
0,0.9872907565401084,1
0,0.03383528711052327,0
0,0.05219297751350377,0
0,0.15171948406392138,0
0,0.3238710039161549,0
0,0.10416557547765885,0
0,0.11977812770247731,0
0,0.19156178711944644,0
0,0.08812246700824147,0
0,0.7375809570909957,1
0,0.14127042501994733,0
0,0.04725272251068853,0
0,0.24550841344846558,0
0,0.180000742100031,0
0,0.4556719436663996,0
0,0.8144664234129726,1
0,0.03567511516119971,0
0,0.006581716507908857,0
0,0.14219018572630213,0
0,0.07219987309238993,0
0,0.04113122743391203,0
0,0.09661851120273227,0
0,0.0870817898332317,0
0,0.04134348640373741,0
0,0.037421418126792574,0
0,0.9759123757165433,1
0,0.019455514876307173,0
0,0.09775179195102522,0
0,0.43450246369952344,0
0,0.5246539190346503,1
0,0.0564235053256144,0
0,0.16845382511134466,0
0,0.3053405038861858,0
0,0.026009005961606678,0
0,0.287642327955504,0
0,0.056141251289293995,0
0,0.10186231232198573,0
0,0.12408841583644681,0
0,0.14578935498604773,0
0,0.11289411567479471,0
0,0.003566727772503298,0
0,0.062109504615147595,0
0,0.47647679261904763,0
0,0.1819117830980154,0
0,0.5116063372129753,1
0,0.08974419149955021,0
0,0.527729406155312,1
0,0.07083036983883259,0
0,0.7609874209548002,1
0,0.6605578109204154,1
0,0.297587811613217,0
0,0.1117318832789968,0
0,0.3782560272481635,0
0,0.6091264074327394,1
0,0.06698318800244066,0
0,0.2005794059232751,0
0,0.018566586194789608,0
0,0.024566457106564566,0
0,0.21779905004700037,0
0,0.03252440517663801,0
0,0.04520318733222905,0
0,0.2038897397699978,0
0,0.25658730906592664,0
0,0.47617963410002506,0
0,0.01790671029740104,0
0,0.5585812336957879,1
0,0.07169106559098605,0
0,0.5510084088513331,1
0,0.04315308152133052,0
0,0.03874810751742705,0
0,0.17031639382304406,0
0,0.12118619206353304,0
0,0.05686529214087595,0
0,0.3007033334208926,0
0,0.3287086917750296,0
0,0.012079040234671259,0
0,0.7987928177742588,1
0,0.660263617266803,1
0,0.8852578924159297,1
0,0.02518031311656422,0
0,0.007205189693850634,0
0,0.07219552521665497,0
0,0.056369078091846325,0
0,0.028855861167119624,0
0,0.041884306419018164,0
0,0.1425580988162186,0
0,0.06106743264769638,0
0,0.015279263602958426,0
0,0.31394885942767914,0
0,0.4020562131033406,0
0,0.24736109267365117,0
0,0.06416207491727499,0
0,0.1354154786510436,0
0,0.022806014714157368,0
0,0.14266260553494092,0
0,0.08486956303568644,0
0,0.4636459560149255,0
0,0.5726456141495362,1
0,0.014189498930198016,0
0,0.16613140476210642,0
0,0.017221500815517037,0
0,0.029194438553940782,0
0,0.18165410994046155,0
0,0.005339304896791115,0
0,0.0714152266359298,0
0,0.6719394248390049,1
0,0.7915806946722408,1
0,0.12934334531984568,0
0,0.9889821950369917,1
0,0.12050538692450427,0
0,0.2302807231650641,0
0,0.024779489540770788,0
0,0.5720897116360557,1
0,0.09253643625573268,0
0,0.11598149913501322,0
0,0.24132555495369923,0
0,0.03671416839668659,0
0,0.6867455517716405,1
0,0.08990329265118775,0
0,0.2689556398271353,0
0,0.013683878567636924,0
0,0.010470649083307356,0
0,0.028599314472974615,0
0,0.017259139652763916,0
0,0.34273727396510983,0
0,0.1071578228134492,0
0,0.5514285505045768,1
0,0.209408398538917,0
0,0.021634383841607235,0
0,0.25440278112175113,0
0,0.029509505106612387,0
0,0.05600552733131506,0
0,0.03536437192948347,0
0,0.028461213984021978,0
0,0.041938328580844245,0
0,0.177757489378403,0
0,0.022753316657345434,0
0,0.3140611822691115,0
0,0.5257071459194461,1
0,0.40668836418163556,0
0,0.03846627955241807,0
0,0.026571660832896124,0
0,0.8930078374791391,1
0,0.18652756257561373,0
0,0.09767359369098287,0
0,0.12335389076856158,0
0,0.07079304798582464,0
0,0.08647175840106602,0
0,0.16468131196259628,0
0,0.07637906274624036,0
0,0.17957903535489403,0
0,0.06452790156578848,0
0,0.3792283873753,0
0,0.1818844843721972,0
0,0.17318482592552864,0
0,0.13204698028679093,0
0,0.49521195382588395,0
0,0.19620049922415356,0
0,0.233254208428009,0
0,0.1326109046503134,0
0,0.02436537541432164,0
0,0.034613174160092755,0
0,0.16075109729824447,0
0,0.20530138298532533,0
0,0.06615632807512568,0
0,0.27499617537087667,0
0,0.16129225019779903,0
0,0.09221072191067807,0
0,0.17311618853939245,0
0,0.16430158273566184,0
0,0.08163292541465204,0
0,0.0963800910823292,0
0,0.6251129803757762,1
0,0.8861720790750512,1
0,0.08594818714523486,0
0,0.09559110119534782,0
0,0.09961909187697243,0
0,0.4852768453630385,0
0,0.0508838036620423,0
0,0.9036799535895489,1
0,0.2811034427842622,0
0,0.17637091714334355,0
0,0.28796292478171964,0
0,0.09182763793739913,0
0,0.040004028058618885,0
0,0.03159742317382367,0
0,0.09620281671929558,0
0,0.18476840041182477,0
0,0.0058998043467617545,0
0,0.026341161542985683,0
0,0.39033972595867916,0
0,0.17407855229965621,0
0,0.6168454362054292,1
0,0.1752788192112339,0
0,0.07897752920200088,0
0,0.14095708313794247,0
0,0.6622493632874078,1
0,0.6471359244391626,1
0,0.06726603898917745,0
0,0.3668132348468005,0
0,0.657130953911559,1
0,0.24406212145888467,0
0,0.09129236880694197,0
0,0.016999753607147436,0
0,0.1300394671769859,0
0,0.10610209815746659,0
0,0.1623635165086893,0
0,0.34356143932128,0
0,0.15234179430290185,0
0,0.02095483616617512,0
0,0.13430583567536947,0
0,0.05079337557117955,0
0,0.45650109885844314,0
0,0.17066412907212988,0
0,0.04950128465037373,0
0,0.14532122352699448,0
0,0.01170478177391622,0
0,0.5471053516270987,1
0,0.05849668243485767,0
0,0.7125810029916475,1
0,0.6550975516814487,1
0,0.09767021635841247,0
0,0.10041633169865627,0
0,0.027954484637509092,0
0,0.12437523088998158,0
0,0.6538355566573778,1
0,0.050634747195576285,0
0,0.046653544652965916,0
0,0.0478160609146445,0
0,0.10732351626533868,0
0,0.011372544818642628,0
0,0.03480782522297425,0
0,0.32525803620856275,0
0,0.3266301201724357,0
0,0.2782248925425601,0
0,0.10945605301802637,0
0,0.5333578543070792,1
0,0.5487449095997928,1
0,0.054104146242637194,0
0,0.279555794444221,0
0,0.30314613223684844,0
0,0.3768979031495306,0
0,0.8350258474424045,1
0,0.06876813281097413,0
0,0.09398996570011203,0
0,0.058644201221213665,0
0,0.1393955224426756,0
0,0.22274210737292552,0
0,0.027024479529697453,0
0,0.014452091977814174,0
0,0.05522736614482941,0
0,0.01632251041978398,0
0,0.029929510863094342,0
0,0.00798659496965471,0
0,0.2999309182223121,0
0,0.03574558902778004,0
0,0.1561804701468026,0
0,0.24155846784695345,0
0,0.18926698976216802,0
0,0.023919465458506692,0
0,0.33563181649462515,0
0,0.09633982806519685,0
0,0.6317411768256671,1
0,0.34942427297709333,0
0,0.6896503337125447,1
0,0.07438687426564927,0
0,0.005434225684422779,0
0,0.05754447829140265,0
0,0.1717637870112354,0
0,0.41728131034003224,0
0,0.18846466992861646,0
0,0.15507115678291195,0
0,0.19787414384100352,0
0,0.020409325464494636,0
0,0.02803783099223059,0
0,0.2657892892196549,0
0,0.005408867066174418,0
0,0.5525340976100828,1
0,0.009143377922212328,0
0,0.02154840194972044,0
0,0.10892851617375864,0
0,0.7327055550569705,1
0,0.07376310370857604,0
0,0.06359075234312545,0
0,0.19756743319714307,0
0,0.19032400871284288,0
0,0.00820741672432798,0
0,0.09409511742272321,0
0,0.0050581714074889915,0
0,0.24720076959861859,0
0,0.36663210149708075,0
0,0.5179249399608962,1
0,0.3511310026459064,0
0,0.12917194670192805,0
0,0.2942758914690916,0
0,0.10926628978013887,0
0,0.5168960857875213,1
0,0.11319336278515588,0
0,0.5747068986649589,1
0,0.02701157581719251,0
0,0.02929288821977004,0
0,0.8272138871904231,1
0,0.1299355446475746,0
0,0.04642996224279919,0
0,0.055208023108174874,0
0,0.01085214029379875,0
0,0.19892441926415289,0
0,0.03353385644875381,0
0,0.4171820766303083,0
0,0.04178670655929766,0
0,0.6063010223970854,1
0,0.21332837635237492,0
0,0.0064204217332128255,0
0,0.4805148456539923,0
0,0.10337194228204996,0
0,0.2910629747981067,0
0,0.0201480182714364,0
0,0.29855144080024015,0
0,0.0038573105829603853,0
0,0.39040203158694503,0
0,0.2430595160583793,0
0,0.9119625662325908,1
0,0.09976274600442611,0
0,0.4150726800519552,0
0,0.13432808751076458,0
0,0.015231451914971996,0
0,0.021928985614430133,0
0,0.1029924080879905,0
0,0.1609867712530119,0
0,0.12610431996100088,0
0,0.1772655026307399,0
0,0.36764183641061227,0
0,0.9236258502938076,1
0,0.19829855207604696,0
0,0.08927463121293164,0
0,0.6506799130384125,1
0,0.007495074306465636,0
0,0.22658745242341022,0
0,0.015293344759405946,0
0,0.42309920941621637,0
0,0.07492428022719713,0
0,0.748751624273473,1
0,0.06210630383855008,0
0,0.030701123914340978,0
0,0.01519238052934243,0
0,0.3366333287227539,0
0,0.4625132582094696,0
0,0.08603705370552699,0
0,0.117027206589867,0
0,0.0027796828868940976,0
0,0.00823488561315753,0
0,0.349417458036951,0
0,0.032305578655037144,0
0,0.02181312638522178,0
0,0.25103408158159324,0
0,0.1297111188945693,0
0,0.01261389326701252,0
0,0.04465811359958744,0
0,0.04343851899557221,0
0,0.04289600940749219,0
0,0.1347523335556872,0
0,0.053547518969988224,0
0,0.04212314838871185,0
0,0.06233437884902784,0
0,0.01534058407141033,0
0,0.31344911161856315,0
0,0.6883082614643684,1
0,0.06635868427351461,0
0,0.0102385265591931,0
0,0.12100161612067845,0
0,0.19589452186616427,0
0,0.1298320162422478,0
0,0.14087970965959393,0
0,0.5023628226253056,0
0,0.28998520714540427,0
0,0.11225185503428235,0
0,0.2951497479028457,0
0,0.11595106909884156,0
0,0.19370165012959586,0
0,0.12222704084455034,0
0,0.03750677968264683,0
0,0.5501931319978081,1
0,0.4968123310144753,0
0,0.10186728746042946,0
0,0.5245803253179053,1
0,0.1174903300925817,0
0,0.03599693313131503,0
0,0.2224851525127657,0
0,0.07027588647767014,0
0,0.086562283801343,0
0,0.013051317903471716,0
0,0.43521277265413455,0
0,0.18931492461955862,0
0,0.19449100304003905,0
0,0.003973675793056583,0
0,0.034502319028862964,0
0,0.0849720792948641,0
0,0.09225326445946005,0
0,0.15000335718212376,0
0,0.49033929514727975,0
0,0.05886820660188802,0
0,0.15958644755824336,0
0,0.1697604398577664,0
0,0.42764068965335666,0
0,0.08212355493256286,0
0,0.02105686456734029,0
0,0.23195965085166312,0
0,0.7798551205005531,1
0,0.08421681415129835,0
0,0.27480269178135724,0
0,0.1166703727888233,0
0,0.02255577040603849,0
0,0.14718506317441185,0
0,0.7646398352881918,1
0,0.11053081872865565,0
0,0.09682690586516135,0
0,0.1115042671107452,0
0,0.18591754650176376,0
0,0.12300027337344772,0
0,0.023623220751073603,0
0,0.6137639452476287,1
0,0.037593069966988205,0
0,0.151377800231642,0
0,0.3959705659166842,0
0,0.5484796085699667,1
0,0.10515323399588176,0
0,0.04596996169807547,0
0,0.06976553671190698,0
0,0.4572296655801379,0
0,0.3590456446142394,0
0,0.24908682831026677,0
0,0.23578683970630887,0
0,0.16592111040634666,0
0,0.09756324684018415,0
0,0.1855607851330287,0
0,0.04574547750529562,0
0,0.08902704853567919,0
0,0.05712545131306586,0
0,0.019764869227344162,0
0,0.1684924567432391,0
0,0.3442954274179277,0
0,0.048785919573007104,0
0,0.3775436678980028,0
0,0.007247652692590824,0
0,0.17459393464600237,0
0,0.16069770456286517,0
0,0.01844880358300006,0
0,0.12617614356717988,0
0,0.7559956803122585,1
0,0.15084175392204408,0
0,0.04129819859805404,0
0,0.03778650578565756,0
0,0.07103526182038936,0
0,0.20800978298983236,0
0,0.007850161147747734,0
0,0.11924968768524019,0
0,0.08672515227239279,0
0,0.1346519061766417,0
0,0.33297712625674936,0
0,0.009241484034396782,0
0,0.025628865225152685,0
0,0.5798282160862226,1
0,0.19869517689843522,0
0,0.03236138921336457,0
0,0.47736344266084463,0
0,0.14137896217122,0
0,0.19204450513213592,0
0,0.11707296542808567,0
0,0.024999754209309912,0
0,0.3767674667100979,0
0,0.23818689953845765,0
0,0.18660034444608375,0
0,0.09461178559598007,0
0,0.33278661280105737,0
0,0.4721697020063647,0
0,0.11142288830100104,0
0,0.018531934454729598,0
0,0.54718932481928,1
0,0.23940798302694735,0
0,0.5849877757556573,1
0,0.02884236280827051,0
0,0.07642520963186109,0
0,0.0006542003737452181,0
0,0.05874539809802454,0
0,0.30586756408256405,0
0,0.3876053232195542,0
0,0.04039969856703318,0
0,0.045401527585949925,0
0,0.06480500070645794,0
0,0.09502731768881192,0
0,0.07324901459691041,0
0,0.19239368678962693,0
0,0.14637089211482537,0
0,0.6533114525371834,1
0,0.3367932335194228,0
0,0.5707674691682438,1
0,0.0650658151053429,0
0,0.1702257435748298,0
0,0.07969267176872154,0
0,0.0029002689944779875,0
0,0.255603521498997,0
0,0.06490762078534354,0
0,0.15651929421874738,0
0,0.03353676997380045,0
0,0.02709846372831793,0
0,0.8276691999724275,1
0,0.21513125642807246,0
0,0.3121193251981704,0
0,0.39461387653762814,0
0,0.2522970215693071,0
0,0.012135383610644658,0
0,0.23569110599808824,0
0,0.056334110900218504,0
0,0.10747813771956274,0
0,0.21238868712480286,0
0,0.10035114835579045,0
0,0.14143607284398657,0
0,0.162256090476182,0
0,0.34694456365070925,0
0,0.17414521199670527,0
0,0.23582076268118038,0
0,0.5025353458077592,0
0,0.10730280328848897,0
0,0.2787673565706885,0
0,0.1404637619589203,0
0,0.07313351561824484,0
0,0.025557853053708716,0
0,0.4945295129301835,0
0,0.12444756939054209,0
0,0.14422207517481184,0
0,0.09269296680005044,0
0,0.20509005380055298,0
0,0.11423913093082724,0
0,0.013233474705089546,0
0,0.3402677206882253,0
0,0.6934173738164465,1
0,0.3148480525509752,0
0,0.3783486623466277,0
0,0.24412406124625008,0
0,0.7144348856249568,1
0,0.10887028326975061,0
0,0.3720557024730567,0
0,0.03933017916427739,0
0,0.15424509790887955,0
0,0.06204669564866939,0
0,0.07507107360728782,0
0,0.18575468120822947,0
0,0.30494618504784343,0
0,0.024913688517871232,0
0,0.0658324539436098,0
0,0.06112018500236691,0
0,0.053612469355488135,0
0,0.033012254618103386,0
0,0.007220392347098471,0
0,0.21711432652716414,0
0,0.219477557295065,0
0,0.631678914948357,1
0,0.2277814338311737,0
0,0.10131072469725268,0
0,0.011541244820315884,0
0,0.31257993361145603,0
0,0.013577846935794328,0
0,0.5923188091531845,1
0,0.04268900727221774,0
0,0.4842135591133521,0
0,0.3789742958387892,0
0,0.0032403981937925803,0
0,0.40571583233604686,0
0,0.019394806696795216,0
0,0.2499963016938968,0
0,0.03875268840887521,0
0,0.5086990506001131,0
0,0.11620181073542432,0
0,0.03861706489243064,0
0,0.01172734170888299,0
0,0.07262866769346021,0
0,0.15669468553521895,0
0,0.018809222079611443,0
0,0.12641468487785493,0
0,0.013108118221646465,0
0,0.02959167553093152,0
0,0.3186304849124555,0
0,0.04093449477058084,0
0,0.02615631193414313,0
0,0.10743700530108657,0
0,0.2447270670019798,0
0,0.08505623747676772,0
0,0.07247938192402788,0
0,0.06858065229814823,0
0,0.29035803260654264,0
0,0.07011736082600913,0
0,0.06279649911542898,0
0,0.46312089962022857,0
0,0.04385365139241623,0
0,0.5827828115249155,1
0,0.34814042359954134,0
0,0.006078369194070684,0
0,0.8723541428558775,1
0,0.2779577664851022,0
0,0.14600702485515474,0
0,0.39999761391248195,0
0,0.0170173967071388,0
0,0.2635968257241412,0
0,0.03309302662032056,0
0,0.8320657261018899,1
0,0.45791214490733073,0
0,0.18100666518172612,0
0,0.198462361081145,0
0,0.13123982430028647,0
0,0.045718462020854694,0
0,0.07667313883222594,0
0,0.9657303145744752,1
0,0.12935872923992378,0
0,0.8122421167341649,1
0,0.12951046530221788,0
0,0.054801722209023636,0
0,0.11777094146333354,0
0,0.03824904547158718,0
0,0.018725823459444242,0
0,0.023050792269544183,0
0,0.5374555466083706,1
0,0.024791045067928546,0
0,0.09200315440301139,0
0,0.22083424285139397,0
0,0.21483490619918424,0
0,0.011963006306180095,0
0,0.007546880283682523,0
0,0.029630391864219955,0
0,0.3653382817917526,0
0,0.0406528609236639,0
0,0.20420005115040926,0
0,0.12164567170952512,0
0,0.017201194080618872,0
0,0.03393207808035762,0
0,0.11009391161589284,0
0,0.03328363503370396,0
0,0.705696826340265,1
0,0.23001945876451618,0
0,0.02323525767262403,0
0,0.03882559611889956,0
0,0.5337759283684486,1
0,0.19322984900119058,0
0,0.07806498569248695,0
0,0.04231256404615908,0
0,0.13526004786262005,0
0,0.7562780583999962,1
0,0.2249634577502235,0
0,0.029339286627965908,0
0,0.270024587225774,0
0,0.08121687550918671,0
0,0.013455494010489105,0
0,0.35815312038913877,0
0,0.728562323715935,1
0,0.1900430798118453,0
0,0.10158116928537031,0
0,0.1888563208981872,0
0,0.11154992990903531,0
0,0.32364075571065987,0
0,0.0625834621182636,0
0,0.04104503181374544,0
0,0.32550719009669543,0
0,0.5806903155924164,1
0,0.25579179058145546,0
0,0.12302871544364126,0
0,0.1261309469675449,0
0,0.05805546228371814,0
0,0.011212169773309535,0
0,0.04418357108461009,0
0,0.04402144207620035,0
0,0.05049480362608331,0
0,0.07356090439169631,0
0,0.2638994474701536,0
0,0.26640447258100414,0
0,0.03551433068011558,0
0,0.22834796997001477,0
0,0.033372940322882134,0
0,0.059368957108079226,0
0,0.09805394698368149,0
0,0.3482538357199942,0
0,0.6353476854390564,1
0,0.14250608750541804,0
0,0.2540592310652121,0
0,0.11647520365054069,0
0,0.07544092918431176,0
0,0.08347074988057333,0
0,0.14371624234487643,0
0,0.17811978390271532,0
0,0.08686481480804707,0
0,0.5098040543190732,0
0,0.07501703644041255,0
0,0.4671556491684533,0
0,0.17088074253007676,0
0,0.06391527521442433,0
0,0.010569124725448402,0
0,0.07773028383953202,0
0,0.5777158628842339,1
0,0.09021939954899083,0
0,0.4076933925804991,0
0,0.13825883185411478,0
0,0.07315400247210077,0
0,0.02232789962936949,0
0,0.04432615415305879,0
0,0.07166500054545857,0
0,0.348330352129472,0
0,0.47261819701218893,0
0,0.11370717249542314,0
0,0.6408665928193177,1
0,0.12932629349198632,0
0,0.01849717057025772,0
0,0.509765020687276,0
0,0.34959325883221926,0
0,0.18102775751536362,0
0,0.07498963839438223,0
0,0.7056911785644977,1
0,0.03162554387836805,0
0,0.052268204106127404,0
0,0.2958575049181942,0
0,0.17664420985118817,0
0,0.25047028482833056,0
0,0.31270803976964995,0
0,0.5359129483652093,1
0,0.5848952938084125,1
0,0.002714329842747451,0
0,0.08351560777461313,0
0,0.011426412658966444,0
0,0.03227120676203329,0
0,0.11938070633180704,0
0,0.07849688546035109,0
0,0.006755156097547513,0
0,0.016999414828009082,0
0,0.18714418858019755,0
0,0.010694180579199629,0
0,0.19594474960035943,0
0,0.3183898639710924,0
0,0.09967387891384394,0
0,0.7824049130396437,1
0,0.20293971200186775,0
0,0.5462193194573615,1
0,0.059343814943203524,0
0,0.13391887343499745,0
0,0.06196926554048759,0
0,0.14520369638472808,0
0,0.15102577138245604,0
0,0.14887321017751448,0
0,0.011057445190662624,0
0,0.24083249842445043,0
0,0.015276179925071175,0
0,0.5094552768954768,0
0,0.32242532794767564,0
0,0.2476322998745689,0
0,0.7751548474566401,1
0,0.4102180959645451,0
0,0.13222323797524993,0
0,0.0464743022388608,0
0,0.12097956559931027,0
0,0.8167020034688148,1
0,0.0065898958621494344,0
0,0.19075676287111498,0
0,0.006338600271652941,0
0,0.18892131264145678,0
0,0.0851853466369353,0
0,0.13645376837666337,0
0,0.053341866135544085,0
0,0.14616141012473627,0
0,0.15449568082782866,0
0,0.4484865680547626,0
0,0.047522843589935776,0
0,0.08697087500043699,0
0,0.21775681489763865,0
0,0.09130915691617425,0
0,0.03289820405497425,0
0,0.019976023432436832,0
0,0.8492152193952768,1
0,0.2902509305865228,0
0,0.1198099246577985,0
0,0.5086487976822596,0
0,0.16091296847747036,0
0,0.02475504918189123,0
0,0.21823655280228754,0
0,0.3078014676492417,0
0,0.09032422422494506,0
0,0.4152684759025133,0
0,0.004405039206703073,0
0,0.09621581207854536,0
0,0.011367301834694529,0
0,0.10746116621822807,0
0,0.30731351708008137,0
0,0.01662176005943567,0
0,0.35553955360562817,0
0,0.3725268982575447,0
0,0.08491875568200456,0
0,0.3123044553739928,0
0,0.47264417096708866,0
0,0.6765002986550471,1
0,0.05995419510878248,0
0,0.6978914793500081,1
0,0.029908078626905216,0
0,0.1694592934202966,0
0,0.06790462905918865,0
0,0.10024601627297791,0
0,0.23853431420257373,0
0,0.13487093391411137,0
0,0.01879888374296144,0
0,0.08068674791619054,0
0,0.1192745309082783,0
0,0.16599694613859048,0
0,0.07129460859413303,0
0,0.046821888968106226,0
0,0.48380203519473,0
0,0.07290493441614644,0
0,0.013459046656986471,0
0,0.2529750620939203,0
0,0.12966572626315787,0
0,0.03961833812367968,0
0,0.21349925927719274,0
0,0.2712987396978754,0
0,0.7285784121548607,1
0,0.10511943671390324,0
0,0.006287209743521274,0
0,0.03913823769578624,0
0,0.3635516594540531,0
0,0.5255541772687731,1
0,0.07407415501834196,0
0,0.01629123574012365,0
0,0.23308321239587895,0
0,0.1729860867340623,0
0,0.04471540273822054,0
0,0.02889794178609286,0
0,0.27054848872864823,0
0,0.0297728150167657,0
0,0.1372325242478999,0
0,0.009227432306783152,0
0,0.26392223321167785,0
0,0.12188232083527799,0
0,0.17059375940187874,0
0,0.041101003899028425,0
0,0.031674619293572716,0
0,0.43900956146266323,0
0,0.08439902098070862,0
0,0.1986046227246176,0
0,0.08109444541472277,0
0,0.440385363426104,0
0,0.12771619035645498,0
0,0.20625222383587968,0
0,0.022576482998074333,0
0,0.2261061082262049,0
0,0.25153388939030275,0
0,0.058272197902019415,0
0,0.2540237636932854,0
0,0.38617712842228136,0
0,0.03238211175365214,0
0,0.28924644825473755,0
0,0.6799199305309279,1
0,0.06280859967532586,0
0,0.14605529000656958,0
0,0.12482073009701872,0
0,0.0025168129517905286,0
0,0.6666479016385736,1
0,0.0010251913648257644,0
0,0.05527719383398446,0
0,0.047640980645522725,0
0,0.03624073087030493,0
0,0.05637903637553092,0
0,0.0605430284344172,0
0,0.04738481742382501,0
0,0.10051619152390269,0
0,0.19915710728059005,0
0,0.8197343530794542,1
0,0.1739694099995085,0
0,0.02300795580634849,0
0,0.06921424654612734,0
0,0.18767384517356056,0
0,0.05678176373517562,0
0,0.0628700862264279,0
0,0.33429331157332587,0
0,0.6777803027424362,1
0,0.20082951472569407,0
0,0.9006783550778569,1
0,0.04991936380024931,0
0,0.9196475591812877,1
0,0.09772286114617704,0
0,0.011889766838004487,0
0,0.7580412379143202,1
0,0.7086035645759622,1
0,0.333592390601216,0
0,0.20102008607389218,0
0,0.48158947314535566,0
0,0.0999444460045858,0
0,0.05208171555558358,0
0,0.06245525559725234,0
0,0.7135334856759145,1
0,0.28649210667334973,0
0,0.04448845049202058,0
0,0.27007202637378713,0
0,0.16955623983530405,0
0,0.1464455275764436,0
0,0.9922460660848983,1
0,0.02493056645081278,0
0,0.769260558108725,1
0,0.749293787063904,1
0,0.38673034226741193,0
0,0.5539091841614953,1
0,0.07082465515247252,0
0,0.07787286663246189,0
0,0.005719080111461116,0
0,0.04498278039960539,0
0,0.26733111185523545,0
0,0.735492763131761,1
0,0.3089650899744058,0
0,0.06551602176527864,0
0,0.17876909906464417,0
0,0.7715436646507121,1
0,0.05702985330681698,0
0,0.034034130081729876,0
0,0.042302616029903685,0
0,0.06456231029715506,0
0,0.2603141205681112,0
0,0.12290460599196332,0
0,0.5629395451078401,1
0,0.2106875521886144,0
0,0.038230339772986816,0
0,0.7701278346801378,1
0,0.18379906984053132,0
0,0.12083068813310777,0
0,0.0018589975370769426,0
0,0.47063101729581713,0
0,0.022156462679797,0
0,0.5726391524965584,1
0,0.9341553244695248,1
0,0.0909341708248922,0
0,0.3243757306830535,0
0,0.15044324313461788,0
0,0.5421236112367558,1
0,0.013236974736483937,0
0,0.04936139986965389,0
0,0.045639720721388506,0
0,0.4105363775436457,0
0,0.18118870102390652,0
0,0.05981730668750734,0
0,0.013828882658808911,0
0,0.017360758166474876,0
0,0.8268347639171483,1
0,0.02441966249985505,0
0,0.4449737576484339,0
0,0.024362300872706997,0
0,0.13877869010788446,0
0,0.12600948316297103,0
0,0.11182443745895371,0
0,0.7515232548564731,1
0,0.1953250091722765,0
0,0.06537090140248018,0
0,0.18458376377368982,0
0,0.08237104847626557,0
0,0.23155508181945578,0
0,0.30602932508771535,0
0,0.5209451214066356,1
0,0.09957730054247983,0
0,0.018300655161201898,0
0,0.38708556564744356,0
0,0.2421946352057906,0
0,0.1693798638394334,0
0,0.4826937142941374,0
0,0.8177580837149044,1
0,0.21028513061362836,0
0,0.23299102031475877,0
0,0.02369281667538869,0
0,0.29777426331230333,0
0,0.39999620108708234,0
0,0.47925995738243193,0
0,0.1117073027245682,0
0,0.10396185762753128,0
0,0.06622372497898267,0
0,0.0822770226747666,0
0,0.018719837094725526,0
0,0.4185942102987459,0
0,0.18065766771805447,0
0,0.07978343491177313,0
0,0.37366950658410975,0
0,0.055044675019319304,0
0,0.014294510116552426,0
0,0.03654107337712683,0
0,0.05612431181057303,0
0,0.3966272111288546,0
0,0.04124322755682745,0
0,0.009631026639342736,0
0,0.12831463669492957,0
0,0.36697669889796625,0
0,0.10580736532094163,0
0,0.02174867025302339,0
0,0.02777279907075978,0
0,0.06557401296886921,0
0,0.07828512704683714,0
0,0.616734590663418,1
0,0.10528700500940251,0
0,0.5087752968396017,0
0,0.24222256413610838,0
0,0.32101911960292184,0
0,0.5354368388947462,1
0,0.1581441163109182,0
0,0.007817655490761922,0
0,0.11229943628137719,0
0,0.014205910527964745,0
0,0.4352178740913156,0
0,0.2709836323186279,0
0,0.207297979968083,0
0,0.03306021380065995,0
0,0.1527207268314994,0
0,0.42599246395293544,0
0,0.06163711298700838,0
0,0.13943105367971712,0
0,0.17221545043358702,0
0,0.025227489458882493,0
0,0.5126823794977152,1
0,0.08077310862585174,0
0,0.12085963566653546,0
0,0.18104900655938796,0
0,0.31176380215448557,0
0,0.4280455615300832,0
0,0.00839065080224301,0
0,0.15774300646433512,0
0,0.1485595116927451,0
0,0.15172084547017153,0
0,0.04491260602016348,0
0,0.5285227455164966,1
0,0.31298449877159856,0
0,0.41844190920445534,0
0,0.15928126594980602,0
0,0.05543912267657182,0
0,0.42190590541609485,0
0,0.0011107858862466477,0
0,0.01999582029549529,0
0,0.11386851347707493,0
0,0.27287333866763397,0
0,0.07028935748966697,0
0,0.02715732444915953,0
0,0.09901000949008015,0
0,0.04622272623371433,0
0,0.38594051227835446,0
0,0.3168600330437149,0
0,0.06006719020086379,0
0,0.9618707060244186,1
0,0.25051062048216954,0
0,0.07670092176833762,0
0,0.10852047551832235,0
0,0.09894107730391019,0
0,0.0659834227540333,0
0,0.25986342298589443,0
0,0.04819959886720345,0
0,0.07642695017790178,0
0,0.00527627215726998,0
0,0.3161933065364781,0
0,0.6080962418580007,1
0,0.11851910720189766,0
0,0.02212214720405338,0
0,0.21988266455175007,0
0,0.20724890120236705,0
0,0.06126507469517458,0
0,0.1894572091781837,0
0,0.22754817527995608,0
0,0.260616437037014,0
0,0.19855502705429207,0
0,0.06017625772120789,0
0,0.0031679059621767345,0
0,0.01577541805400379,0
0,0.03460914777704116,0
0,0.21680001090642095,0
0,0.41607269147962705,0
0,0.3929406821551242,0
0,0.43692827432090675,0
0,0.6443347367650127,1
0,0.039484505271497806,0
0,0.5832042767494531,1
0,0.3245031214090492,0
0,0.09022436687458081,0
0,0.05589938751588927,0
0,0.32981152923254137,0
0,0.8814359577555169,1
0,0.5025171113125593,0
0,0.9634993228581791,1
0,0.0313493427499799,0
0,0.4335812820597753,0
0,0.22468141228033606,0
0,0.27646169299893786,0
0,0.04011700071092425,0
0,0.2527174105191004,0
0,0.2663443100729688,0
0,0.9593179625494206,1
0,0.09426688432146316,0
0,0.4251414532951757,0
0,0.21325810095287837,0
0,0.012990836347386452,0
0,0.26610614856594916,0
0,0.28391187537328155,0
0,0.014040312250728618,0
0,0.16854136275414294,0
0,0.011883109833486552,0
0,0.5287601178770379,1
0,0.8817618100864545,1
0,0.8654187336230692,1
0,0.9061541961137206,1
0,0.1280126139017925,0
0,0.011352967506424094,0
0,0.8394100583225017,1
0,0.02090460199062349,0
0,0.20112594907118975,0
0,0.08344851932438586,0
0,0.014487373874874802,0
0,0.00650030791659181,0
0,0.09628589009110947,0
0,0.009658701092777727,0
0,0.06912426724146724,0
0,0.04450593473243858,0
0,0.01528538180747738,0
0,0.03938568946185008,0
0,0.7319954607953744,1
0,0.12920671152028543,0
0,0.01822776685363701,0
0,0.05061082383102314,0
0,0.2996569043785943,0
0,0.8742042854463065,1
0,0.8636231032253502,1
0,0.09773121222300525,0
0,0.022645663598298976,0
0,0.030542550337109342,0
0,0.04624890295334278,0
0,0.38363423178565725,0
0,0.36121038719467125,0
0,0.10466247513651539,0
0,0.3843108896721982,0
0,0.001358901195973581,0
0,0.003235076408582899,0
0,0.15721066285887839,0
0,0.6274177276403853,1
0,0.9159433214826775,1
0,0.0400127282163369,0
0,0.1538823632420729,0
0,0.14758813280885907,0
0,0.6253087137392063,1
0,0.06166289879398194,0
0,0.6099946319902081,1
0,0.17781747327340042,0
0,0.5562028048664069,1
0,0.05075861402852783,0
0,0.023839631531826975,0
0,0.035882634345588436,0
0,0.40578979301719453,0
0,0.04876937435588901,0
0,0.2115068759302296,0
0,0.06999070788626693,0
0,0.1534185281820305,0
0,0.05929459591342071,0
0,0.030618077314573795,0
0,0.2542573623264015,0
0,0.07817411467679405,0
0,0.08519595993517703,0
0,0.09818929234155808,0
0,0.06631370876624003,0
0,0.21914648689271168,0
0,0.29883552172196265,0
0,0.4580004535255042,0
0,0.23724462724298612,0
0,0.15224821333772404,0
0,0.7590423298327288,1
0,0.04213522220331629,0
0,0.14584115509139006,0
0,0.09358612451887093,0
0,0.08305362588810473,0
0,0.03533974797259967,0
0,0.516025714438621,1
0,0.31563316036056,0
0,0.09616016227491833,0
0,0.2523200936727164,0
0,0.03726133534178411,0
0,0.049467753439525114,0
0,0.0919519339340704,0
0,0.14541374041932634,0
0,0.36288191741426234,0
0,0.03706797903915066,0
0,0.0717049969563125,0
0,0.41475251834965493,0
0,0.36145720039070195,0
0,0.2624340505429202,0
0,0.15817478155841225,0
0,0.058216250130476314,0
0,0.14359995277257245,0
0,0.3703941225229518,0
0,0.4724384346463885,0
0,0.005830157059195133,0
0,0.6195720726346642,1
0,0.06454121505237752,0
0,0.4714184898556744,0
0,0.11482619715749828,0
0,0.4112748419862676,0
0,0.5645972181536464,1
0,0.1898171281649929,0
0,0.33158382876770043,0
0,0.6072383983435085,1
0,0.021233048045360754,0
0,0.5902753695557554,1
0,0.08875268803785097,0
0,0.026192525024341686,0
0,0.34594573519724,0
0,0.19461924469057126,0
0,0.3489563813498998,0
0,0.4223731078083288,0
0,0.036565470320304154,0
0,0.46913092953741864,0
0,0.726107407933748,1
0,0.3348332277420858,0
0,0.9655708229430775,1
0,0.04787811981063226,0
0,0.814065092750666,1
0,0.1014135969093325,0
0,0.03356201972399284,0
0,0.02463159062476122,0
0,0.13449919091191115,0
0,0.13439298200733568,0
0,0.31697393133017376,0
0,0.5770432445999842,1
0,0.5551829493863255,1
0,0.12709857008445896,0
0,0.08396302433473887,0
0,0.05463168311461258,0
0,0.1330289974971509,0
0,0.14312488014355923,0
0,0.02384465607865075,0
0,0.1427767072615422,0
0,0.0035376972510724547,0
0,0.059458597885868145,0
0,0.2724192862175798,0
0,0.2775548846048807,0
0,0.13354347002168276,0
0,0.1125406990364064,0
0,0.2510554771256659,0
0,0.006643373731999078,0
0,0.0867426464682448,0
0,0.17541222810206322,0
0,0.03483790212064879,0
0,0.12827283713175366,0
0,0.23894109931075555,0
0,0.3284286064032217,0
0,0.14664044761164094,0
0,0.16451327583071676,0
0,0.007518310964434817,0
0,0.07958815944671645,0
0,0.3211202930668784,0
0,0.6692787274297785,1
0,0.3742666183825749,0
0,0.15760123730161885,0
0,0.2877642167100478,0
0,0.032135360079908463,0
0,0.9673091916626979,1
0,0.12905667929285472,0
0,0.06558859874050849,0
0,0.270060316654934,0
0,0.45092180676141347,0
0,0.02009328095885724,0
0,0.038182261736172035,0
0,0.17768025195272735,0
0,0.04118482472429444,0
0,0.0013571181421054659,0
0,0.11469828508491685,0
0,0.12829592933259895,0
0,0.5418978321379552,1
0,0.06237829414503817,0
0,0.17239717116337058,0
0,0.3585440071370928,0
0,0.2443947886149835,0
0,0.24991754970168278,0
0,0.07444495401632525,0
0,0.0653745354119068,0
0,0.1096841410894379,0
0,0.06802383728109374,0
0,0.041938828592717234,0
0,0.042329605152323334,0
0,0.9003721596274766,1
0,0.8331288087081257,1
0,0.1315839604507161,0
0,0.4705197880921168,0
0,0.021091103334381443,0
0,0.6020164203125747,1
0,0.19607233261419277,0
0,0.715642392678608,1
0,0.07126456868285831,0
0,0.3129475797097629,0
0,0.1357970892241306,0
0,0.14712661512264844,0
0,0.6370200744818003,1
0,0.17746869815129498,0
0,0.21814232049902774,0
0,0.03960631117485803,0
0,0.4893441521567953,0
0,0.3370464596975327,0
0,0.36658132255617404,0
0,0.06247032969584834,0
0,0.008833735087458215,0
0,0.02327537130318408,0
0,0.6790970296643598,1
0,0.22785143991646956,0
0,0.27914472794387996,0
0,0.06481388538781067,0
0,0.010004567565324892,0
0,0.052233292238964175,0
0,0.39480408185221866,0
0,0.028609141558179535,0
0,0.09279739901769081,0
0,0.10507836277490726,0
0,0.030781225739920058,0
0,0.09758251908792755,0
0,0.00423670045104722,0
0,0.07473251338538549,0
0,0.09833213079844028,0
0,0.9188927605612851,1
0,0.08405120178600538,0
0,0.010880310522183885,0
0,0.47006301828234165,0
0,0.05385684695343255,0
0,0.07552953113542092,0
0,0.864998652713664,1
0,0.4544962214518475,0
0,0.2127153399009326,0
0,0.19994758178808344,0
0,0.8457698365671101,1
0,0.1013006528994385,0
0,0.18660479491177756,0
0,0.2778010810808883,0
0,0.03133556409125981,0
0,0.015804175961662715,0
0,0.03534648926594327,0
0,0.04863439910448246,0
0,0.08728534977578781,0
0,0.24163508191707372,0
0,0.06406190258223418,0
0,0.10066141457147221,0
0,0.022441831463145698,0
0,0.17916673046162535,0
0,0.17213581733069788,0
0,0.0010452999564737348,0
0,0.6830378792920475,1
0,0.1187989719878763,0
0,0.046284966677040726,0
0,0.16241353833176017,0
0,0.12054762109206366,0
0,0.10899135394172858,0
0,0.6146626827572569,1
0,0.552457839885982,1
0,0.6593513806286068,1
0,0.12357962393412485,0
0,0.37867564687944466,0
0,0.27436293801073025,0
0,0.7911712707282549,1
0,0.28015850427665195,0
0,0.09395876009269104,0
0,0.06670010500309678,0
0,0.008293840983549867,0
0,0.1508269399827892,0
0,0.07412081772438547,0
0,0.04830016542255651,0
0,0.6029091317787062,1
0,0.4647629407900135,0
0,0.0904972966613947,0
0,0.1842268497592504,0
0,0.3478616573296263,0
0,0.1424013685024284,0
0,0.7180585492198996,1
0,0.17230883610960485,0
0,0.5237766875156709,1
0,0.2974569671350362,0
0,0.004335603478091297,0
0,0.20375568340034933,0
0,0.7859291922780003,1
0,0.07679855212206683,0
0,0.02443361691835054,0
0,0.6940266778366325,1
0,0.052880205022232174,0
0,0.867781103150316,1
0,0.055844292983259027,0
0,0.6373163956477852,1
0,0.023569749200923494,0
0,0.17427881937976683,0
0,0.09382701101816189,0
0,0.06182136161579927,0
0,0.05749049429460115,0
0,0.16564573644267347,0
0,0.0733982100218703,0
0,0.46694649525464343,0
0,0.1885282793365421,0
0,0.9922112656696516,1
0,0.02019233435583387,0
0,0.036431601932118085,0
0,0.12064597056109881,0
0,0.04530942618210052,0
0,0.13338231456452598,0
0,0.36288003628616766,0
0,0.24552280900769125,0
0,0.0085822784538887,0
0,0.033896442681359974,0
0,0.4961097701907197,0
0,0.35876203534060264,0
0,0.2691364217250013,0
0,0.2291869385868091,0
0,0.5097966032222916,0
0,0.4252380190942221,0
0,0.0658266996267538,0
0,0.2033196349166042,0
0,0.005620055421832668,0
0,0.10721043962680087,0
0,0.23807686728931862,0
0,0.644445695298029,1
0,0.31349326493742685,0
0,0.12353764435313143,0
0,0.015728458825449907,0
0,0.18685284408174965,0
0,0.06119849791008672,0
0,0.31474810071917697,0
0,0.8479009417873605,1
0,0.185252565441172,0
0,0.10983901045228942,0
0,0.24349759014078362,0
0,0.6593422497133623,1
0,0.16973637550634232,0
0,0.019200467610281075,0
0,0.13189582920898743,0
0,0.15640572351943902,0
0,0.18962199049430403,0
0,0.11841485458971528,0
0,0.21953315176765326,0
0,0.09045842962306595,0
0,0.36409726204872855,0
0,0.035591519663849075,0
0,0.31245619538239283,0
0,0.82909286781686,1
0,0.108360773192151,0
0,0.06791210155727363,0
0,0.06708366409412116,0
0,0.49448932655800526,0
0,0.012908006315227425,0
0,0.16093887788806416,0
0,0.4248517837372345,0
0,0.06815167792221392,0
0,0.15209273338242668,0
0,0.1284763218593085,0
0,0.2994535421751834,0
0,0.013921316033962579,0
0,0.024884706665243877,0
0,0.1298550327208859,0
0,0.28263464421439755,0
0,0.06357779588445431,0
0,0.03774377234945623,0
0,0.09040184342789706,0
0,0.030364778454113395,0
0,0.005570184234067442,0
0,0.6168531312901836,1
0,0.10196787122157557,0
0,0.04931552819752939,0
0,0.1451020575713839,0
0,0.04648586820696705,0
0,0.0590486321277831,0
0,0.19079757452684584,0
0,0.014384565107441502,0
0,0.32682307805264943,0
0,0.05309015004803075,0
0,0.06918119905657981,0
0,0.439305878605513,0
0,0.12172960837761852,0
0,0.03222048757413486,0
0,0.09656081445325383,0
0,0.06891371135444947,0
0,0.007735845960354931,0
0,0.09157375468600197,0
0,0.06195786053872305,0
0,0.009131343049700468,0
0,0.2435941080305096,0
0,0.007935844612833877,0
0,0.13722561176970935,0
0,0.15094142663569415,0
0,0.007218860026641181,0
0,0.407180476729332,0
0,0.023194841105436216,0
0,0.25890443723100937,0
0,0.339421025684581,0
0,0.026299064960166815,0
0,0.12606889853061617,0
0,0.7354422794460037,1
0,0.30103183722722365,0
0,0.1014474969967997,0
0,0.006406744558002899,0
0,0.015665562480541573,0
0,0.7450371970551913,1
0,0.007462442052534541,0
0,0.2809741075876882,0
0,0.09598919922418445,0
0,0.4178822607277723,0
0,0.09144255852602273,0
0,0.485550346007087,0
0,0.03528704795853841,0
0,9.076676969302988e-05,0
0,0.5488828189657873,1
0,0.46260090420740757,0
0,0.02339099986352425,0
0,0.2787003204861794,0
0,0.04791095190393237,0
0,0.04990776833938721,0
0,0.10890949217249862,0
0,0.03762394058791884,0
0,0.2928055433256807,0
0,0.2535309356374378,0
0,0.09648534979633776,0
0,0.49551043968969527,0
0,0.011083227962536643,0
0,0.715194062678976,1
0,0.38761081121562185,0
0,0.26441698259059376,0
0,0.06452797876691013,0
0,0.19984201389028944,0
0,0.26120981645893626,0
0,0.28649774229473224,0
0,0.042195460440047815,0
0,0.008658833775429016,0
0,0.11104758121240166,0
0,0.052185408608096645,0
0,0.049260418574635256,0
0,0.9302051863873214,1
0,0.32784584153355606,0
0,0.12038064007025694,0
0,0.7657571364969279,1
0,0.003802853832932785,0
0,0.6348629402303175,1
0,0.8485252368019326,1
0,0.1075039518756294,0
0,0.34589942901510184,0
0,0.30005227339100826,0
0,0.16532810007931195,0
0,0.4371672183873347,0
0,0.15283100843377773,0
0,0.229837315990502,0
0,0.12942940332197156,0
0,0.26838076691821877,0
0,0.12056001072843482,0
0,0.1204758043007312,0
0,0.06624528735600198,0
0,0.21348796033848938,0
0,0.11921992646254231,0
0,0.025885602993166137,0
0,0.09752389142297202,0
0,0.6946487064741013,1
0,0.6051621477533717,1
0,0.008023275310531479,0
0,0.2139090119179034,0
0,0.13591111333982778,0
0,0.45397637870983304,0
0,0.47328460874316225,0
0,0.1139743975811756,0
0,0.005921706269391762,0
0,0.02071452612196499,0
0,0.398898421423808,0
0,0.07556222543841833,0
0,0.0681115169958337,0
0,0.005437193336853427,0
0,0.6552610270494953,1
0,0.3099600346381865,0
0,0.08034908804565177,0
0,0.41339194295876425,0
0,0.03400810598972386,0
0,0.275586912750931,0
0,0.08714055164501436,0
0,0.008889745583308599,0
0,0.04647862399313853,0
0,0.09712774450179333,0
0,0.09240177997080477,0
0,0.2210807511619164,0
0,0.010622088682419937,0
0,0.018039234059833535,0
0,0.5790853332906739,1
0,0.11527296465298281,0
0,0.4302696001103582,0
0,0.5818920567893167,1
0,0.04703631326172518,0
0,0.06606213690399386,0
0,0.019013174518686875,0
0,0.07075690827937793,0
0,0.18417668083286465,0
0,0.2780816459510387,0
0,0.02891682966457068,0
0,0.46872898969164173,0
0,0.26238138944830913,0
0,0.2601786030789102,0
0,0.0735323513330791,0
0,0.039501026404076114,0
0,0.4190996987011634,0
0,0.01873271823150228,0
0,0.23093255778964578,0
0,0.2052173675627964,0
0,0.5037610267954317,0
0,0.1412959521015537,0
0,0.0803335904416302,0
0,0.12345997900532195,0
0,0.43609285137537174,0
0,0.0797971352455567,0
0,0.24696135720182028,0
0,0.1795267549396933,0
0,0.05930588546976199,0
0,0.17237118242455446,0
0,0.06408824325688428,0
0,0.28571896247189243,0
0,0.2732110803567232,0
0,0.09448698015345783,0
0,0.09298421803117181,0
0,0.5953578691373141,1
0,0.1964252761383335,0
0,0.21662273479876432,0
0,0.3239947886953666,0
0,0.03521425179951523,0
0,0.2557061491725321,0
0,0.007924181774002993,0
0,0.029336540892718012,0
0,0.21009108669997523,0
0,0.10304835095827831,0
0,0.11657073770742396,0
0,0.00036503700318988116,0
0,0.019758321011137153,0
0,0.53583929632275,1
0,0.12968851393957503,0
0,0.12547162290688205,0
0,0.11792541883340132,0
0,0.2633773419049749,0
0,0.030852296043019842,0
0,0.13492500404169963,0
0,0.03424660622586918,0
0,0.2951483515627683,0
0,0.19018841794702426,0
0,0.03377091515232175,0
0,0.3637680054388433,0
0,0.01973317763244525,0
0,0.13051038711057847,0
0,0.21795362333563348,0
0,0.945737695390677,1
0,0.3212003098385787,0
0,0.0376948962264916,0
0,0.14271192577440134,0
0,0.05236303626297262,0
0,0.7176512774366316,1
0,0.10743489925508162,0
0,0.2327318410074904,0
0,0.6476569505020433,1
0,0.25076802774755863,0
0,0.12826803467444328,0
0,0.01876050658462284,0
0,0.15781576356957072,0
0,0.2586534353117686,0
0,0.11975044759751162,0
0,0.309571662125269,0
0,0.11960274767178404,0
0,0.9807589053156887,1
0,0.12863378434252282,0
0,0.007511447135039047,0
0,0.05220099564775875,0
0,0.19535537984097678,0
0,0.07527049045960968,0
0,0.3065652644219004,0
0,0.05006162215193792,0
0,0.15192663464640868,0
0,0.26126131968550875,0
0,0.28105611414788895,0
0,0.1333686381990272,0
0,0.16092062491441042,0
0,0.05558095735693,0
0,0.580776339134838,1
0,0.15251450521454887,0
0,0.04723527534591203,0
0,0.08219941856061388,0
0,0.09832593339750056,0
0,0.07779048993597658,0
0,0.37362038552490956,0
0,0.5332328132427929,1
0,0.5905724945321332,1
0,0.10296791573461114,0
0,0.24371101850851223,0
0,0.16008545062835053,0
0,0.2691511977234985,0
0,0.09459822047180827,0
0,0.365189885356509,0
0,0.028362740313250673,0
0,0.028216557707976656,0
0,0.05047944794804653,0
0,0.2227923649115989,0
0,0.25612070568947465,0
0,0.1510873923523708,0
0,0.5350623785553404,1
0,0.04284150706487391,0
0,0.013546162560529039,0
0,0.6849419011824133,1
0,0.16350804351974843,0
0,0.07130087610396507,0
0,0.21893922937161456,0
0,0.025207548834882205,0
0,0.6595927296228323,1
0,0.25989946041751694,0
0,0.15939948242425997,0
0,0.09041999772687549,0
0,0.3905294329719746,0
0,0.5587223215233386,1
0,0.0006562871518020267,0
0,0.0585691440217648,0
0,0.3559807441314511,0
0,0.008092439688469524,0
0,0.19228492807860947,0
0,0.2076067231639631,0
0,0.08257491172227781,0
0,0.5072851861380372,0
0,0.13637088227398914,0
0,0.015292482113381346,0
0,0.12731575230552733,0
0,0.025481152292481497,0
0,0.15547988812426305,0
0,0.027750514291305102,0
0,0.11803396151475853,0
0,0.16888004487319802,0
0,0.23384399874356065,0
0,0.17041309268245608,0
0,0.05016809425036528,0
0,0.692133558951776,1
0,0.3981522082489702,0
0,0.056218083989491484,0
0,0.033089777828627126,0
0,0.41966308262721624,0
0,0.06860908816250588,0
0,0.361057132228778,0
0,0.28142335330222445,0
0,0.006262603747720744,0
0,0.0790102247478815,0
0,0.024712614143080843,0
0,0.04515048428326883,0
0,0.08954496624568457,0
0,0.09921011803250718,0
0,0.26278707336921814,0
0,0.479651903155138,0
0,0.11759979396755689,0
0,0.30270558161971084,0
0,0.04284402714940901,0
0,0.1502340218929512,0
0,0.15333609083206418,0
0,0.013891937441674737,0
0,0.034824553925113855,0
0,0.07376939438464464,0
0,0.023495144758419434,0
0,0.04411514201817137,0
0,0.012844375290917124,0
0,0.39816063136503965,0
0,0.0659164431959945,0
0,0.10791109815640938,0
0,0.22346043217313513,0
0,0.018884266381853244,0
0,0.4187746259235845,0
0,0.156297033834306,0
0,0.04454746864344454,0
0,0.015427981323893131,0
0,0.11911290575750928,0
0,0.4950906640947013,0
0,0.01730819772569919,0
0,0.0693086240344213,0
0,0.029216655123235465,0
0,0.06902602225476173,0
0,0.022851772008472684,0
0,0.013695530489808247,0
0,0.02429735726423918,0
0,0.05384130289172243,0
0,0.0781522566252315,0
0,0.083417909198099,0
0,0.056986112609911516,0
0,0.021335377947347127,0
0,0.1038767803534166,0
0,0.0713099774541543,0
0,0.1943414813552742,0
0,0.11371681114761555,0
0,0.03551851544920326,0
0,0.25188190094352103,0
0,0.022185655058583324,0
0,0.7022713590114661,1
0,0.0846056925599569,0
0,0.06724179992460426,0
0,0.33473679458487954,0
0,0.17504660611829553,0
0,0.5586786209661817,1
0,0.9603017709492968,1
0,0.5144913406705788,1
0,0.09042692830575999,0
0,0.09412012011941048,0
0,0.09656519590429707,0
0,0.359307227236316,0
0,0.0716258081536884,0
0,0.3285420732212135,0
0,0.05860756797612129,0
0,0.6182422468941441,1
0,0.8421967127413529,1
0,0.14692427735756702,0
0,0.24450803921696748,0
0,0.2559664853422923,0
0,0.06567550147275902,0
0,0.41557870713914186,0
0,0.5579024449552812,1
0,0.07363703299624154,0
0,0.215375633361583,0
0,0.9754954009144924,1
0,0.6617691068218642,1
0,0.002050893524677178,0
0,0.09328755362196549,0
0,0.02507510674113265,0
0,0.06527339753172641,0
0,0.438846688178763,0
0,0.2497862715551308,0
0,0.12026987399591672,0
0,0.05901764499730298,0
0,0.9245311793147105,1
0,0.11714874029877399,0
0,0.04329072622859132,0
0,0.26849889007619215,0
0,0.09133447530406716,0
0,0.29193724078743283,0
0,0.08675694357235013,0
0,0.39255992178018745,0
0,0.13133542234084392,0
0,0.3220172681213357,0
0,0.20120410832488358,0
0,0.08294689400813714,0
0,0.07007633048155194,0
0,0.15284332700808761,0
0,0.006284145955094525,0
0,0.10474120890067158,0
0,0.08835136554328096,0
0,0.03864066758493779,0
0,0.04622848913022513,0
0,0.3519205008489072,0
0,0.06654640613550095,0
0,0.2136187855460779,0
0,0.1730574960564878,0
0,0.1434002368811756,0
0,0.17107995544489715,0
0,0.36054123974547503,0
0,0.05135655268034944,0
0,0.02786585669793758,0
0,0.13710462287649697,0
0,0.5003954743129351,0
0,0.056022590484070545,0
0,0.06948121281814808,0
0,0.4933754993185258,0
0,0.16458169208997256,0
0,0.4644891409708923,0
0,0.02355189821342785,0
0,0.9282455585274765,1
0,0.11037738717528497,0
0,0.5653301268821526,1
0,0.09296618198336742,0
0,0.03580250339802659,0
0,0.11064922679978917,0
0,0.0297906768127977,0
0,0.19201888121948596,0
0,0.26514414245216866,0
0,0.13209147886993333,0
0,0.007117693277885959,0
0,0.17904592205632583,0
0,0.2173217798249641,0
0,0.01128189070804853,0
0,0.016092717673876048,0
0,0.42447278158683716,0
0,0.038405367565738854,0
0,0.4575730892532287,0
0,0.1364886060272192,0
0,0.09278010244630669,0
0,0.6711984393818224,1
0,0.22931934338033477,0
0,0.08789797461564354,0
0,0.8611506813371842,1
0,0.07418090968793745,0
0,0.4633894623426278,0
0,0.1556487990410767,0
0,0.3478917424112659,0
0,0.09544461530434828,0
0,0.7782494441150594,1
0,0.08522289606074444,0
0,0.02424820560769668,0
0,0.46837152932295745,0
0,0.04913188219050763,0
0,0.0580133148082419,0
0,0.0045877929461662385,0
0,0.545935534554821,1
0,0.411445010120289,0
0,0.02575463398579936,0
0,0.08280979958094604,0
0,0.03455343677535833,0
0,0.321501576031991,0
0,0.05112602684013629,0
0,0.12020632812788354,0
0,0.04604763961223779,0
0,0.30674435402835987,0
0,0.052294084734650796,0
0,0.9271343313686371,1
0,0.057318842569307006,0
0,0.08163641751847177,0
0,0.027788610702670313,0
0,0.02926929515723161,0
0,0.020397628087197684,0
0,0.17200078900756818,0
0,0.019046200026988255,0
0,0.02343540923317206,0
0,0.14796320503367366,0
0,0.15913470830636625,0
0,0.6614154908037797,1
0,0.06299685481129869,0
0,0.11337885780534102,0
0,0.4941617588133095,0
0,0.21275202935271523,0
0,0.025431468062470305,0
0,0.03978235446653418,0
0,0.02830969109694781,0
0,0.8165142941655215,1
0,0.22044754528289515,0
0,0.150249243750811,0
0,0.21555170857172587,0
0,0.2191695914021287,0
0,0.29068927229319824,0
0,0.2084190638961461,0
0,0.1961644255496893,0
0,0.04336669683738128,0
0,0.01610837841421803,0
0,0.03717538794510857,0
0,0.44817779817015596,0
0,0.1026988157555844,0
0,0.15766122223688012,0
0,0.5746337001875165,1
0,0.1436368218910646,0
0,0.27841455471232684,0
0,0.08445712987006265,0
0,0.15308747583585613,0
0,0.021153318390295207,0
0,0.2260378430991174,0
0,0.0013136079553394482,0
0,0.27074997336993206,0
0,0.046559005604281924,0
0,0.271048204065015,0
0,0.10387516122742962,0
0,0.08062974103962439,0
0,0.018718586336208373,0
0,0.19641744993870597,0
0,0.19863790629855976,0
0,0.025606285341982258,0
0,0.4590802222863066,0
0,0.7237045020954822,1
0,0.10346389510790789,0
0,0.1595170952410208,0
0,0.16668476412673688,0
0,0.5235216309161852,1
0,0.09926580674054242,0
0,0.09245407663672857,0
0,0.18592958794753459,0
0,0.039592611456043356,0
0,0.06826219772184972,0
0,0.08884884169483957,0
0,0.4828170398576553,0
0,0.10066699179311757,0
0,0.0670204701385047,0
0,0.15967285424205466,0
0,0.09142020832386943,0
0,0.018210388421551926,0
0,0.09838304542344116,0
0,0.10750305436559847,0
0,0.1487098685950438,0
0,0.10910904770695888,0
0,0.10303097476789815,0
0,0.01137221336321027,0
0,0.022312593329981267,0
0,0.2964082496965661,0
0,0.05570476510705922,0
0,0.014273022264367913,0
0,0.04932057740236338,0
0,0.048633859438800636,0
0,0.7204976195763955,1
0,0.517895651419103,1
0,0.03846904402064704,0
0,0.1733240156915914,0
0,0.09264863432831812,0
0,0.634579346576157,1
0,0.31845782003407325,0
0,0.971581727375804,1
0,0.024419946887143634,0
0,0.09642295070282689,0
0,0.17021921066746465,0
0,0.00930937005607327,0
0,0.06314547864711449,0
0,0.4997508026680414,0
0,0.30138936625809243,0
0,0.08420489838000289,0
0,0.06732620996106597,0
0,0.07826931720210287,0
0,0.5216151960381166,1
0,0.34116944762043355,0
0,0.045385421903617267,0
0,0.0667319381522513,0
0,0.11995573585171927,0
0,0.09496103336552346,0
0,0.2078597556377152,0
0,0.45785174372704973,0
0,0.0914646693861094,0
0,0.4490359482375418,0
0,0.16429860028759669,0
0,0.22647003702321714,0
0,0.17338492648984166,0
0,0.9462451922034114,1
0,0.004940527375258796,0
0,0.13253738008660923,0
0,0.7392968845895548,1
0,0.2614725906173686,0
0,0.04021795702672168,0
0,0.14765129970481417,0
0,0.09474856225666063,0
0,0.420176988465952,0
0,0.23947700706479721,0
0,0.23113402249686302,0
0,0.13061961945359843,0
0,0.1136376787815153,0
0,0.28812309773483075,0
0,0.2111410956343182,0
0,0.3061155769690509,0
0,0.8546550052575863,1
0,0.23463975981527643,0
0,0.019489419486383018,0
0,0.2622265198751476,0
0,0.1594424298981138,0
0,0.02444333665560173,0
0,0.05426002521056645,0
0,0.009785320464249934,0
0,0.28358926961689235,0
0,0.09241192725574446,0
0,0.4231949103515484,0
0,0.20591668072894576,0
0,0.024794724393980908,0
0,0.15308318421915865,0
0,0.026965071746932433,0
0,0.13822907813741644,0
0,0.25709328601204545,0
0,0.06159486642143229,0
0,0.011150256836131862,0
0,0.19549467659932965,0
0,0.2721170085146469,0
0,0.023189694842171604,0
0,0.04282301021253538,0
0,0.3133323976176173,0
0,0.1552922944609493,0
0,0.22455317406942363,0
0,0.8044897945105863,1
0,0.042741057778609495,0
0,0.04152250886164848,0
0,0.0584633758715744,0
0,0.037747026713574,0
0,0.24519001872140778,0
0,0.08103181350599906,0
0,0.07150780355204729,0
0,0.04844285260458204,0
0,0.12936458503673892,0
0,0.6022431604588923,1
0,0.011925222212683809,0
0,0.11217392558639054,0
0,0.11236889782143872,0
0,0.08033516922684442,0
0,0.11831166587337841,0
0,0.027673377226826282,0
0,0.023884678728247247,0
0,0.09493118175374231,0
0,0.3045512194542282,0
0,0.0808915392760916,0
0,0.02173726339016317,0
0,0.031700800771143595,0
0,0.3273253079974338,0
0,0.1162855205966421,0
0,0.7298595594360876,1
0,0.600212621201741,1
0,0.537178433789402,1
0,0.17087983368643733,0
0,0.3271335135278101,0
0,0.5605119083676245,1
0,0.1622213718706709,0
0,0.029592523073511796,0
0,0.009194618010601664,0
0,0.09234627099617858,0
0,0.07573878746307681,0
0,0.7289038100753038,1
0,0.6127572591998842,1
0,0.9831678563613077,1
0,0.3119310462293284,0
0,0.08607310839996023,0
0,0.30179175414459897,0
0,0.3830972592220804,0
0,0.5324517343152054,1
0,0.07865707580120321,0
0,0.11345306368758087,0
0,0.31989336585640793,0
0,0.6274526278814914,1
0,0.16001382108339315,0
0,0.03922879495365352,0
0,0.1766868697855238,0
0,0.017100335065191385,0
0,0.16389075368122605,0
0,0.2410166839292674,0
0,0.07740357621507563,0
0,0.10794669977948305,0
0,0.4148305813016175,0
0,0.13690000184789344,0
0,0.005062011139107318,0
0,0.04303810497687922,0
0,0.0705563385798233,0
0,0.018372414275460727,0
0,0.7395514248401418,1
0,0.16805427921050398,0
0,0.10903322333278362,0
0,0.7934094152038438,1
0,0.058510370378822625,0
0,0.05712476310621956,0
0,0.22464024055314363,0
0,0.017046868068076565,0
0,0.8049346752577967,1
0,0.2628407068627433,0
0,0.06806383118786082,0
0,0.03656794235191801,0
0,0.04816739276511706,0
0,0.08301926727742523,0
0,0.42329567321429223,0
0,0.9203783092896679,1
0,0.09789379224570158,0
0,0.7315243882871363,1
0,0.05810292845076022,0
0,0.25378190281767926,0
0,0.022705504910044763,0
0,0.27887945964502564,0
0,0.2805378623187801,0
0,0.6063790251956146,1
0,0.1447805554350663,0
0,0.006895971696139387,0
0,0.11226473065990122,0
0,0.1403619098099533,0
0,0.17891838273590102,0
0,0.3358867682419462,0
0,0.27137029965052434,0
0,0.051552093670592755,0
0,0.07451153619462247,0
0,0.01813976640221186,0
0,0.10592669309641012,0
0,0.07938186823924605,0
0,0.015749349441580685,0
0,0.19285813086064088,0
0,0.025639874266933312,0
0,0.9946643962977149,1
0,0.0009768728108300085,0
0,0.4331822939540254,0
0,0.12485201054290834,0
0,0.09861492644936708,0
0,0.25868142114920123,0
0,0.0330108118357733,0
0,0.1384117896860302,0
0,0.012921992485269452,0
0,0.020688430889104704,0
0,0.24214537969877217,0
0,0.03783446912593231,0
0,0.11322917815978185,0
0,0.009123913408672647,0
0,0.1995653811253516,0
0,0.07763997098971614,0
0,0.02825698229791427,0
0,0.07200246433467276,0
0,0.09935761921535978,0
0,0.13863226993729424,0
0,0.1253634706177427,0
0,0.28084655791636187,0
0,0.09090931698777278,0
0,0.06325235473361226,0
0,0.022914992919413058,0
0,0.10372852030027864,0
0,0.02295567165458336,0
0,0.9574105462389969,1
0,0.09082451233779883,0
0,0.10540240570751679,0
0,0.17499601368046885,0
0,0.1834111255058262,0
0,0.15469621871635592,0
0,0.4290000902351672,0
0,0.049479959178064525,0
0,0.14266513943616246,0
0,0.24315005719473898,0
0,0.049779056724651084,0
0,0.18683361260096482,0
0,0.8138302713319411,1
0,0.006777950444393137,0
0,0.22335053544034084,0
0,0.25407243248973393,0
0,0.11525505665135326,0
0,0.128545631373915,0
0,0.10402757281135,0
0,0.1844654386530832,0
0,0.03024515111791558,0
0,0.27523304248224106,0
0,0.1242670402463967,0
0,0.02242540426740598,0
0,0.14858109315985385,0
0,0.08974552181408113,0
0,0.059849147294862313,0
0,0.3744557235790035,0
0,0.02283453762571746,0
0,0.5343470638867679,1
0,0.056027737200932896,0
0,0.0386405431675827,0
0,0.4890244391187602,0
0,0.0020626593081255152,0
0,0.13655796763384392,0
0,0.016366067006457933,0
0,0.7578993359723409,1
0,0.09473179042709513,0
0,0.05452110629037257,0
0,0.548317138759533,1
0,0.20090894272880847,0
0,0.04158538708229156,0
0,0.16176586776721774,0
0,0.22346084653409154,0
0,0.6676318474706048,1
0,0.44537351231375594,0
0,0.08432556388644175,0
0,0.07936960618732229,0
0,0.07951817215048668,0
0,0.022663952559620663,0
0,0.11257013264398319,0
0,0.04899504648651722,0
0,0.10684288652274211,0
0,0.08378041345420244,0
0,0.3154183117953804,0
0,0.4576077290409449,0
0,0.03603197484896981,0
0,0.35507598981916233,0
0,0.15188339450034904,0
0,0.1732292038793813,0
0,0.08098849663642649,0
0,0.0681002859427573,0
0,0.06899766870464863,0
0,0.38467775577652386,0
0,0.07247840688570571,0
0,0.03614014446494002,0
0,0.05881410141304078,0
0,0.09486952649170231,0
0,0.06542417104416513,0
0,0.04648051767041704,0
0,0.0056574874487665605,0
0,0.08865923981204657,0
0,0.043122244223529144,0
0,0.27028364699275753,0
0,0.5706674787880032,1
0,0.06566739347197036,0
0,0.1194916368361363,0
0,0.026135703008512742,0
0,0.5524687702438477,1
0,0.3090805297509905,0
0,0.053491209761274375,0
0,0.7177869638581,1
0,0.22219494081962318,0
0,0.28919798262933977,0
0,0.14636991391842544,0
0,0.3243329405653674,0
0,0.0356434117579125,0
0,0.009133660384008861,0
0,0.00805314442554402,0
0,0.04841145170385649,0
0,0.4866465168873127,0
0,0.037375695346064344,0
0,0.6547933644257223,1
0,0.08315954161956145,0
0,0.08830368297388214,0
0,0.08636768543722835,0
0,0.005523799394825176,0
0,0.12795030543484623,0
0,0.6654063723279035,1
0,0.02417414683261923,0
0,0.16006124285630605,0
0,0.031532129897732186,0
0,0.18690342403050786,0
0,0.5134325121083481,1
0,0.3557582379630605,0
0,0.06517942797060619,0
0,0.10618193874342922,0
0,0.10920510627297365,0
0,0.27482839199660425,0
0,0.7779689011571735,1
0,0.5861145393557771,1
0,0.8499716538171469,1
0,0.5042630711235246,0
0,0.05929223406686672,0
0,0.8540848486312778,1
0,0.019948017634604354,0
0,0.21010327919604924,0
0,0.020805819395399165,0
0,0.0044224371447172785,0
0,0.13183668802926438,0
0,0.8216880240099456,1
0,0.6288327357853486,1
0,0.17809308834772225,0
0,0.022658274400289464,0
0,0.010428246165076302,0
0,0.22229218228268685,0
0,0.017320488913354283,0
0,0.6621210428559956,1
0,0.5672700310697204,1
0,0.15395194125640957,0
0,0.05143487081378485,0
0,0.135232915949322,0
0,0.7989956105556609,1
0,0.0035620296190195036,0
0,0.0779596135184181,0
0,0.0669021954959813,0
0,0.06637462330609575,0
0,0.07683812070691512,0
0,0.06889009713552487,0
0,0.023205982305556073,0
0,0.5989191047575443,1
0,0.4844855361173448,0
0,0.8965121796617467,1
0,0.04110170466236099,0
0,0.042777846241955894,0
0,0.13595196076858318,0
0,0.47850921555828596,0
0,0.39055447253006137,0
0,0.18695324291499762,0
0,0.16938629683916687,0
0,0.210884256953583,0
0,0.15896123365939463,0
0,0.7303203384098027,1
0,0.02461181243903577,0
0,0.10365051804895072,0
0,0.07430695993723095,0
0,0.051803116285547894,0
0,0.20515602178493808,0
0,0.326831449238673,0
0,0.03373666456113893,0
0,0.01391137640095918,0
0,0.048478264255900495,0
0,0.18898785731666526,0
0,0.245731316846667,0
0,0.01867862590609187,0
0,0.04869900227049532,0
0,0.33836894604535545,0
0,0.25223241722962897,0
0,0.02904023595535569,0
0,0.07778415537047734,0
0,0.06834744886312848,0
0,0.5654041572681248,1
0,0.08363190505291909,0
0,0.08359254934518907,0
0,0.03441561589287511,0
0,0.2957100968033442,0
0,0.029644002125260298,0
0,0.5981847543436468,1
0,0.04623528651789346,0
0,0.01798135162497989,0
0,0.9221429295095851,1
0,0.8983581279891141,1
0,0.011425476404159985,0
0,0.393125358151776,0
0,0.5325520993150338,1
0,0.09467393227021054,0
0,0.06995243405563206,0
0,0.866461340348347,1
0,0.07072478976884305,0
0,0.12591651407499843,0
0,0.03992818818419745,0
0,0.6627868989794586,1
0,0.01634485008780031,0
0,0.6859745548253439,1
0,0.037656825707804084,0
0,0.34841450932980045,0
0,0.036602675039338374,0
0,0.025388942982026545,0
0,0.17135848541905443,0
0,0.10163278444921021,0
0,0.21580297540684107,0
0,0.4133545656972574,0
0,0.5131072965832799,1
0,0.05729400477320199,0
0,0.6676236016370095,1
0,0.008082510669842094,0
0,0.05931174705247096,0
0,0.1314322054845864,0
0,0.010795518362889061,0
0,0.0146094774387427,0
0,0.8629943088322298,1
0,0.22239749096322015,0
0,0.013405409451723534,0
0,0.5040764147209224,0
0,0.11209382318890558,0
0,0.5477668119515503,1
0,0.06043598091226579,0
0,0.004932656830514728,0
0,0.13952952958853115,0
0,0.17456209395013852,0
0,0.13248625016142743,0
0,0.09103440633575575,0
0,0.09963743208214093,0
0,0.2542584587339428,0
0,0.24174172790081788,0
0,0.09196861272091356,0
0,0.056830128717998925,0
0,0.04168334656846522,0
0,0.32181065758146477,0
0,0.4418558579862306,0
0,0.17540071003092356,0
0,0.3871709578049315,0
0,0.12169723374704537,0
0,0.035453714265447266,0
0,0.05279770549906918,0
0,0.27459315548200597,0
0,0.10002264502778357,0
0,0.5440652877707922,1
0,0.022873524684074116,0
0,0.011079326848400453,0
0,0.37184509571128715,0
0,0.08499253006442128,0
0,0.36610854415976507,0
0,0.11579163361523086,0
0,0.019370286061499684,0
0,0.8758006919727462,1
0,0.1232605272525184,0
0,0.35109545869849407,0
0,0.1363692095460724,0
0,0.6423055655977354,1
0,0.48833770770719015,0
0,0.36756930347581235,0
0,0.19274359838521643,0
0,0.1947726700490892,0
0,0.29653838905737195,0
0,0.6019731137165916,1
0,0.0004553927364917045,0
0,0.20801406687592613,0
0,0.24139821723808946,0
0,0.061938603524096345,0
0,0.16397041432442572,0
0,0.2648198786713072,0
0,0.043703789393584234,0
0,0.03308743550748174,0
0,0.7015842375580666,1
0,0.11766690346542835,0
0,0.0891321848855763,0
0,0.28828209543459754,0
0,0.006804110457874529,0
0,0.04022085724144561,0
0,0.535853174859725,1
0,0.7879751878080458,1
0,0.28329830434512693,0
0,0.0928632959309616,0
0,0.08909877377575878,0
0,0.7201545892183729,1
0,0.060066970432989204,0
0,0.1801151398803617,0
0,0.12973385661502287,0
0,0.14105649427533462,0
0,0.0405613746530932,0
0,0.07537986153002231,0
0,0.12849725280400068,0
0,0.28131143131695063,0
0,0.15857931816883036,0
0,0.07620782948149675,0
0,0.009986571065230418,0
0,0.6804433623400413,1
0,0.03982217698752849,0
0,0.03038707493061546,0
0,0.12426338691541712,0
0,0.0964918606302359,0
0,0.26750432957804815,0
0,0.008102617883617916,0
0,0.061183053751023404,0
0,0.03478915519847173,0
0,0.7384438855399704,1
0,0.013842294754863873,0
0,0.115063569925009,0
0,0.034122118199241526,0
0,0.8605772048119609,1
0,0.8298059676397814,1
0,0.16649122700698224,0
0,0.014594398007232527,0
0,0.0015379498855262368,0
0,0.5908087152867465,1
0,0.909939978255713,1
0,0.15704104425826512,0
0,0.06169493857129673,0
0,0.6256059531986151,1
0,0.10624863992169752,0
0,0.9039647410909027,1
0,0.037053139672506626,0
0,0.8192224070348924,1
0,0.3813337785949846,0
0,0.3865023616900014,0
0,0.11000881310601224,0
0,0.025022508727005344,0
0,0.736068945285093,1
0,0.8426010980273964,1
0,0.03152120965106862,0
0,0.0733610133519234,0
0,0.9003975516816962,1
0,0.34081487299559043,0
0,0.11088008677827571,0
0,0.3756125857695405,0
0,0.034501556068606394,0
0,0.789139755106728,1
0,0.1516163685873953,0
0,0.11810938020475106,0
0,0.117390979762612,0
0,0.04500550859134503,0
0,0.531675252921545,1
0,0.1007158972255661,0
0,0.055717246602763254,0
0,0.021874398677464164,0
0,0.03584311895221976,0
0,0.6017092652694439,1
0,0.307410078320416,0
0,0.23847759465860766,0
0,0.016097713496906925,0
0,0.021177432337221976,0
0,0.012241683014918552,0
0,0.11290779091744432,0
0,0.5743422135999181,1
0,0.07134756939663421,0
0,0.2854958199957322,0
0,0.6131451519505119,1
0,0.3151348259866045,0
0,0.10524571953914595,0
0,0.3515161908057508,0
0,0.2372503044950778,0
0,0.024896122328695935,0
0,0.03464328341164005,0
0,0.9540333034249944,1
0,0.16937172707863643,0
0,0.5256318469009107,1
0,0.32017284423015063,0
0,0.36896730504548464,0
0,0.03428028173986731,0
0,0.008903321760771528,0
0,0.035752907520295134,0
0,0.5584088028860817,1
0,0.0899085135097794,0
0,0.1015643404351149,0
0,0.24185673469651697,0
0,0.8379824808964512,1
0,0.22297414878043414,0
0,0.043827979692516596,0
0,0.2902640233928792,0
0,0.01756168030735669,0
0,0.17926653705551596,0
0,0.23475745314912227,0
0,0.6312456122490047,1
0,0.1862352752406915,0
0,0.012191503217083698,0
0,0.3171078581715656,0
0,0.016102151180791408,0
0,0.1332603618447369,0
0,0.03161493804394602,0
0,0.0038265804901972244,0
0,0.19036151388349062,0
0,0.5332963238288463,1
0,0.74232568794252,1
0,0.16930274769846856,0
0,0.189272233898892,0
0,0.18191143754103375,0
0,0.1452132444969491,0
0,0.20644192820818646,0
0,0.28963669296286426,0
0,0.02234212234877963,0
0,0.04775598439703365,0
0,0.642531334284228,1
0,0.15504255380878873,0
0,0.15425161880721316,0
0,0.07207587795269323,0
0,0.26127069771703565,0
0,0.3413195866307334,0
0,0.03392443692208593,0
0,0.09894682870619204,0
0,0.024655881505275517,0
0,0.48955486128130565,0
0,0.12640468015081638,0
0,0.11655718310005128,0
0,0.011830528056569744,0
0,0.741739578343418,1
0,0.8137677678865519,1
0,0.3215416158781101,0
0,0.30671288105756483,0
0,0.03661410346099634,0
0,0.055846677356411925,0
0,0.06724257304760466,0
0,0.0008077118153082113,0
0,0.12815899478697745,0
0,0.05202437722622285,0
0,0.3211763077795673,0
0,0.1599831415871056,0
0,0.5223216572139717,1
0,0.18825255407778116,0
0,0.25877713508217126,0
0,0.25946329647508654,0
0,0.10918217300111022,0
0,0.941940894316814,1
0,0.2340356920150918,0
0,0.03770815227690682,0
0,0.045771448033062524,0
0,0.12249953813974994,0
0,0.27456665984876494,0
0,0.045834713716920404,0
0,0.024581635796761855,0
0,0.06615539460201718,0
0,0.08371065322613697,0
0,0.43098336694676453,0
0,0.1495205791572476,0
0,0.09301209718583553,0
0,0.3948376807075605,0
0,0.02460453067118455,0
0,0.18817479720423588,0
0,0.31738795286555305,0
0,0.14595868620018998,0
0,0.19784596651384043,0
0,0.10926594169378723,0
0,0.028328412465904618,0
0,0.09709393902113242,0
0,0.5497377600339219,1
0,0.7359834676236667,1
0,0.21404229578789738,0
0,0.1097576612628539,0
0,0.04779815204309804,0
0,0.019181129912688655,0
0,0.007276822115531881,0
0,0.01760723469378851,0
0,0.11205648491618084,0
0,0.007754513657285299,0
0,0.8926436736089252,1
0,0.34154902616268895,0
0,0.46522072345450616,0
0,0.4703174934385862,0
0,0.4412581751596763,0
0,0.3854307147070531,0
0,0.12125083358850819,0
0,0.2335216295938197,0
0,0.14894350753007168,0
0,0.043490024777165064,0
0,0.047813834085477444,0
0,0.08700884650688473,0
0,0.15103857127225226,0
0,0.13024216532208818,0
0,0.0872370477149142,0
0,0.07617206118633234,0
0,0.20194650388831883,0
0,0.14443738485419744,0
0,0.18927980908267683,0
0,0.1165490335214185,0
0,0.03076492672039251,0
0,0.09824094323362406,0
0,0.006399435152253579,0
0,0.25651092581820495,0
0,0.16310900639810033,0
0,0.13007114690085425,0
0,0.2775762312198104,0
0,0.23992616090607374,0
0,0.018711887528811564,0
0,0.569890505511847,1
0,0.25951575963665807,0
0,0.0836272089904851,0
0,0.02262828135237949,0
0,0.04281014898014019,0
0,0.016698065277608067,0
0,0.10750929285826462,0
0,0.12289261546578599,0
0,0.7269566678046225,1
0,0.30101601641671355,0
0,0.25280440970319085,0
0,0.030167890918223812,0
0,0.04256062886535432,0
0,0.032966140663800686,0
0,0.14472141003398478,0
0,0.35678211441434105,0
0,0.05042830696072025,0
0,0.043826087218310585,0
0,0.020115770716760004,0
0,0.1569715388247825,0
0,0.2510053529867225,0
0,0.03458073588908382,0
0,0.5028772311138002,0
0,0.39110521545751153,0
0,0.06306772254015024,0
0,0.6595788375082456,1
0,0.19526322765752774,0
0,0.08186005486399114,0
0,0.049653624222778435,0
0,0.2750165697284295,0
0,0.385992989398453,0
0,0.10108012096902905,0
0,0.2335733968029728,0
0,0.2547996540005982,0
0,0.009853398745809379,0
0,0.12418469348583572,0
0,0.36580325514217016,0
0,0.2913243536944819,0
0,0.008771095183094137,0
0,0.0801382126268603,0
0,0.025459323849273206,0
0,0.0359720131775793,0
0,0.1569705398961439,0
0,0.10766763496183168,0
0,0.3260545448847296,0
0,0.12301307161640186,0
0,0.14579093692476136,0
0,0.03940547497406446,0
0,0.459145645645359,0
0,0.7097566450703535,1
0,0.27849777387906904,0
0,0.1347500564122703,0
0,0.18493021793605174,0
0,0.19766169122270286,0
0,0.060367370437700026,0
0,0.5810892573839984,1
0,0.024639199320678557,0
0,0.14169863217973444,0
0,0.0006453600093897035,0
0,0.02337371895265482,0
0,0.54292623055613,1
0,0.025734729812659674,0
0,0.062153851889301705,0
0,0.08767468578318412,0
0,0.4771276598650119,0
0,0.6672283587372155,1
0,0.26872948405293434,0
0,0.020689618864658456,0
0,0.4598053252990311,0
0,0.06599223093190565,0
0,0.13555376544137113,0
0,0.028964331671236195,0
0,0.2781683478171004,0
0,0.045015106455035224,0
0,0.6424639624335223,1
0,0.14149289792999284,0
0,0.027976339784180175,0
0,0.017853476353271797,0
0,0.04456774100738287,0
0,0.31425136895159567,0
0,0.04685918386643775,0
0,0.021889371342174713,0
0,0.15266637360898214,0
0,0.6327118370608877,1
0,0.2000268761628894,0
0,0.1957504317463889,0
0,0.21549797360203887,0
0,0.6992815689591316,1
0,0.011058017819886044,0
0,0.0383986426707233,0
0,0.018750116321495962,0
0,0.12268005180989934,0
0,0.01659919449317764,0
0,0.26472159114314314,0
0,0.1115698671683387,0
0,0.08726609249301188,0
0,0.08158975959718083,0
0,0.00540261425857048,0
0,0.23010113025164952,0
0,0.03200139724754905,0
0,0.3383526157336931,0
0,0.16035520201852096,0
0,0.02834471646368021,0
0,0.6999300881740705,1
0,0.04841835251920436,0
0,0.23433092432333785,0
0,0.02454254775703394,0
0,0.19550694925278755,0
0,0.060001237490271093,0
0,0.057058271207493697,0
0,0.04633371660032801,0
0,0.2394340511516361,0
0,0.028481135282656146,0
0,0.010581178231923102,0
0,0.03937869696177344,0
0,0.015049561570392278,0
0,0.49571189497435547,0
0,0.10019837222537697,0
0,0.056929004032489454,0
0,0.05361250420239195,0
0,0.8974433280918644,1
0,0.20656720180510374,0
0,0.06055807841153072,0
0,0.05602014349184515,0
0,0.32373951087487585,0
0,0.2673378876033422,0
0,0.5960765182912425,1
0,0.1128523144652678,0
0,0.07301172096732648,0
0,0.03276259566849362,0
0,0.0751253118516204,0
0,0.11711734056833255,0
0,0.07488087699607458,0
0,0.1079963207479475,0
0,0.9692255749202454,1
0,0.44087131387390627,0
0,0.0003940037985778469,0
0,0.032716590103785054,0
0,0.40221232108260735,0
0,0.7170993487531048,1
0,0.06838833960347918,0
0,0.8982577333327793,1
0,0.05578284289851756,0
0,0.5101182379124918,0
0,0.04950511277978626,0
0,0.16308688225499895,0
0,0.06861638880113112,0
0,0.11327747231875641,0
0,0.29202768659259865,0
0,0.38958470067027934,0
0,0.09578945215590691,0
0,0.506431126509258,0
0,0.37557407198013903,0
0,0.34529804577005435,0
0,0.5807236275032545,1
0,0.3885174127377767,0
0,0.14177772762478172,0
0,0.04888169503593861,0
0,0.01407174088971903,0
0,0.18651611006635316,0
0,0.5356267245090537,1
0,0.24208669807960811,0
0,0.09256753705292699,0
0,0.08538712092787329,0
0,0.32614178395663346,0
0,0.18921579208387995,0
0,0.07957595862938702,0
0,0.07486033712241007,0
0,0.08562233248509261,0
0,0.4708977296439004,0
0,0.008631492344008986,0
0,0.5337221007904682,1
0,0.06589504662518243,0
0,0.01667324079504954,0
0,0.005388768707171909,0
0,0.01782013067695532,0
0,0.27403384214064724,0
0,0.35905604018323617,0
0,0.03336448484907772,0
0,0.09656264087690974,0
0,0.04367948745814549,0
0,0.03893190487474286,0
0,0.09346399656013041,0
0,0.08499573354421362,0
0,0.3565546806353661,0
0,0.43135313494374716,0
0,0.07678812467829133,0
0,0.04341696318611854,0
0,0.09687755459573871,0
0,0.028865859691514464,0
0,0.01732246480481698,0
0,0.16016039947191715,0
0,0.1484112003208556,0
0,0.8912185608526224,1
0,0.14448905361794595,0
0,0.19303639439098638,0
0,0.027734791869668773,0
0,0.025150520144440136,0
0,0.36812731623711037,0
0,0.0811009536120773,0
0,0.3427053353304812,0
0,0.6087419777519616,1
0,0.19440636615963738,0
0,0.05091708935878186,0
0,0.029704400425247898,0
0,0.330429503003632,0
0,0.17172916021312004,0
0,0.020989363432533176,0
0,0.20693346347504243,0
0,0.04393621480752492,0
0,0.3044810578064837,0
0,0.044651068916585615,0
0,0.09265458015503097,0
0,0.16976459388534848,0
0,0.6375239485586794,1
0,0.18340827144866784,0
0,0.17286451760811075,0
0,0.039124260893179504,0
0,0.010493251605893426,0
0,0.02735310777560933,0
0,0.037204355428639375,0
0,0.672923922473404,1
0,0.11610668596797488,0
0,0.008620592004710157,0
0,0.237110839605193,0
0,0.04483920885052555,0
0,0.11769203323202822,0
0,0.06795908535284255,0
0,0.006116484186006396,0
0,0.6706093526621523,1
0,0.09436749582566258,0
0,0.07840670841611586,0
0,0.49439744144680275,0
0,0.031211954815609833,0
0,0.00597475169673581,0
0,0.08909648537065068,0
0,0.04207132323586051,0
0,0.5683643191057828,1
0,0.786078016685264,1
0,0.0027348131165554944,0
0,0.02968463602240257,0
0,0.37816580702564156,0
0,0.34521622068703584,0
0,0.7450735821348806,1
0,0.12831384698978657,0
0,0.1219547698051769,0
0,0.016225275039804893,0
0,0.2880050256348066,0
0,0.07266819958572064,0
0,0.5766024663288782,1
0,0.06035530452516659,0
0,0.07751811567547814,0
0,0.5602437194721632,1
0,0.2954974630561867,0
0,0.2378041414098582,0
0,0.061869288404282845,0
0,0.035666558840145565,0
0,0.03471260439803065,0
0,0.2858218971265554,0
0,0.0459395419505846,0
0,0.2117951199115997,0
0,0.14188293090055865,0
0,0.34264642123378664,0
0,0.15006150171543203,0
0,0.9337479216096558,1
0,0.10924056406899595,0
0,0.5055264404979554,0
0,0.33286303654929006,0
0,0.6143303088503996,1
0,0.17041380704681172,0
0,0.09531602358686879,0
0,0.014626874636808,0
0,0.09388179511109077,0
0,0.40787792401313994,0
0,0.28657778031187126,0
0,0.05099149060296253,0
0,0.27049873033232225,0
0,0.03130020837549277,0
0,0.21414270570757651,0
0,0.04005926169795564,0
0,0.1558683840834479,0
0,0.039446006223890495,0
0,0.26316467765475726,0
0,0.03533774813756553,0
0,0.10113214287220751,0
0,0.34018216286883884,0
0,0.007474579509754754,0
0,0.1186843725061508,0
0,0.507012618527645,0
0,0.11677079226714794,0
0,0.7396775906745181,1
0,0.07529834526044159,0
0,0.06792665812786212,0
0,0.2378688653824551,0
0,0.032078390911248617,0
0,0.8890871869055664,1
0,0.36651490082875054,0
0,0.40368941287620513,0
0,0.16042711728031198,0
0,0.3161874225163584,0
0,0.008782593745847367,0
0,0.0859681869499928,0
0,0.25914645533748704,0
0,0.7164674527492582,1
0,0.15317466427759402,0
0,0.8485702485810701,1
0,0.06156749296990271,0
0,0.012373339315613968,0
0,0.01878214730601219,0
0,0.09674384853072543,0
0,0.17781569129363245,0
0,0.2603709517377734,0
0,0.024403205660995138,0
0,0.14760458179631752,0
0,0.14663342278730948,0
0,0.02128700237191269,0
0,0.051281780507134195,0
0,0.5828925508022397,1
0,0.06109127955136197,0
0,0.07311453080707447,0
0,0.01500609292276724,0
0,0.24215953724887923,0
0,0.44584001855087924,0
0,0.3442781835676678,0
0,0.15870600062333953,0
0,0.34456551233870203,0
0,0.3330909397269593,0
0,0.03812272895875129,0
0,0.03254501317348159,0
0,0.4714043965316249,0
0,0.00782127979365557,0
0,0.19373025439638977,0
0,0.05649602897005817,0
0,0.013512613135553738,0
0,0.03732781689187221,0
0,0.33248400679837387,0
0,0.01594923655087668,0
0,0.06614058974849296,0
0,0.4019159422663411,0
0,0.28898199384495665,0
0,0.07309057993115645,0
0,0.30154478882581454,0
0,0.2136819044099105,0
0,0.1917470238559981,0
0,0.018540492788662898,0
0,0.29027616537392753,0
0,0.13077949858673546,0
0,0.6531225961073812,1
0,0.0033924673356844205,0
0,0.11746947126801503,0
0,0.08697771670482156,0
0,0.20365771526487106,0
0,0.8704244296621111,1
0,0.31854190812753047,0
0,0.13424044988912154,0
0,0.6400763134454502,1
0,0.03354393179419295,0
0,0.3357671127533109,0
0,0.5432131910427498,1
0,0.1645531920285228,0
0,0.013628853585259544,0
0,0.43551932574265767,0
0,0.012551998326769159,0
0,0.11600367321321227,0
0,0.2738508785439325,0
0,0.676847883220956,1
0,0.05748997184752526,0
0,0.8129873836249855,1
0,0.24340398541516153,0
0,0.06939987822039993,0
0,0.040125768947258826,0
0,0.20774610757296322,0
0,0.021949960271712223,0
0,0.019671470375742458,0
0,0.05446603396967776,0
0,0.03902464718449095,0
0,0.22757495055730326,0
0,0.29279731507854495,0
0,0.04383410035495321,0
0,0.46436481350144143,0
0,0.21868113004143938,0
0,0.06890083181572308,0
0,0.009945405938683836,0
0,0.04647193101997456,0
0,0.023113404971157034,0
0,0.2098752709406021,0
0,0.08151635979881178,0
0,0.10793244939192312,0
0,0.1379743390433058,0
0,0.5395001560894409,1
0,0.28291914291555526,0
0,0.28253753526188385,0
0,0.3287797950666032,0
0,0.1391006384697387,0
0,0.03231591382845468,0
0,0.339509143489444,0
0,0.03960767941317536,0
0,0.02764886638295359,0
0,0.09639753126860459,0
0,0.061733370710497955,0
0,0.4163319221116441,0
0,0.1958581130936437,0
0,0.5999202705729081,1
0,0.1653176483809107,0
0,0.7399915981007885,1
0,0.14536629210446123,0
0,0.24141969796632717,0
0,0.2248878793902476,0
0,0.04801981245714529,0
0,0.36094939681428845,0
0,0.014047145468149135,0
0,0.13542963886140932,0
0,0.05037718282161177,0
0,0.3632008145428857,0
0,0.06620513683015472,0
0,0.12228388850573363,0
0,0.11020310076117427,0
0,0.03433599977657363,0
0,0.2356868152511484,0
0,0.047426498030524004,0
0,0.01936525364430113,0
0,0.1130866855885471,0
0,0.5015842631785631,0
0,0.8134065401094679,1
0,0.4345377958290882,0
0,0.060933853771240075,0
0,0.5913913171284482,1
0,0.1946754168914022,0
0,0.15400334678993777,0
0,0.05252831841962472,0
0,0.01213717055249134,0
0,0.5340219267390246,1
0,0.022831369120374752,0
0,0.07881198122599092,0
0,0.13754238757336146,0
0,0.1393950926713194,0
0,0.10192866702261162,0
0,0.04257922419609988,0
0,0.6095484900651682,1
0,0.2440622351582264,0
0,0.10902754270978987,0
0,0.031045766199106924,0
0,0.4435475445330566,0
0,0.12883211212730983,0
0,0.27172773491722024,0
0,0.020271654987669453,0
0,0.09366745324844164,0
0,0.10960595274526914,0
0,0.5403936252937042,1
0,0.06199648127194629,0
0,0.0323848954192697,0
0,0.05592949241626772,0
0,0.023945870724281268,0
0,0.09703857871947018,0
0,0.20944567832434877,0
0,0.23126784074119908,0
0,0.10375705187833292,0
0,0.2972452219330087,0
0,0.8489473109694571,1
0,0.3130711299483651,0
0,0.5833590896123045,1
0,0.021203779437304324,0
0,0.4688862135289732,0
0,0.007389368104012407,0
0,0.8576032434412592,1
0,0.030552010321384642,0
0,0.1504055245864074,0
0,0.36690648484304206,0
0,0.20682068901002032,0
0,0.2057374886570485,0
0,0.5645328860701206,1
0,0.8763017146494989,1
0,0.0719764008083447,0
0,0.3286165861028342,0
0,0.10853103790308685,0
0,0.07602727806500208,0
0,0.24663196279072622,0
0,0.13984871877947938,0
0,0.03329246766938544,0
0,0.07450731127760223,0
0,0.02500069257907534,0
0,0.18370851317847015,0
0,0.019373670665565824,0
0,0.18731819010540293,0
0,0.016955240174914836,0
0,0.3477950932515291,0
0,0.41633730831102955,0
0,0.09871097327814363,0
0,0.17118528664033572,0
0,0.524415374115013,1
0,0.0762468599690696,0
0,0.20281308031023618,0
0,0.6540469475630373,1
0,0.108655341525666,0
0,0.05917788921566937,0
0,0.12919028822009657,0
0,0.7665113923703237,1
0,0.21784805310051206,0
0,0.6347632003213629,1
0,0.03905114340944862,0
0,0.6404617505578148,1
0,0.11723369149912641,0
0,0.03301849925542145,0
0,0.15260683299620106,0
0,0.4763164624422482,0
0,0.012974133252240484,0
0,0.06889748102054519,0
0,0.2866127897523564,0
0,0.8104759231682886,1
0,0.512711793851751,1
0,0.09979609329759224,0
0,0.07688814103121976,0
0,0.08804324867103314,0
0,0.019552324096006792,0
0,0.06618410100991313,0
0,0.2541782945584883,0
0,0.08442304351873564,0
0,0.1040754998569009,0
0,0.14341626665104457,0
0,0.05810990479981551,0
0,0.6309783049835175,1
0,0.2961308707434952,0
0,0.08533389075493046,0
0,0.039196508378129484,0
0,0.025799929820487413,0
0,0.018526061960494413,0
0,0.04485979964087454,0
0,0.45315547280582885,0
0,0.11981982687010789,0
0,0.40389833933328473,0
0,0.06754821407999005,0
0,0.04518611962986499,0
0,0.10437688609098075,0
0,0.21386590305235206,0
0,0.08299227299959966,0
0,0.8107709146470768,1
0,0.0256590562521686,0
0,0.06797905643469179,0
0,0.016891557771775256,0
0,0.046014903448603484,0
0,0.06943539403542441,0
0,0.8710269782609964,1
0,0.17239661368845344,0
0,0.09758672254815537,0
0,0.04938979012644321,0
0,0.050316407718913846,0
0,0.06941750134309646,0
0,0.0051986817908482265,0
0,0.26881273966003844,0
0,0.20893071541128425,0
0,0.2441698483087453,0
0,0.10566101325624548,0
0,0.5021565700730789,0
0,0.2762265348279668,0
0,0.0702321573598638,0
0,0.3381104226280727,0
0,0.11511632627626447,0
0,0.568186586687241,1
0,0.3481803431377023,0
0,0.5098122455348663,0
0,0.0920601207300712,0
0,0.03146683680972469,0
0,0.009469999517894864,0
0,0.010341361232494638,0
0,0.40644525367385,0
0,0.04758448651746415,0
0,0.7725054357296155,1
0,0.4797788217952505,0
0,0.12137575212431119,0
0,0.5207892558099786,1
0,0.20305250036609762,0
0,0.041092607250798566,0
0,0.3754217786413322,0
0,0.3599149882977398,0
0,0.024934994593514434,0
0,0.95706428381763,1
0,0.1013026399896327,0
0,0.008124467586253598,0
0,0.005204913329157812,0
0,0.2331142254209814,0
0,0.14795331341284282,0
0,0.030516707172256286,0
0,0.023381331332496213,0
0,0.05031748253758153,0
0,0.053342535632290126,0
0,0.22869909548126405,0
0,0.040493131268143724,0
0,0.04244476757768846,0
0,0.08110477968174355,0
0,0.03850643969249404,0
0,0.043509023974716905,0
0,0.14091378158583337,0
0,0.07004120222824793,0
0,0.19829452376359774,0
0,0.07489643819618141,0
0,0.11815578132289664,0
0,0.05165888551384234,0
0,0.34168806807086194,0
0,0.36378883993360156,0
0,0.16714946589951266,0
0,0.14612738288828067,0
0,0.19877250924060064,0
0,0.07828635430405971,0
0,0.1434095302228169,0
0,0.2962477500651796,0
0,0.4963957756194235,0
0,0.009877029388715264,0
0,0.9186693905657455,1
0,0.7470930769215905,1
0,0.4733181654649267,0
0,0.3342397879820494,0
0,0.3650601281322707,0
0,0.27111006155260353,0
0,0.01591576237811552,0
0,0.029752727603631,0
0,0.15295982081648626,0
0,0.06710930147064482,0
0,0.0846552052607836,0
0,0.030966975634550028,0
0,0.08225111664790853,0
0,0.003081904863823156,0
0,0.06572885121762019,0
0,0.2626153307808393,0
0,0.09877054703049251,0
0,0.014958658640822563,0
0,0.027096289509212945,0
0,0.9378848023974612,1
0,0.06933849597397632,0
0,0.11388007671502601,0
0,0.06686173111309163,0
0,0.013002567096959046,0
0,0.2421184118990329,0
0,0.29299160435975147,0
0,0.536756717614293,1
0,0.007466595979659783,0
0,0.0285336398538566,0
0,0.11265959801274096,0
0,0.06252437674040787,0
0,0.21335497801691544,0
0,0.0018704410831038025,0
0,0.3682397919865508,0
0,0.24145211412779422,0
0,0.06421974940284819,0
0,0.04539456045400404,0
0,0.36513209013775233,0
0,0.03026645008469308,0
0,0.1432600035978253,0
0,0.11829445111069542,0
0,0.01298128268988739,0
0,0.25611452023722164,0
0,0.07947948858649623,0
0,0.06132242933795895,0
0,0.03484221846134748,0
0,0.0702068766066997,0
0,0.03646848613192685,0
0,0.11581918154755796,0
0,0.9718108069106123,1
0,0.020366019443341845,0
0,0.39121084081764035,0
0,0.1323486049727064,0
0,0.004209641340277874,0
0,0.02021551588614783,0
0,0.17813543822253394,0
0,0.001320150728942356,0
0,0.031355930257814975,0
0,0.03218357641107324,0
0,0.11940179940568955,0
0,0.0594088065967752,0
0,0.03855986882652456,0
0,0.22326073390226625,0
0,0.15958254472899927,0
0,0.21866324165668685,0
0,0.18868062137353026,0
0,0.029118731439424023,0
0,0.03754492890837261,0
0,0.2953796825394145,0
0,0.7675819091776681,1
0,0.437379717293369,0
0,0.2371024944551415,0
0,0.017127621040205442,0
0,0.49858868451000377,0
0,0.07354896800013588,0
0,0.3751020537052233,0
0,0.024356908630894562,0
0,0.1794679982857173,0
0,0.035615325892948024,0
0,0.507714001523767,0
0,0.022403479197992914,0
0,0.9268774523362044,1
0,0.04853804661237479,0
0,0.71507565972092,1
0,0.15909173701005108,0
0,0.313263235151277,0
0,0.13883963583018488,0
0,0.1371595134601125,0
0,0.11928056720148099,0
0,0.7021627049759537,1
0,0.04691238326655666,0
0,0.031733971646249505,0
0,0.2492434715795455,0
0,0.04151747243381759,0
0,0.041180049314276615,0
0,0.2142253414384805,0
0,0.11924390507893508,0
0,0.08102195516698991,0
0,0.10684953999062176,0
0,0.17834645509510513,0
0,0.09944069338444851,0
0,0.01995638535107651,0
0,0.1969986896859782,0
0,0.08989096053503971,0
0,0.43996702889829814,0
0,0.02143107771619204,0
0,0.058912891667096436,0
0,0.10742031834624775,0
0,0.20404235463254344,0
0,0.452826246345408,0
0,0.045622450420005976,0
0,0.1883896680613232,0
0,0.2814891402509483,0
0,0.567527140002744,1
0,0.17071291449714948,0
0,0.5669507196804878,1
0,0.07589287185086743,0
0,0.04172203534795862,0
0,0.058552104920421545,0
0,0.16429784598625854,0
0,0.15099373438270564,0
0,0.24176173043793533,0
0,0.35673592433064905,0
0,0.052033913332283535,0
0,0.1843261420845102,0
0,0.03907905004296188,0
0,0.6799347342229873,1
0,0.14891863129682853,0
0,0.06858918935704585,0
0,0.2482257984471876,0
0,0.029924087462221576,0
0,0.5392163093689141,1
0,0.22671666908722501,0
0,0.013206251242761322,0
0,0.38412544532122284,0
0,0.3291460115639288,0
0,0.4909988004346379,0
0,0.04784366195141029,0
0,0.10525607866715982,0
0,0.16575905940818247,0
0,0.1279483415456232,0
0,0.5620972579044938,1
0,0.9016072865726004,1
0,0.0031539930449544866,0
0,0.8989769282040528,1
0,0.51307955441663,1
0,0.1213705130342172,0
0,0.4126999950686647,0
0,0.29749130849845457,0
0,0.5125132543019335,1
0,0.5401221215935973,1
0,0.7749287398251392,1
0,0.011532372400389495,0
0,0.6337932189289943,1
0,0.6461432961103725,1
0,0.015190805021485272,0
0,0.02089558052681103,0
0,0.30035059651158996,0
0,0.031931474425971586,0
0,0.36747673601900066,0
0,0.2139038423364893,0
0,0.008604854154163713,0
0,0.3866336884758974,0
0,0.014335077286244486,0
0,0.034591200351216336,0
0,0.15643056630761246,0
0,0.01927227780357406,0
0,0.19724547184775992,0
0,0.9553909118500685,1
0,0.17720757212113764,0
0,0.32864091514370347,0
0,0.1265300500249243,0
0,0.16336195540081044,0
0,0.2778151438832211,0
0,0.6929033057340072,1
0,0.5065501376711014,0
0,0.4046987830366008,0
0,0.29680048478909743,0
0,0.3992455170651659,0
0,0.5359065320780988,1
0,0.3732717715633386,0
0,0.40738953523592797,0
0,0.2084265893704542,0
0,0.2449068858337321,0
0,0.02026148035550241,0
0,0.021169937026618034,0
0,0.20128658158340296,0
0,0.1324408756057713,0
0,0.11411344135897437,0
0,0.14291037627102587,0
0,0.8156669886180556,1
0,0.06356832927710993,0
0,0.1951599836447247,0
0,0.04552779265040685,0
0,0.22003509136956673,0
0,0.23337888667751283,0
0,0.28748259473816085,0
0,0.19761793654686535,0
0,0.08147780969463403,0
0,0.9693714827929996,1
0,0.9636309229838459,1
0,0.2951145353334387,0
0,0.05374216544725587,0
0,0.11833136707145073,0
0,0.014244816202784403,0
0,0.8893094408187371,1
0,0.2150357395797798,0
0,0.2965345616919976,0
0,0.06920039789703582,0
0,0.37636212341865816,0
0,0.16654109551790897,0
0,0.020874209689133887,0
0,0.2092674052027266,0
0,0.07193146317036511,0
0,0.020573780286030696,0
0,0.032101518904962933,0
0,0.06153580379621991,0
0,0.019761487635550547,0
0,0.2509313182885211,0
0,0.281947501522709,0
0,0.1477072825569714,0
0,0.3031084882535944,0
0,0.3966302872942808,0
0,0.10979896863821809,0
0,0.737693005913012,1
0,0.13173702248973723,0
0,0.04552328333968354,0
0,0.9321350648693562,1
0,0.18529574980749408,0
0,0.009671522089148798,0
0,0.01419395984025412,0
0,0.4030742017010458,0
0,0.16035371241527155,0
0,0.06713212003895778,0
0,0.026809039798037886,0
0,0.37350172369717644,0
0,0.18940654202997134,0
0,0.4248252797352029,0
0,0.09052504832690429,0
0,0.07675936492773244,0
0,0.33491083215781153,0
0,0.04098705701348393,0
0,0.25967135127782354,0
0,0.36205552781915307,0
0,0.30204387935402144,0
0,0.13135773822697905,0
0,0.04163998305039461,0
0,0.4051495654007644,0
0,0.005045204377692389,0
0,0.4689759631036762,0
0,0.5372046741633725,1
0,0.19033534075600353,0
0,0.6465641818941581,1
0,0.3451948680165329,0
0,0.0935701412941062,0
0,0.044184460655277306,0
0,0.5118890339926437,1
0,0.49721964668714635,0
0,0.01957189646026237,0
0,0.06446176025758081,0
0,0.07223242553061401,0
0,0.24526701926912023,0
0,0.22253844670249015,0
0,0.6609381372897449,1
0,0.003336325447040209,0
0,0.046251255126845255,0
0,0.03655103183573724,0
0,0.04258483210073901,0
0,0.9795827829673716,1
0,0.07264367947113813,0
0,0.09517365486746754,0
0,0.13868192640324092,0
0,0.22553778404510738,0
0,0.10399400347416492,0
0,0.12557737596638197,0
0,0.03887652353483134,0
0,0.37025459040019126,0
0,0.010082727804850805,0
0,0.0065175646825651875,0
0,0.17651663321840427,0
0,0.005087715908845774,0
0,0.013917706102081949,0
0,0.10035983217161631,0
0,0.07625936143273745,0
0,0.018966969970261448,0
0,0.08523239442298465,0
0,0.10443021110625038,0
0,0.0032356990174811063,0
0,0.28008171736616677,0
0,0.1331451813726703,0
0,0.025323470154894865,0
0,0.0957797606190681,0
0,0.061136391988228435,0
0,0.00934569353768658,0
0,0.8750791343889622,1
0,0.08646528185272942,0
0,0.061393416355704104,0
0,0.1300562117956815,0
0,0.6332909907297286,1
0,0.43967646438660646,0
0,0.19035529142429844,0
0,0.0014129666373058137,0
0,0.1759957068369162,0
0,0.3220111347725744,0
0,0.1455665770067032,0
0,0.360218909619702,0
0,0.11776472232431799,0
0,0.07176895332791895,0
0,0.10981973367074543,0
0,0.30833390808255356,0
0,0.009703318959213352,0
0,0.30223027041522377,0
0,0.04226690270023309,0
0,0.2738665579843943,0
0,0.02552944591927676,0
0,0.20137483580513485,0
0,0.26354693354898595,0
0,0.08230752805765311,0
0,0.37435214220273777,0
0,0.31041242278779807,0
0,0.0900076192650384,0
0,0.39038526725917283,0
0,0.802557855499781,1
0,0.20144515589644663,0
0,0.17799455888235208,0
0,0.024655080227324766,0
0,0.03822967505435051,0
0,0.015891513195191973,0
0,0.08757566201266219,0
0,0.4507390194684783,0
0,0.5151838505314756,1
0,0.046175252474707065,0
0,0.09350049241733505,0
0,0.09237420713048859,0
0,0.0796992148441888,0
0,0.3806721903404604,0
0,0.009431675653186405,0
0,0.006472571934418326,0
0,0.022757111494960923,0
0,0.6015627246366458,1
0,0.14347596269362814,0
0,0.05589435237847295,0
0,0.10240816914900475,0
0,0.007789873221236339,0
0,0.018890626215444697,0
0,0.15834363580592298,0
0,0.2816921777826282,0
0,0.06581262985831769,0
0,0.10313469229565478,0
0,0.11953695121981898,0
0,0.05848564517502093,0
0,0.1759071411007965,0
0,0.15796448322088438,0
0,0.08219391274496006,0
0,0.07937407950051617,0
0,0.04406209713625691,0
0,0.1589876647792979,0
0,0.0770607060456561,0
0,0.1042792964157511,0
0,0.04976091031440374,0
0,0.9761758813346951,1
0,0.005063530991425069,0
0,0.9814040151689118,1
0,0.23139773805028718,0
0,0.22170761128708266,0
0,0.07558668867065071,0
0,0.04583285416587319,0
0,0.04249453015050182,0
0,0.05384985960040433,0
0,0.05158505722048562,0
0,0.044954405826259494,0
0,0.09726851376673797,0
0,0.04649282974596614,0
0,0.6254460013364858,1
0,0.5182649440884611,1
0,0.3079317838678105,0
0,0.010544307520040793,0
0,0.07249607168969126,0
0,0.01844410429374033,0
0,0.1549314606287912,0
0,0.34497499506401785,0
0,0.10354395834970763,0
0,0.0216357535467065,0
0,0.03367794323961787,0
0,0.5415720261618281,1
0,0.4108033044119215,0
0,0.7996435458120672,1
0,0.017374384299137274,0
0,0.09675423402283748,0
0,0.027435224692837667,0
0,0.41795229749213136,0
0,0.16238646175667112,0
0,0.029485474430225055,0
0,0.18056557404734166,0
0,0.007226235558604066,0
0,0.08111759433116189,0
0,0.6755860154337032,1
0,0.02931768486654057,0
0,0.06307949629215895,0
0,0.35874457562967127,0
0,0.015821858440699006,0
0,0.5379081261307501,1
0,0.2168532301987696,0
0,0.19196433854888223,0
0,0.17255045054684143,0
0,0.09330789622643505,0
0,0.06889216439606374,0
0,0.01982308395427257,0
0,0.16147763720663724,0
0,0.03245328457233571,0
0,0.024353136490462838,0
0,0.02052680004031729,0
0,0.5593702251742027,1
0,0.0665885861239437,0
0,0.031918181144964135,0
0,0.015591205153353006,0
0,0.02725427818416295,0
0,0.06642501011248256,0
0,0.10794365520802576,0
0,0.04360501065476495,0
0,0.22456842743642777,0
0,0.039874843808210034,0
0,0.259861143712365,0
0,0.89926365396951,1
0,0.06181354524260203,0
0,0.47044403664804485,0
0,0.29996803363230523,0
0,0.36749762042614026,0
0,0.032408845861570786,0
0,0.3228003345239079,0
0,0.7475594288411528,1
0,0.023983050047440745,0
0,0.024098944091664146,0
0,0.019813397536550443,0
0,0.028202701591735498,0
0,0.10775121032889438,0
0,0.9170916370965734,1
0,0.5274780280932422,1
0,0.2452662840886981,0
0,0.28946227591128804,0
0,0.06317592903017455,0
0,0.8305809235768378,1
0,0.03442263430210757,0
0,0.4721023862846051,0
0,0.011073290487462709,0
0,0.05606253435530236,0
0,0.021220039195226983,0
0,0.5065769203931852,0
0,0.2021040186843224,0
0,0.05297983421758216,0
0,0.0422259339692011,0
0,0.10455931200104444,0
0,0.013797555114791938,0
0,0.050133423499623096,0
0,0.3590684307804797,0
0,0.33864739131200766,0
0,0.01719666323448799,0
